# BEGIN PLOT
Rebin=2
DrawOnly=//homes/n597m389/Formfactor/ffac-plots/H-N2-N3-4-25gev-mixed.yoda/MC_H2JETS_04_INC/log10_R_4 //homes/n597m389/Formfactor/ffac-plots/H-N2-N3-4-25gev-mixed-ffac.yoda/MC_H2JETS_04_INC/log10_R_4
Title=$\log_{10}$(Integrated $4$ jet rate in $k_\perp$ [GeV])
RatioPlotReference=//homes/n597m389/Formfactor/ffac-plots/H-N2-N3-4-25gev-mixed.yoda/MC_H2JETS_04_INC/log10_R_4
RightMargin=0.5
RatioPlot=1
LogY=1
RatioPlotYMax=2.5
RatioPlotYLabel=Ratio
LegendOnly=//homes/n597m389/Formfactor/ffac-plots/H-N2-N3-4-25gev-mixed.yoda/MC_H2JETS_04_INC/log10_R_4 //homes/n597m389/Formfactor/ffac-plots/H-N2-N3-4-25gev-mixed-ffac.yoda/MC_H2JETS_04_INC/log10_R_4
XLabel=$\log_{10}(d_{\text{cut}}/\text{GeV})$
LegendAlign=r
XMax=3.0
YLabel=$R_{\geq4}$
Legend=1
RatioPlotYMin=0.0
# END PLOT


# BEGIN SPECIAL /MC_H2JETS_04_INC/log10_R_4
\rput[tl](0.05,0.75){\parbox{5cm}{\textcolor{gray}{{\bf Herwig 7.2.3} \\ VBFNLO 3.0.0}}}
# END SPECIAL

# BEGIN HISTO1D //homes/n597m389/Formfactor/ffac-plots/H-N2-N3-4-25gev-mixed.yoda/MC_H2JETS_04_INC/log10_R_4
ErrorBars=1
LineColor=red
LineStyle=solid
Path=//homes/n597m389/Formfactor/ffac-plots/H-N2-N3-4-25gev-mixed.yoda/MC_H2JETS_04_INC/log10_R_4
Title=h(2*,3*,4)
XLabel=~
YLabel=~
# xlow	 xhigh	 val	 errminus	 errplus
2.000000e-01	2.722582e-01	1.377978e+00	0.000000e+00	0.000000e+00
2.722583e-01	3.445165e-01	1.375383e+00	0.000000e+00	0.000000e+00
3.445166e-01	4.167748e-01	1.370022e+00	0.000000e+00	0.000000e+00
4.167748e-01	4.890330e-01	1.359887e+00	0.000000e+00	0.000000e+00
4.890331e-01	5.612913e-01	1.342094e+00	0.000000e+00	0.000000e+00
5.612914e-01	6.335496e-01	1.313911e+00	0.000000e+00	0.000000e+00
6.335496e-01	7.058078e-01	1.273781e+00	0.000000e+00	0.000000e+00
7.058079e-01	7.780661e-01	1.220067e+00	0.000000e+00	0.000000e+00
7.780662e-01	8.503244e-01	1.153651e+00	0.000000e+00	0.000000e+00
8.503244e-01	9.225826e-01	1.074346e+00	0.000000e+00	0.000000e+00
9.225827e-01	9.948409e-01	9.860346e-01	0.000000e+00	0.000000e+00
9.948409e-01	1.067099e+00	8.907121e-01	0.000000e+00	0.000000e+00
1.067099e+00	1.139357e+00	7.902756e-01	0.000000e+00	0.000000e+00
1.139358e+00	1.211616e+00	6.879661e-01	0.000000e+00	0.000000e+00
1.211616e+00	1.283874e+00	5.868606e-01	0.000000e+00	0.000000e+00
1.283874e+00	1.356132e+00	4.864568e-01	0.000000e+00	0.000000e+00
1.356132e+00	1.428390e+00	3.933591e-01	0.000000e+00	0.000000e+00
1.428391e+00	1.500649e+00	3.072912e-01	0.000000e+00	0.000000e+00
1.500649e+00	1.572907e+00	2.326226e-01	0.000000e+00	0.000000e+00
1.572907e+00	1.645165e+00	1.719932e-01	0.000000e+00	0.000000e+00
1.645165e+00	1.717423e+00	1.203162e-01	0.000000e+00	0.000000e+00
1.717424e+00	1.789682e+00	7.992480e-02	0.000000e+00	0.000000e+00
1.789682e+00	1.861940e+00	5.185573e-02	0.000000e+00	0.000000e+00
1.861940e+00	1.934198e+00	3.205671e-02	0.000000e+00	0.000000e+00
1.934199e+00	2.006457e+00	1.863053e-02	0.000000e+00	0.000000e+00
2.006457e+00	2.078715e+00	1.070693e-02	0.000000e+00	0.000000e+00
2.078715e+00	2.150973e+00	5.382574e-03	0.000000e+00	0.000000e+00
2.150973e+00	2.223231e+00	2.613815e-03	0.000000e+00	0.000000e+00
2.223232e+00	2.295490e+00	1.305549e-03	0.000000e+00	0.000000e+00
2.295490e+00	2.367748e+00	5.348288e-04	0.000000e+00	0.000000e+00
2.367748e+00	2.440006e+00	2.485421e-04	0.000000e+00	0.000000e+00
2.440006e+00	2.512264e+00	1.157499e-04	0.000000e+00	0.000000e+00
2.512265e+00	2.584523e+00	4.954451e-05	0.000000e+00	0.000000e+00
2.584523e+00	2.656781e+00	2.309461e-05	0.000000e+00	0.000000e+00
2.656781e+00	2.729039e+00	1.895011e-05	0.000000e+00	0.000000e+00
2.729039e+00	2.801297e+00	1.522116e-05	0.000000e+00	0.000000e+00
2.801298e+00	2.873556e+00	-1.420278e-07	0.000000e+00	0.000000e+00
2.873556e+00	2.945814e+00	2.365209e-08	0.000000e+00	0.000000e+00
2.945814e+00	3.018072e+00	-1.996812e-09	0.000000e+00	0.000000e+00
3.018073e+00	3.090331e+00	-4.851900e-09	0.000000e+00	0.000000e+00
3.090331e+00	3.162589e+00	3.542673e-12	0.000000e+00	0.000000e+00
3.162589e+00	3.234847e+00	-1.116403e-12	0.000000e+00	0.000000e+00
3.234847e+00	3.307105e+00	9.440045e-14	0.000000e+00	0.000000e+00
3.307106e+00	3.379364e+00	5.754329e-16	0.000000e+00	0.000000e+00
3.379364e+00	3.451622e+00	0.000000e+00	0.000000e+00	0.000000e+00
3.451622e+00	3.523880e+00	0.000000e+00	0.000000e+00	0.000000e+00
3.523880e+00	3.596138e+00	0.000000e+00	0.000000e+00	0.000000e+00
3.596139e+00	3.668397e+00	0.000000e+00	0.000000e+00	0.000000e+00
3.668397e+00	3.740655e+00	0.000000e+00	0.000000e+00	0.000000e+00
3.740655e+00	3.812913e+00	0.000000e+00	0.000000e+00	0.000000e+00
# END HISTO1D


# BEGIN HISTO1D //homes/n597m389/Formfactor/ffac-plots/H-N2-N3-4-25gev-mixed-ffac.yoda/MC_H2JETS_04_INC/log10_R_4
ErrorBars=1
LineColor=blue
LineStyle=solid
Path=//homes/n597m389/Formfactor/ffac-plots/H-N2-N3-4-25gev-mixed-ffac.yoda/MC_H2JETS_04_INC/log10_R_4
Title=h(2*,3*,4)-ffac
XLabel=~
YLabel=~
# xlow	 xhigh	 val	 errminus	 errplus
2.000000e-01	2.722582e-01	1.645160e-01	0.000000e+00	0.000000e+00
2.722583e-01	3.445165e-01	1.637309e-01	0.000000e+00	0.000000e+00
3.445166e-01	4.167748e-01	1.622539e-01	0.000000e+00	0.000000e+00
4.167748e-01	4.890330e-01	1.597397e-01	0.000000e+00	0.000000e+00
4.890331e-01	5.612913e-01	1.557285e-01	0.000000e+00	0.000000e+00
5.612914e-01	6.335496e-01	1.501950e-01	0.000000e+00	0.000000e+00
6.335496e-01	7.058078e-01	1.433931e-01	0.000000e+00	0.000000e+00
7.058079e-01	7.780661e-01	1.356927e-01	0.000000e+00	0.000000e+00
7.780662e-01	8.503244e-01	1.276930e-01	0.000000e+00	0.000000e+00
8.503244e-01	9.225826e-01	1.204634e-01	0.000000e+00	0.000000e+00
9.225827e-01	9.948409e-01	1.143436e-01	0.000000e+00	0.000000e+00
9.948409e-01	1.067099e+00	1.113768e-01	0.000000e+00	0.000000e+00
1.067099e+00	1.139357e+00	1.119499e-01	0.000000e+00	0.000000e+00
1.139358e+00	1.211616e+00	1.159629e-01	0.000000e+00	0.000000e+00
1.211616e+00	1.283874e+00	1.181622e-01	0.000000e+00	0.000000e+00
1.283874e+00	1.356132e+00	1.191148e-01	0.000000e+00	0.000000e+00
1.356132e+00	1.428390e+00	1.166594e-01	0.000000e+00	0.000000e+00
1.428391e+00	1.500649e+00	1.101225e-01	0.000000e+00	0.000000e+00
1.500649e+00	1.572907e+00	9.807802e-02	0.000000e+00	0.000000e+00
1.572907e+00	1.645165e+00	8.335332e-02	0.000000e+00	0.000000e+00
1.645165e+00	1.717423e+00	6.994047e-02	0.000000e+00	0.000000e+00
1.717424e+00	1.789682e+00	5.267839e-02	0.000000e+00	0.000000e+00
1.789682e+00	1.861940e+00	3.871552e-02	0.000000e+00	0.000000e+00
1.861940e+00	1.934198e+00	2.557708e-02	0.000000e+00	0.000000e+00
1.934199e+00	2.006457e+00	1.623545e-02	0.000000e+00	0.000000e+00
2.006457e+00	2.078715e+00	9.502896e-03	0.000000e+00	0.000000e+00
2.078715e+00	2.150973e+00	5.331471e-03	0.000000e+00	0.000000e+00
2.150973e+00	2.223231e+00	2.760920e-03	0.000000e+00	0.000000e+00
2.223232e+00	2.295490e+00	1.616937e-03	0.000000e+00	0.000000e+00
2.295490e+00	2.367748e+00	6.704182e-04	0.000000e+00	0.000000e+00
2.367748e+00	2.440006e+00	2.548813e-04	0.000000e+00	0.000000e+00
2.440006e+00	2.512264e+00	1.074486e-04	0.000000e+00	0.000000e+00
2.512265e+00	2.584523e+00	2.182302e-05	0.000000e+00	0.000000e+00
2.584523e+00	2.656781e+00	1.580546e-05	0.000000e+00	0.000000e+00
2.656781e+00	2.729039e+00	5.142014e-06	0.000000e+00	0.000000e+00
2.729039e+00	2.801297e+00	1.798278e-06	0.000000e+00	0.000000e+00
2.801298e+00	2.873556e+00	2.646018e-07	0.000000e+00	0.000000e+00
2.873556e+00	2.945814e+00	7.538659e-08	0.000000e+00	0.000000e+00
2.945814e+00	3.018072e+00	1.601552e-08	0.000000e+00	0.000000e+00
3.018073e+00	3.090331e+00	8.123885e-11	0.000000e+00	0.000000e+00
3.090331e+00	3.162589e+00	-4.656727e-13	0.000000e+00	0.000000e+00
3.162589e+00	3.234847e+00	-8.696857e-13	0.000000e+00	0.000000e+00
3.234847e+00	3.307105e+00	-2.966962e-15	0.000000e+00	0.000000e+00
3.307106e+00	3.379364e+00	2.021126e-17	0.000000e+00	0.000000e+00
3.379364e+00	3.451622e+00	-1.538948e-28	0.000000e+00	0.000000e+00
3.451622e+00	3.523880e+00	0.000000e+00	0.000000e+00	0.000000e+00
3.523880e+00	3.596138e+00	0.000000e+00	0.000000e+00	0.000000e+00
3.596139e+00	3.668397e+00	0.000000e+00	0.000000e+00	0.000000e+00
3.668397e+00	3.740655e+00	0.000000e+00	0.000000e+00	0.000000e+00
3.740655e+00	3.812913e+00	0.000000e+00	0.000000e+00	0.000000e+00
# END HISTO1D

