# BEGIN PLOT
LegendOnly=//homes/tinghua1/higgs-anomalous/Herwig7/gcc11_install_test/plots/H-N2-N3-4-25gev-odd-combine.yoda/MC_H2JETS_04_TIGHT/HT_all //homes/tinghua1/higgs-anomalous/Herwig7/gcc11_install_test/plots/H2Jets-NLOPS-odd-combine.yoda/MC_H2JETS_04_TIGHT/HT_all //homes/tinghua1/higgs-anomalous/Herwig7/gcc11_install_test/plots/H2Jets-NLO-odd-combine.yoda/MC_H2JETS_04_TIGHT/HT_all
DrawOnly=//homes/tinghua1/higgs-anomalous/Herwig7/gcc11_install_test/plots/H-N2-N3-4-25gev-odd-combine.yoda/MC_H2JETS_04_TIGHT/HT_all //homes/tinghua1/higgs-anomalous/Herwig7/gcc11_install_test/plots/H2Jets-NLOPS-odd-combine.yoda/MC_H2JETS_04_TIGHT/HT_all //homes/tinghua1/higgs-anomalous/Herwig7/gcc11_install_test/plots/H2Jets-NLO-odd-combine.yoda/MC_H2JETS_04_TIGHT/HT_all
RightMargin=0.5
RatioPlotReference=//homes/tinghua1/higgs-anomalous/Herwig7/gcc11_install_test/plots/H-N2-N3-4-25gev-odd-combine.yoda/MC_H2JETS_04_TIGHT/HT_all
RatioPlot=1
LogY=1
RatioPlotYMax=1.2
RatioPlotYLabel=Ratio
XLabel=$H_{T}(\text{all})$ (GeV)
LegendAlign=r
XMax=500.0
YLabel=$ \text{d} \sigma/ \text{d}  H_{T}(\text{all})$ (pb/GeV)
Legend=1
RatioPlotYMin=0.9
# END PLOT


# BEGIN SPECIAL /MC_H2JETS_04_TIGHT/HT_all
\rput[tl](0.05,0.75){\parbox{5cm}{\textcolor{gray}{{\bf Herwig 7.2.3} \\ VBFNLO 3.0.0}}}
# END SPECIAL

# BEGIN HISTO1D //homes/tinghua1/higgs-anomalous/Herwig7/gcc11_install_test/plots/H-N2-N3-4-25gev-odd-combine.yoda/MC_H2JETS_04_TIGHT/HT_all
ErrorBandColor=red
ErrorBandOpacity=0.3
ErrorBands=1
ErrorBars=1
ErrorType=env
LineColor=red
LineStyle=solid
Path=//homes/tinghua1/higgs-anomalous/Herwig7/gcc11_install_test/plots/H-N2-N3-4-25gev-odd-combine.yoda/MC_H2JETS_04_TIGHT/HT_all
RatioPlotSameStyle=1
Title=h(2*,3*,4)
# xlow	 xhigh	 val	 errminus	 errplus
0.000000e+00	4.000000e+01	0.000000e+00	0.000000e+00	0.000000e+00
4.000000e+01	8.000000e+01	4.010873e-08	0.000000e+00	2.122225e-09
8.000000e+01	1.200000e+02	1.662222e-06	0.000000e+00	7.078400e-08
1.200000e+02	1.600000e+02	1.082975e-05	0.000000e+00	3.984275e-07
1.600000e+02	2.000000e+02	3.295970e-05	0.000000e+00	6.915500e-07
2.000000e+02	2.400000e+02	6.745030e-05	0.000000e+00	1.349125e-06
2.400000e+02	2.800000e+02	1.067643e-04	0.000000e+00	1.099125e-06
2.800000e+02	3.200000e+02	1.371187e-04	0.000000e+00	1.431475e-06
3.200000e+02	3.600000e+02	1.534279e-04	0.000000e+00	1.830800e-06
3.600000e+02	4.000000e+02	1.558285e-04	0.000000e+00	9.055500e-07
4.000000e+02	4.400000e+02	1.510859e-04	4.536750e-07	5.446750e-07
4.400000e+02	4.800000e+02	1.384565e-04	6.225000e-08	1.218300e-06
4.800000e+02	5.200000e+02	1.237278e-04	0.000000e+00	2.884350e-06
5.200000e+02	5.600000e+02	1.090473e-04	0.000000e+00	2.282350e-06
5.600000e+02	6.000000e+02	9.645210e-05	0.000000e+00	4.847500e-08
6.000000e+02	6.400000e+02	8.319122e-05	0.000000e+00	1.651650e-06
6.400000e+02	6.800000e+02	7.133472e-05	5.163250e-07	9.699750e-07
6.800000e+02	7.200000e+02	6.034112e-05	0.000000e+00	1.268775e-06
7.200000e+02	7.600000e+02	5.268727e-05	2.024250e-06	2.452200e-06
7.600000e+02	8.000000e+02	4.504940e-05	1.988325e-06	0.000000e+00
8.000000e+02	8.400000e+02	3.790795e-05	9.890750e-07	0.000000e+00
8.400000e+02	8.800000e+02	3.179818e-05	0.000000e+00	1.216750e-06
8.800000e+02	9.200000e+02	2.717970e-05	0.000000e+00	2.973500e-07
9.200000e+02	9.600000e+02	2.289878e-05	0.000000e+00	9.535900e-07
9.600000e+02	1.000000e+03	1.859261e-05	0.000000e+00	4.262657e-06
1.000000e+03	1.040000e+03	1.637156e-05	0.000000e+00	1.458347e-06
1.040000e+03	1.080000e+03	1.443381e-05	0.000000e+00	6.425325e-07
1.080000e+03	1.120000e+03	1.212884e-05	8.428825e-07	7.985525e-07
1.120000e+03	1.160000e+03	1.067629e-05	8.782925e-07	0.000000e+00
1.160000e+03	1.200000e+03	8.529942e-06	0.000000e+00	7.272050e-07
1.200000e+03	1.240000e+03	7.491813e-06	4.805000e-08	2.908975e-07
1.240000e+03	1.280000e+03	6.545473e-06	3.208225e-07	5.216750e-07
1.280000e+03	1.320000e+03	5.370292e-06	4.916175e-07	5.148225e-07
1.320000e+03	1.360000e+03	4.770687e-06	0.000000e+00	1.161583e-06
1.360000e+03	1.400000e+03	4.009240e-06	5.623950e-07	0.000000e+00
1.400000e+03	1.440000e+03	3.455367e-06	2.237775e-07	0.000000e+00
1.440000e+03	1.480000e+03	3.258123e-06	1.139950e-07	2.565250e-08
1.480000e+03	1.520000e+03	2.604295e-06	2.083668e-07	2.339100e-07
1.520000e+03	1.560000e+03	2.810235e-06	3.018800e-07	0.000000e+00
1.560000e+03	1.600000e+03	1.768772e-06	3.570800e-07	2.362532e-07
1.600000e+03	1.640000e+03	1.601602e-06	0.000000e+00	1.643120e-07
1.640000e+03	1.680000e+03	2.832695e-06	1.159858e-06	0.000000e+00
1.680000e+03	1.720000e+03	1.343584e-06	0.000000e+00	2.439105e-07
1.720000e+03	1.760000e+03	1.122472e-06	0.000000e+00	2.458870e-07
1.760000e+03	1.800000e+03	1.068435e-06	0.000000e+00	3.495625e-08
1.800000e+03	1.840000e+03	8.522327e-07	1.141250e-06	0.000000e+00
1.840000e+03	1.880000e+03	6.771457e-07	0.000000e+00	2.385788e-07
1.880000e+03	1.920000e+03	6.170073e-07	2.460908e-07	6.138500e-08
1.920000e+03	1.960000e+03	5.538745e-07	3.172750e-08	1.271955e-07
1.960000e+03	2.000000e+03	4.653923e-07	1.980475e-08	7.285125e-08
2.000000e+03	2.040000e+03	4.637400e-07	6.267850e-08	1.499175e-08
2.040000e+03	2.080000e+03	4.642132e-07	4.198850e-08	0.000000e+00
2.080000e+03	2.120000e+03	3.701748e-07	1.237361e-07	1.480750e-09
2.120000e+03	2.160000e+03	3.127597e-07	1.225700e-08	3.447928e-07
2.160000e+03	2.200000e+03	2.673213e-07	0.000000e+00	5.408350e-08
2.200000e+03	2.240000e+03	2.823337e-07	1.048069e-07	9.678200e-08
2.240000e+03	2.280000e+03	5.017670e-08	1.836112e-08	1.673651e-07
2.280000e+03	2.320000e+03	1.482843e-07	0.000000e+00	8.755410e-08
2.320000e+03	2.360000e+03	2.506292e-07	5.785372e-08	0.000000e+00
2.360000e+03	2.400000e+03	1.429784e-07	3.687475e-09	4.318195e-08
2.400000e+03	2.440000e+03	1.229187e-07	1.688329e-07	2.142887e-08
2.440000e+03	2.480000e+03	1.012200e-07	0.000000e+00	4.304140e-07
2.480000e+03	2.520000e+03	1.051974e-07	2.722225e-08	0.000000e+00
2.520000e+03	2.560000e+03	1.205705e-07	3.864537e-08	1.600700e-08
2.560000e+03	2.600000e+03	4.650935e-08	0.000000e+00	5.318655e-08
2.600000e+03	2.640000e+03	7.860870e-08	0.000000e+00	1.838750e-08
2.640000e+03	2.680000e+03	7.257903e-08	1.622975e-09	2.198217e-07
2.680000e+03	2.720000e+03	5.875930e-08	2.123796e-07	1.853385e-08
2.720000e+03	2.760000e+03	5.581328e-08	8.970575e-08	1.230060e-08
2.760000e+03	2.800000e+03	5.980900e-08	3.863202e-08	2.858190e-08
2.800000e+03	2.840000e+03	4.552112e-08	1.571928e-08	0.000000e+00
2.840000e+03	2.880000e+03	1.239054e-08	0.000000e+00	2.874863e-08
2.880000e+03	2.920000e+03	4.762880e-08	5.430400e-09	0.000000e+00
2.920000e+03	2.960000e+03	3.143192e-08	0.000000e+00	5.510825e-08
2.960000e+03	3.000000e+03	2.903707e-08	2.091250e-09	2.159100e-08
3.000000e+03	3.040000e+03	2.072759e-08	0.000000e+00	2.056351e-08
3.040000e+03	3.080000e+03	1.696405e-08	1.813125e-09	0.000000e+00
3.080000e+03	3.120000e+03	2.587680e-08	9.874062e-09	0.000000e+00
3.120000e+03	3.160000e+03	1.343014e-08	0.000000e+00	2.672719e-08
3.160000e+03	3.200000e+03	2.018219e-08	0.000000e+00	1.381586e-08
3.200000e+03	3.240000e+03	2.135747e-08	1.536043e-08	0.000000e+00
3.240000e+03	3.280000e+03	1.415139e-08	1.367350e-08	8.585645e-09
3.280000e+03	3.320000e+03	1.030189e-08	3.448520e-09	0.000000e+00
3.320000e+03	3.360000e+03	1.064896e-08	9.889146e-09	3.158970e-09
3.360000e+03	3.400000e+03	9.589173e-09	0.000000e+00	3.438257e-09
3.400000e+03	3.440000e+03	5.724255e-09	2.923845e-08	7.419573e-09
3.440000e+03	3.480000e+03	1.016877e-08	1.306143e-08	7.724100e-10
3.480000e+03	3.520000e+03	6.199638e-09	3.697168e-09	0.000000e+00
3.520000e+03	3.560000e+03	6.124017e-09	0.000000e+00	3.489300e-09
3.560000e+03	3.600000e+03	5.180470e-09	0.000000e+00	3.891570e-09
3.600000e+03	3.640000e+03	5.195965e-09	6.574500e-11	9.039800e-10
3.640000e+03	3.680000e+03	1.861913e-09	0.000000e+00	5.543452e-09
3.680000e+03	3.720000e+03	4.257810e-09	0.000000e+00	3.992522e-09
3.720000e+03	3.760000e+03	4.522700e-09	0.000000e+00	9.621425e-10
3.760000e+03	3.800000e+03	3.708775e-09	3.808900e-10	2.595500e-09
3.800000e+03	3.840000e+03	6.803372e-09	1.111117e-08	0.000000e+00
3.840000e+03	3.880000e+03	2.460273e-09	0.000000e+00	2.121659e-09
3.880000e+03	3.920000e+03	2.291426e-09	0.000000e+00	4.997190e-10
3.920000e+03	3.960000e+03	2.142112e-09	5.445027e-09	2.475983e-09
3.960000e+03	4.000000e+03	2.252346e-09	0.000000e+00	1.254094e-09
4.000000e+03	4.040000e+03	1.470221e-09	1.169623e-10	1.324332e-09
4.040000e+03	4.080000e+03	2.542747e-09	6.021998e-09	0.000000e+00
4.080000e+03	4.120000e+03	2.287691e-09	9.569390e-10	0.000000e+00
4.120000e+03	4.160000e+03	2.602363e-09	9.050397e-10	0.000000e+00
4.160000e+03	4.200000e+03	2.671985e-09	1.952755e-09	0.000000e+00
4.200000e+03	4.240000e+03	9.625970e-10	2.206950e-10	5.279750e-10
4.240000e+03	4.280000e+03	8.908090e-10	9.048351e-10	9.511435e-10
4.280000e+03	4.320000e+03	-2.232179e-10	0.000000e+00	2.064596e-09
4.320000e+03	4.360000e+03	1.669874e-09	0.000000e+00	2.169927e-10
4.360000e+03	4.400000e+03	8.578460e-10	0.000000e+00	9.198430e-10
4.400000e+03	4.440000e+03	6.260732e-10	1.161491e-09	6.212573e-10
4.440000e+03	4.480000e+03	8.381290e-10	1.378467e-10	6.680660e-10
4.480000e+03	4.520000e+03	3.050740e-10	0.000000e+00	3.502097e-10
4.520000e+03	4.560000e+03	1.234299e-09	3.102243e-09	0.000000e+00
4.560000e+03	4.600000e+03	8.601198e-11	0.000000e+00	1.065376e-09
4.600000e+03	4.640000e+03	8.737248e-10	2.472332e-10	1.478366e-09
4.640000e+03	4.680000e+03	5.063730e-10	5.325329e-10	2.656562e-10
4.680000e+03	4.720000e+03	8.548107e-10	6.777057e-10	0.000000e+00
4.720000e+03	4.760000e+03	7.470488e-11	0.000000e+00	2.775294e-10
4.760000e+03	4.800000e+03	-3.529293e-10	0.000000e+00	7.754495e-10
4.800000e+03	4.840000e+03	8.884800e-10	7.629727e-10	0.000000e+00
4.840000e+03	4.880000e+03	2.330746e-10	0.000000e+00	2.029919e-10
4.880000e+03	4.920000e+03	1.691444e-10	0.000000e+00	1.179763e-09
4.920000e+03	4.960000e+03	2.297591e-10	0.000000e+00	1.026622e-10
4.960000e+03	5.000000e+03	2.234091e-10	0.000000e+00	2.248021e-09
5.000000e+03	5.040000e+03	2.267732e-10	0.000000e+00	1.662328e-10
5.040000e+03	5.080000e+03	1.441256e-10	0.000000e+00	4.158285e-10
5.080000e+03	5.120000e+03	3.592753e-10	1.601516e-10	2.414930e-10
5.120000e+03	5.160000e+03	7.702500e-10	1.135491e-09	0.000000e+00
5.160000e+03	5.200000e+03	2.068464e-10	4.512678e-10	0.000000e+00
5.200000e+03	5.240000e+03	1.010733e-10	4.174950e-12	1.208805e-11
5.240000e+03	5.280000e+03	1.275823e-11	0.000000e+00	2.338130e-10
5.280000e+03	5.320000e+03	6.712180e-11	0.000000e+00	1.466057e-10
5.320000e+03	5.360000e+03	1.693531e-10	6.192050e-12	1.360451e-10
5.360000e+03	5.400000e+03	1.220634e-10	9.243225e-12	1.535918e-11
5.400000e+03	5.440000e+03	4.291827e-11	7.446935e-11	6.660075e-11
5.440000e+03	5.480000e+03	3.601665e-11	5.658786e-11	8.538300e-11
5.480000e+03	5.520000e+03	3.331925e-11	2.049101e-11	2.062705e-10
5.520000e+03	5.560000e+03	8.176668e-11	1.632610e-11	3.890685e-11
5.560000e+03	5.600000e+03	7.115160e-11	2.935300e-11	4.177850e-11
5.600000e+03	5.640000e+03	7.402608e-11	5.975731e-11	0.000000e+00
5.640000e+03	5.680000e+03	4.271048e-11	1.667030e-11	1.846230e-11
5.680000e+03	5.720000e+03	2.287125e-10	2.207307e-10	0.000000e+00
5.720000e+03	5.760000e+03	-1.013572e-11	0.000000e+00	6.694464e-11
5.760000e+03	5.800000e+03	3.180360e-11	0.000000e+00	2.406617e-10
5.800000e+03	5.840000e+03	-3.017510e-11	0.000000e+00	7.310965e-11
5.840000e+03	5.880000e+03	1.787178e-11	1.066396e-11	3.196819e-11
5.880000e+03	5.920000e+03	2.413963e-11	1.927500e-14	1.059437e-11
5.920000e+03	5.960000e+03	3.337955e-11	4.353600e-12	8.051617e-11
5.960000e+03	6.000000e+03	1.076579e-11	3.384600e-13	5.431816e-11
# END HISTO1D


# BEGIN HISTO1D //homes/tinghua1/higgs-anomalous/Herwig7/gcc11_install_test/plots/H2Jets-NLOPS-odd-combine.yoda/MC_H2JETS_04_TIGHT/HT_all
ErrorBandColor=green
ErrorBandOpacity=0.3
ErrorBands=1
ErrorBars=1
ErrorType=env
LineColor=green
LineStyle=solid
Path=//homes/tinghua1/higgs-anomalous/Herwig7/gcc11_install_test/plots/H2Jets-NLOPS-odd-combine.yoda/MC_H2JETS_04_TIGHT/HT_all
RatioPlotSameStyle=1
Title=h(2*) $\oplus$ PS
# xlow	 xhigh	 val	 errminus	 errplus
0.000000e+00	4.000000e+01	0.000000e+00	0.000000e+00	0.000000e+00
4.000000e+01	8.000000e+01	3.973805e-08	0.000000e+00	1.866125e-09
8.000000e+01	1.200000e+02	1.678889e-06	0.000000e+00	7.702425e-08
1.200000e+02	1.600000e+02	1.090267e-05	0.000000e+00	3.309375e-07
1.600000e+02	2.000000e+02	3.308025e-05	0.000000e+00	5.618250e-07
2.000000e+02	2.400000e+02	6.751638e-05	0.000000e+00	8.706500e-07
2.400000e+02	2.800000e+02	1.063250e-04	0.000000e+00	1.175300e-06
2.800000e+02	3.200000e+02	1.368149e-04	0.000000e+00	1.349775e-06
3.200000e+02	3.600000e+02	1.520732e-04	0.000000e+00	1.257750e-06
3.600000e+02	4.000000e+02	1.543422e-04	0.000000e+00	1.292850e-06
4.000000e+02	4.400000e+02	1.479943e-04	0.000000e+00	1.245075e-06
4.400000e+02	4.800000e+02	1.367457e-04	0.000000e+00	8.935500e-07
4.800000e+02	5.200000e+02	1.227279e-04	0.000000e+00	1.097925e-06
5.200000e+02	5.600000e+02	1.085358e-04	0.000000e+00	8.541750e-07
5.600000e+02	6.000000e+02	9.452663e-05	0.000000e+00	1.253325e-06
6.000000e+02	6.400000e+02	8.185165e-05	0.000000e+00	6.838000e-07
6.400000e+02	6.800000e+02	7.028040e-05	0.000000e+00	8.965250e-07
6.800000e+02	7.200000e+02	6.011627e-05	0.000000e+00	7.738500e-07
7.200000e+02	7.600000e+02	5.144672e-05	1.500000e-10	4.119500e-07
7.600000e+02	8.000000e+02	4.363625e-05	0.000000e+00	7.316000e-07
8.000000e+02	8.400000e+02	3.712460e-05	0.000000e+00	5.445500e-07
8.400000e+02	8.800000e+02	3.160867e-05	0.000000e+00	4.920750e-07
8.800000e+02	9.200000e+02	2.684533e-05	0.000000e+00	4.870500e-07
9.200000e+02	9.600000e+02	2.284731e-05	0.000000e+00	4.176450e-07
9.600000e+02	1.000000e+03	1.947494e-05	0.000000e+00	3.393375e-07
1.000000e+03	1.040000e+03	1.652327e-05	0.000000e+00	3.321300e-07
1.040000e+03	1.080000e+03	1.408962e-05	0.000000e+00	3.066025e-07
1.080000e+03	1.120000e+03	1.207215e-05	0.000000e+00	1.904000e-07
1.120000e+03	1.160000e+03	1.028873e-05	0.000000e+00	2.339225e-07
1.160000e+03	1.200000e+03	8.807885e-06	0.000000e+00	1.552075e-07
1.200000e+03	1.240000e+03	7.505067e-06	0.000000e+00	1.979875e-07
1.240000e+03	1.280000e+03	6.476043e-06	0.000000e+00	1.059775e-07
1.280000e+03	1.320000e+03	5.516355e-06	0.000000e+00	1.662525e-07
1.320000e+03	1.360000e+03	4.811393e-06	0.000000e+00	1.195150e-07
1.360000e+03	1.400000e+03	4.126790e-06	0.000000e+00	1.379550e-07
1.400000e+03	1.440000e+03	3.491240e-06	0.000000e+00	1.425775e-07
1.440000e+03	1.480000e+03	3.111950e-06	0.000000e+00	5.923000e-08
1.480000e+03	1.520000e+03	2.636685e-06	0.000000e+00	9.129500e-08
1.520000e+03	1.560000e+03	2.302692e-06	0.000000e+00	7.105500e-08
1.560000e+03	1.600000e+03	1.991982e-06	0.000000e+00	9.004800e-08
1.600000e+03	1.640000e+03	1.778212e-06	1.006175e-08	4.682000e-09
1.640000e+03	1.680000e+03	1.518112e-06	0.000000e+00	2.731025e-08
1.680000e+03	1.720000e+03	1.334189e-06	0.000000e+00	2.168775e-08
1.720000e+03	1.760000e+03	1.176329e-06	0.000000e+00	3.618250e-08
1.760000e+03	1.800000e+03	9.864547e-07	0.000000e+00	5.719975e-08
1.800000e+03	1.840000e+03	8.851817e-07	0.000000e+00	4.119050e-08
1.840000e+03	1.880000e+03	7.747297e-07	0.000000e+00	2.275600e-08
1.880000e+03	1.920000e+03	6.784165e-07	0.000000e+00	2.669325e-08
1.920000e+03	1.960000e+03	5.945218e-07	0.000000e+00	4.202525e-08
1.960000e+03	2.000000e+03	5.539683e-07	7.072750e-09	2.330975e-08
2.000000e+03	2.040000e+03	4.647075e-07	0.000000e+00	2.003525e-08
2.040000e+03	2.080000e+03	4.147972e-07	0.000000e+00	9.717750e-09
2.080000e+03	2.120000e+03	3.639925e-07	0.000000e+00	1.039050e-08
2.120000e+03	2.160000e+03	3.140493e-07	0.000000e+00	3.684575e-08
2.160000e+03	2.200000e+03	2.850280e-07	0.000000e+00	1.169125e-08
2.200000e+03	2.240000e+03	2.518573e-07	0.000000e+00	1.473100e-08
2.240000e+03	2.280000e+03	2.022406e-07	0.000000e+00	3.176365e-08
2.280000e+03	2.320000e+03	2.017437e-07	0.000000e+00	1.315525e-08
2.320000e+03	2.360000e+03	1.780837e-07	0.000000e+00	8.491000e-09
2.360000e+03	2.400000e+03	1.613550e-07	0.000000e+00	1.283210e-08
2.400000e+03	2.440000e+03	1.425002e-07	0.000000e+00	6.864800e-09
2.440000e+03	2.480000e+03	1.274932e-07	0.000000e+00	5.367450e-09
2.480000e+03	2.520000e+03	1.152857e-07	0.000000e+00	5.294500e-09
2.520000e+03	2.560000e+03	1.003462e-07	0.000000e+00	8.551175e-09
2.560000e+03	2.600000e+03	9.085203e-08	0.000000e+00	6.945475e-09
2.600000e+03	2.640000e+03	8.237235e-08	0.000000e+00	9.820750e-09
2.640000e+03	2.680000e+03	7.434938e-08	1.110925e-09	6.768850e-09
2.680000e+03	2.720000e+03	6.392933e-08	0.000000e+00	4.151675e-09
2.720000e+03	2.760000e+03	5.877055e-08	0.000000e+00	6.980300e-09
2.760000e+03	2.800000e+03	5.416590e-08	0.000000e+00	4.537600e-09
2.800000e+03	2.840000e+03	4.675255e-08	0.000000e+00	3.615550e-09
2.840000e+03	2.880000e+03	4.283530e-08	0.000000e+00	7.624500e-10
2.880000e+03	2.920000e+03	4.090035e-08	1.529500e-10	3.320500e-10
2.920000e+03	2.960000e+03	3.413133e-08	0.000000e+00	3.512075e-09
2.960000e+03	3.000000e+03	3.290560e-08	3.885000e-11	8.684000e-10
3.000000e+03	3.040000e+03	2.929520e-08	1.289250e-10	1.963725e-09
3.040000e+03	3.080000e+03	2.614605e-08	2.370280e-09	8.522500e-11
3.080000e+03	3.120000e+03	2.348760e-08	0.000000e+00	9.299800e-10
3.120000e+03	3.160000e+03	2.124495e-08	0.000000e+00	3.211978e-09
3.160000e+03	3.200000e+03	1.808933e-08	0.000000e+00	1.195122e-09
3.200000e+03	3.240000e+03	1.669683e-08	0.000000e+00	1.472482e-09
3.240000e+03	3.280000e+03	1.563650e-08	0.000000e+00	7.700875e-10
3.280000e+03	3.320000e+03	1.476549e-08	8.978900e-10	0.000000e+00
3.320000e+03	3.360000e+03	1.208855e-08	0.000000e+00	7.997150e-10
3.360000e+03	3.400000e+03	1.112627e-08	0.000000e+00	8.938800e-10
3.400000e+03	3.440000e+03	9.674920e-09	0.000000e+00	1.473508e-09
3.440000e+03	3.480000e+03	9.443572e-09	5.226500e-11	3.561175e-10
3.480000e+03	3.520000e+03	8.552592e-09	0.000000e+00	2.643200e-10
3.520000e+03	3.560000e+03	7.344685e-09	0.000000e+00	8.952975e-10
3.560000e+03	3.600000e+03	6.606375e-09	0.000000e+00	1.173598e-09
3.600000e+03	3.640000e+03	6.697927e-09	0.000000e+00	3.598750e-10
3.640000e+03	3.680000e+03	5.486535e-09	2.301500e-11	1.926252e-09
3.680000e+03	3.720000e+03	5.225247e-09	2.457100e-10	2.986750e-10
3.720000e+03	3.760000e+03	4.746063e-09	1.729550e-10	2.339775e-10
3.760000e+03	3.800000e+03	4.174973e-09	0.000000e+00	3.263725e-10
3.800000e+03	3.840000e+03	3.796527e-09	0.000000e+00	1.112720e-09
3.840000e+03	3.880000e+03	3.613563e-09	0.000000e+00	2.861450e-10
3.880000e+03	3.920000e+03	3.212865e-09	1.860225e-10	2.310050e-10
3.920000e+03	3.960000e+03	2.950512e-09	0.000000e+00	3.723900e-10
3.960000e+03	4.000000e+03	2.277657e-09	0.000000e+00	6.123250e-10
4.000000e+03	4.040000e+03	2.286400e-09	0.000000e+00	3.891175e-10
4.040000e+03	4.080000e+03	2.418726e-09	2.104455e-10	1.071038e-10
4.080000e+03	4.120000e+03	1.929917e-09	0.000000e+00	5.459975e-11
4.120000e+03	4.160000e+03	1.780856e-09	0.000000e+00	3.797783e-10
4.160000e+03	4.200000e+03	1.618495e-09	0.000000e+00	2.401717e-10
4.200000e+03	4.240000e+03	1.506950e-09	0.000000e+00	2.180872e-10
4.240000e+03	4.280000e+03	1.429397e-09	1.835350e-10	8.859225e-11
4.280000e+03	4.320000e+03	1.078588e-09	0.000000e+00	3.794080e-10
4.320000e+03	4.360000e+03	1.239042e-09	2.258430e-10	0.000000e+00
4.360000e+03	4.400000e+03	8.970578e-10	0.000000e+00	1.220480e-10
4.400000e+03	4.440000e+03	9.151695e-10	0.000000e+00	2.252710e-10
4.440000e+03	4.480000e+03	8.462158e-10	1.237898e-10	3.022600e-11
4.480000e+03	4.520000e+03	8.651808e-10	1.437998e-10	0.000000e+00
4.520000e+03	4.560000e+03	6.457490e-10	2.525850e-11	1.008395e-10
4.560000e+03	4.600000e+03	6.629982e-10	0.000000e+00	6.256800e-11
4.600000e+03	4.640000e+03	5.998987e-10	8.309925e-11	6.578000e-11
4.640000e+03	4.680000e+03	5.733435e-10	4.095025e-11	0.000000e+00
4.680000e+03	4.720000e+03	5.014230e-10	2.918475e-11	3.271000e-12
4.720000e+03	4.760000e+03	3.943702e-10	0.000000e+00	3.971950e-11
4.760000e+03	4.800000e+03	1.261646e-11	0.000000e+00	3.971205e-10
4.800000e+03	4.840000e+03	3.956860e-10	4.024825e-11	0.000000e+00
4.840000e+03	4.880000e+03	3.105340e-10	0.000000e+00	4.342575e-11
4.880000e+03	4.920000e+03	2.583572e-10	0.000000e+00	6.627250e-11
4.920000e+03	4.960000e+03	2.629687e-10	0.000000e+00	4.578875e-11
4.960000e+03	5.000000e+03	2.302736e-10	0.000000e+00	6.312642e-11
5.000000e+03	5.040000e+03	2.272275e-10	2.659200e-11	1.437775e-11
5.040000e+03	5.080000e+03	1.751566e-10	0.000000e+00	1.462867e-11
5.080000e+03	5.120000e+03	2.083901e-10	9.731550e-12	1.758490e-11
5.120000e+03	5.160000e+03	1.762446e-10	0.000000e+00	2.788812e-11
5.160000e+03	5.200000e+03	1.634829e-10	4.077438e-11	0.000000e+00
5.200000e+03	5.240000e+03	1.106911e-10	0.000000e+00	1.463364e-10
5.240000e+03	5.280000e+03	1.233347e-10	0.000000e+00	3.869393e-11
5.280000e+03	5.320000e+03	1.206223e-10	3.829643e-11	0.000000e+00
5.320000e+03	5.360000e+03	1.115066e-10	2.504437e-11	3.980925e-12
5.360000e+03	5.400000e+03	1.125813e-10	4.604847e-11	0.000000e+00
5.400000e+03	5.440000e+03	8.704987e-11	2.615718e-11	0.000000e+00
5.440000e+03	5.480000e+03	7.094808e-11	2.275075e-12	3.783200e-12
5.480000e+03	5.520000e+03	5.466607e-11	0.000000e+00	3.220157e-11
5.520000e+03	5.560000e+03	9.262440e-11	2.150713e-11	0.000000e+00
5.560000e+03	5.600000e+03	8.226750e-11	3.160185e-11	0.000000e+00
5.600000e+03	5.640000e+03	4.389635e-11	9.064750e-13	1.233632e-11
5.640000e+03	5.680000e+03	4.965660e-11	0.000000e+00	1.214260e-11
5.680000e+03	5.720000e+03	5.082540e-11	2.386063e-11	0.000000e+00
5.720000e+03	5.760000e+03	3.426000e-11	5.639250e-12	7.501000e-12
5.760000e+03	5.800000e+03	3.087027e-11	2.161750e-13	5.094675e-12
5.800000e+03	5.840000e+03	3.585488e-11	6.404050e-12	0.000000e+00
5.840000e+03	5.880000e+03	3.344130e-11	1.354625e-12	2.808650e-12
5.880000e+03	5.920000e+03	3.084212e-11	4.010775e-12	4.876050e-12
5.920000e+03	5.960000e+03	3.738747e-11	1.583669e-11	0.000000e+00
5.960000e+03	6.000000e+03	3.436205e-11	2.048105e-11	0.000000e+00
# END HISTO1D


# BEGIN HISTO1D //homes/tinghua1/higgs-anomalous/Herwig7/gcc11_install_test/plots/H2Jets-NLO-odd-combine.yoda/MC_H2JETS_04_TIGHT/HT_all
ErrorBandColor=orange
ErrorBandOpacity=0.3
ErrorBands=1
ErrorBars=1
ErrorType=env
LineColor=orange
LineStyle=solid
Path=//homes/tinghua1/higgs-anomalous/Herwig7/gcc11_install_test/plots/H2Jets-NLO-odd-combine.yoda/MC_H2JETS_04_TIGHT/HT_all
RatioPlotSameStyle=1
Title=h(2*)-FO
# xlow	 xhigh	 val	 errminus	 errplus
0.000000e+00	4.000000e+01	0.000000e+00	0.000000e+00	0.000000e+00
4.000000e+01	8.000000e+01	3.750375e-08	0.000000e+00	5.524475e-09
8.000000e+01	1.200000e+02	1.524543e-06	0.000000e+00	1.516445e-07
1.200000e+02	1.600000e+02	1.049730e-05	0.000000e+00	3.083425e-07
1.600000e+02	2.000000e+02	3.247335e-05	9.255000e-07	0.000000e+00
2.000000e+02	2.400000e+02	6.576172e-05	0.000000e+00	5.627250e-07
2.400000e+02	2.800000e+02	1.050103e-04	2.011750e-07	0.000000e+00
2.800000e+02	3.200000e+02	1.360775e-04	2.596250e-07	6.869500e-07
3.200000e+02	3.600000e+02	1.512834e-04	0.000000e+00	2.008850e-06
3.600000e+02	4.000000e+02	1.549210e-04	7.023500e-07	0.000000e+00
4.000000e+02	4.400000e+02	1.487618e-04	0.000000e+00	1.516525e-06
4.400000e+02	4.800000e+02	1.370035e-04	0.000000e+00	3.022050e-06
4.800000e+02	5.200000e+02	1.250828e-04	1.000975e-06	5.402250e-07
5.200000e+02	5.600000e+02	1.108630e-04	0.000000e+00	2.395375e-06
5.600000e+02	6.000000e+02	9.466700e-05	0.000000e+00	2.114850e-06
6.000000e+02	6.400000e+02	8.239427e-05	0.000000e+00	2.895975e-06
6.400000e+02	6.800000e+02	7.186413e-05	0.000000e+00	3.467150e-06
6.800000e+02	7.200000e+02	6.349008e-05	1.261575e-06	0.000000e+00
7.200000e+02	7.600000e+02	5.088068e-05	0.000000e+00	3.360750e-06
7.600000e+02	8.000000e+02	4.316470e-05	0.000000e+00	2.702875e-06
8.000000e+02	8.400000e+02	3.933795e-05	1.979675e-06	5.880000e-08
8.400000e+02	8.800000e+02	3.240300e-05	0.000000e+00	1.716850e-06
8.800000e+02	9.200000e+02	2.648213e-05	0.000000e+00	2.097825e-06
9.200000e+02	9.600000e+02	2.271507e-05	0.000000e+00	8.861725e-07
9.600000e+02	1.000000e+03	2.086551e-05	9.236725e-07	0.000000e+00
1.000000e+03	1.040000e+03	1.686089e-05	0.000000e+00	6.977325e-07
1.040000e+03	1.080000e+03	1.485977e-05	0.000000e+00	2.632000e-08
1.080000e+03	1.120000e+03	1.179799e-05	0.000000e+00	2.064605e-06
1.120000e+03	1.160000e+03	1.072610e-05	1.057697e-06	2.970975e-07
1.160000e+03	1.200000e+03	8.920922e-06	0.000000e+00	9.233600e-07
1.200000e+03	1.240000e+03	8.267513e-06	1.297640e-06	0.000000e+00
1.240000e+03	1.280000e+03	6.554455e-06	0.000000e+00	1.156577e-06
1.280000e+03	1.320000e+03	5.369915e-06	3.286425e-07	1.383838e-06
1.320000e+03	1.360000e+03	4.823983e-06	2.538150e-07	2.514450e-07
1.360000e+03	1.400000e+03	3.895093e-06	1.623300e-07	2.575200e-07
1.400000e+03	1.440000e+03	4.184863e-06	5.401400e-07	0.000000e+00
1.440000e+03	1.480000e+03	2.469383e-06	0.000000e+00	1.930145e-06
1.480000e+03	1.520000e+03	3.088495e-06	1.696505e-06	2.665275e-07
1.520000e+03	1.560000e+03	2.274276e-06	4.911845e-07	3.038865e-07
1.560000e+03	1.600000e+03	1.969515e-06	0.000000e+00	5.186653e-07
1.600000e+03	1.640000e+03	1.675921e-06	0.000000e+00	3.069550e-07
1.640000e+03	1.680000e+03	1.511523e-06	2.420012e-07	2.275345e-07
1.680000e+03	1.720000e+03	1.326514e-06	1.680493e-07	1.297042e-07
1.720000e+03	1.760000e+03	1.290746e-06	0.000000e+00	1.308980e-07
1.760000e+03	1.800000e+03	1.168866e-06	1.610938e-07	0.000000e+00
1.800000e+03	1.840000e+03	8.164323e-07	6.542175e-08	1.494800e-07
1.840000e+03	1.880000e+03	7.220480e-07	0.000000e+00	2.698470e-07
1.880000e+03	1.920000e+03	7.421100e-07	1.327248e-07	1.294893e-07
1.920000e+03	1.960000e+03	6.215162e-07	7.014650e-08	1.464703e-07
1.960000e+03	2.000000e+03	5.528760e-07	8.237175e-08	1.554497e-07
2.000000e+03	2.040000e+03	4.332680e-07	0.000000e+00	1.523265e-07
2.040000e+03	2.080000e+03	4.342817e-07	7.780950e-08	0.000000e+00
2.080000e+03	2.120000e+03	3.403190e-07	0.000000e+00	1.195950e-07
2.120000e+03	2.160000e+03	5.293182e-07	2.801660e-07	0.000000e+00
2.160000e+03	2.200000e+03	2.855500e-07	1.120302e-07	6.291000e-08
2.200000e+03	2.240000e+03	3.704180e-07	5.647950e-08	0.000000e+00
2.240000e+03	2.280000e+03	2.660775e-07	1.174169e-07	0.000000e+00
2.280000e+03	2.320000e+03	2.362927e-07	4.520025e-08	0.000000e+00
2.320000e+03	2.360000e+03	1.283584e-07	0.000000e+00	1.053785e-07
2.360000e+03	2.400000e+03	2.271398e-07	9.275300e-09	3.694395e-08
2.400000e+03	2.440000e+03	1.365184e-07	5.292793e-08	0.000000e+00
2.440000e+03	2.480000e+03	1.805423e-07	6.317317e-08	0.000000e+00
2.480000e+03	2.520000e+03	1.553066e-07	2.437087e-08	0.000000e+00
2.520000e+03	2.560000e+03	7.388958e-08	0.000000e+00	4.174680e-08
2.560000e+03	2.600000e+03	1.293417e-07	2.133262e-08	0.000000e+00
2.600000e+03	2.640000e+03	1.070259e-07	4.065215e-08	1.971217e-08
2.640000e+03	2.680000e+03	2.156469e-09	0.000000e+00	1.023931e-07
2.680000e+03	2.720000e+03	7.505902e-08	0.000000e+00	1.348640e-08
2.720000e+03	2.760000e+03	5.719340e-08	5.889981e-08	0.000000e+00
2.760000e+03	2.800000e+03	7.682860e-08	0.000000e+00	3.205522e-08
2.800000e+03	2.840000e+03	5.540860e-08	0.000000e+00	9.187400e-09
2.840000e+03	2.880000e+03	4.021775e-08	1.135933e-08	5.958525e-09
2.880000e+03	2.920000e+03	4.477060e-08	7.359250e-10	1.059025e-09
2.920000e+03	2.960000e+03	3.777428e-08	0.000000e+00	6.216062e-08
2.960000e+03	3.000000e+03	4.208503e-08	4.207760e-08	0.000000e+00
3.000000e+03	3.040000e+03	3.231425e-08	1.096745e-08	4.832350e-09
3.040000e+03	3.080000e+03	2.890660e-08	0.000000e+00	1.412373e-08
3.080000e+03	3.120000e+03	2.451809e-08	1.225574e-08	0.000000e+00
3.120000e+03	3.160000e+03	2.155009e-08	0.000000e+00	1.255079e-08
3.160000e+03	3.200000e+03	1.542233e-08	0.000000e+00	1.337689e-08
3.200000e+03	3.240000e+03	1.861678e-08	6.920592e-09	0.000000e+00
3.240000e+03	3.280000e+03	1.420338e-08	5.601767e-09	6.617560e-09
3.280000e+03	3.320000e+03	1.706528e-08	0.000000e+00	6.987470e-09
3.320000e+03	3.360000e+03	1.580186e-08	4.926300e-09	1.200170e-09
3.360000e+03	3.400000e+03	1.465987e-08	0.000000e+00	7.451275e-09
3.400000e+03	3.440000e+03	1.150152e-08	3.705260e-09	2.860010e-09
3.440000e+03	3.480000e+03	1.116218e-08	2.897300e-10	4.072742e-09
3.480000e+03	3.520000e+03	1.038171e-08	2.622375e-09	0.000000e+00
3.520000e+03	3.560000e+03	9.215463e-09	0.000000e+00	7.677045e-09
3.560000e+03	3.600000e+03	8.290230e-09	0.000000e+00	2.871627e-09
3.600000e+03	3.640000e+03	7.442553e-09	3.739048e-08	0.000000e+00
3.640000e+03	3.680000e+03	8.122630e-09	7.540175e-10	3.686112e-08
3.680000e+03	3.720000e+03	6.215835e-09	3.801750e-11	1.860167e-09
3.720000e+03	3.760000e+03	5.401880e-09	7.582500e-10	5.097455e-09
3.760000e+03	3.800000e+03	7.947013e-09	3.410005e-09	0.000000e+00
3.800000e+03	3.840000e+03	5.529185e-09	1.519352e-08	0.000000e+00
3.840000e+03	3.880000e+03	-6.737630e-10	0.000000e+00	8.841125e-09
3.880000e+03	3.920000e+03	4.333053e-09	0.000000e+00	5.635480e-09
3.920000e+03	3.960000e+03	4.079835e-09	2.555325e-10	2.256815e-09
3.960000e+03	4.000000e+03	3.296283e-09	1.353725e-10	2.995850e-10
4.000000e+03	4.040000e+03	3.403372e-09	8.270475e-10	7.254050e-10
4.040000e+03	4.080000e+03	2.531265e-09	0.000000e+00	7.308875e-10
4.080000e+03	4.120000e+03	2.769370e-09	4.196839e-09	0.000000e+00
4.120000e+03	4.160000e+03	2.255482e-09	3.351725e-10	0.000000e+00
4.160000e+03	4.200000e+03	2.148848e-09	6.556472e-10	2.732100e-10
4.200000e+03	4.240000e+03	1.329288e-09	0.000000e+00	8.827168e-10
4.240000e+03	4.280000e+03	1.818328e-09	1.762525e-11	3.912822e-09
4.280000e+03	4.320000e+03	1.528429e-09	6.486425e-11	4.134943e-10
4.320000e+03	4.360000e+03	1.107268e-09	0.000000e+00	7.861543e-10
4.360000e+03	4.400000e+03	1.176628e-09	0.000000e+00	2.463563e-10
4.400000e+03	4.440000e+03	1.041441e-09	0.000000e+00	4.174090e-10
4.440000e+03	4.480000e+03	1.058760e-09	8.630004e-10	1.216540e-10
4.480000e+03	4.520000e+03	1.143093e-09	1.386440e-10	0.000000e+00
4.520000e+03	4.560000e+03	9.904257e-10	2.098870e-10	0.000000e+00
4.560000e+03	4.600000e+03	5.989668e-10	0.000000e+00	2.067705e-10
4.600000e+03	4.640000e+03	7.527267e-10	4.853475e-11	2.703283e-10
4.640000e+03	4.680000e+03	6.937725e-10	6.181500e-12	1.640783e-10
4.680000e+03	4.720000e+03	6.277460e-10	5.719982e-10	0.000000e+00
4.720000e+03	4.760000e+03	1.045649e-09	3.435605e-10	3.291358e-10
4.760000e+03	4.800000e+03	6.755025e-11	0.000000e+00	4.971050e-10
4.800000e+03	4.840000e+03	5.410337e-10	1.165837e-10	0.000000e+00
4.840000e+03	4.880000e+03	4.204977e-10	3.312825e-11	4.721120e-10
4.880000e+03	4.920000e+03	4.513477e-10	3.803922e-10	0.000000e+00
4.920000e+03	4.960000e+03	2.743040e-10	0.000000e+00	2.055585e-10
4.960000e+03	5.000000e+03	2.787402e-10	6.236415e-11	1.305163e-10
5.000000e+03	5.040000e+03	1.588565e-10	1.235738e-10	3.449217e-10
5.040000e+03	5.080000e+03	2.271798e-10	0.000000e+00	1.306219e-10
5.080000e+03	5.120000e+03	2.586297e-10	0.000000e+00	4.169563e-10
5.120000e+03	5.160000e+03	2.430569e-10	0.000000e+00	4.687090e-11
5.160000e+03	5.200000e+03	1.865626e-10	0.000000e+00	6.403168e-11
5.200000e+03	5.240000e+03	1.655733e-10	0.000000e+00	7.127155e-11
5.240000e+03	5.280000e+03	1.337361e-10	0.000000e+00	6.051275e-11
5.280000e+03	5.320000e+03	1.348945e-10	0.000000e+00	4.956088e-11
5.320000e+03	5.360000e+03	1.736762e-10	6.211650e-11	0.000000e+00
5.360000e+03	5.400000e+03	8.866665e-11	0.000000e+00	5.249501e-10
5.400000e+03	5.440000e+03	8.556732e-11	0.000000e+00	6.169268e-11
5.440000e+03	5.480000e+03	1.218204e-10	2.498560e-11	4.849895e-11
5.480000e+03	5.520000e+03	7.900055e-11	0.000000e+00	2.163413e-11
5.520000e+03	5.560000e+03	4.242445e-11	0.000000e+00	9.730735e-11
5.560000e+03	5.600000e+03	6.307213e-11	0.000000e+00	3.006725e-11
5.600000e+03	5.640000e+03	9.775275e-11	1.116995e-11	8.946925e-12
5.640000e+03	5.680000e+03	6.352775e-11	6.266375e-12	1.400373e-11
5.680000e+03	5.720000e+03	3.096715e-11	0.000000e+00	4.420863e-11
5.720000e+03	5.760000e+03	6.459930e-11	4.593025e-12	0.000000e+00
5.760000e+03	5.800000e+03	7.150627e-11	1.414697e-11	0.000000e+00
5.800000e+03	5.840000e+03	2.502863e-11	1.168419e-11	1.926902e-11
5.840000e+03	5.880000e+03	6.174410e-11	2.146067e-11	0.000000e+00
5.880000e+03	5.920000e+03	3.636140e-11	0.000000e+00	1.510575e-12
5.920000e+03	5.960000e+03	3.239225e-11	4.657550e-12	7.199700e-12
5.960000e+03	6.000000e+03	1.947572e-11	2.544404e-11	0.000000e+00
# END HISTO1D

