# BEGIN PLOT
LegendOnly=//homes/tinghua1/higgs-anomalous/Herwig7/gcc11_install_test/plots/H-N2-N3-4-25gev-mixed-combine.yoda/MC_H2JETS_04_LOOSE/deltaphi_Hj1_incl //homes/tinghua1/higgs-anomalous/Herwig7/gcc11_install_test/plots/H2Jets-NLOPS-mixed-combine.yoda/MC_H2JETS_04_LOOSE/deltaphi_Hj1_incl //homes/tinghua1/higgs-anomalous/Herwig7/gcc11_install_test/plots/H2Jets-NLO-mixed-combine.yoda/MC_H2JETS_04_LOOSE/deltaphi_Hj1_incl
DrawOnly=//homes/tinghua1/higgs-anomalous/Herwig7/gcc11_install_test/plots/H-N2-N3-4-25gev-mixed-combine.yoda/MC_H2JETS_04_LOOSE/deltaphi_Hj1_incl //homes/tinghua1/higgs-anomalous/Herwig7/gcc11_install_test/plots/H2Jets-NLOPS-mixed-combine.yoda/MC_H2JETS_04_LOOSE/deltaphi_Hj1_incl //homes/tinghua1/higgs-anomalous/Herwig7/gcc11_install_test/plots/H2Jets-NLO-mixed-combine.yoda/MC_H2JETS_04_LOOSE/deltaphi_Hj1_incl
RightMargin=0.5
RatioPlotReference=//homes/tinghua1/higgs-anomalous/Herwig7/gcc11_install_test/plots/H-N2-N3-4-25gev-mixed-combine.yoda/MC_H2JETS_04_LOOSE/deltaphi_Hj1_incl
RatioPlot=1
LogY=1
RatioPlotYLabel=Ratio
Legend=1
# END PLOT


# BEGIN SPECIAL /MC_H2JETS_04_LOOSE/deltaphi_Hj1_incl
\rput[tl](0.05,0.75){\parbox{5cm}{\textcolor{gray}{{\bf Herwig 7.2.3} \\ VBFNLO 3.0.0}}}
# END SPECIAL

# BEGIN HISTO1D //homes/tinghua1/higgs-anomalous/Herwig7/gcc11_install_test/plots/H-N2-N3-4-25gev-mixed-combine.yoda/MC_H2JETS_04_LOOSE/deltaphi_Hj1_incl
ErrorBandColor=red
ErrorBandOpacity=0.3
ErrorBands=1
ErrorBars=1
ErrorType=env
LineColor=red
LineStyle=solid
Path=//homes/tinghua1/higgs-anomalous/Herwig7/gcc11_install_test/plots/H-N2-N3-4-25gev-mixed-combine.yoda/MC_H2JETS_04_LOOSE/deltaphi_Hj1_incl
RatioPlotSameStyle=1
Title=h(2*,3*,4)
# xlow	 xhigh	 val	 errminus	 errplus
0.000000e+00	1.047198e-01	8.749832e-03	6.373379e-04	2.451593e-03
1.047198e-01	2.094395e-01	9.432165e-03	0.000000e+00	1.588522e-03
2.094395e-01	3.141593e-01	9.904316e-03	0.000000e+00	1.334781e-03
3.141594e-01	4.188790e-01	1.006353e-02	0.000000e+00	1.140397e-03
4.188790e-01	5.235988e-01	1.027066e-02	0.000000e+00	1.262044e-03
5.235989e-01	6.283186e-01	1.074519e-02	0.000000e+00	1.628872e-03
6.283185e-01	7.330383e-01	1.201646e-02	0.000000e+00	1.062569e-03
7.330384e-01	8.377581e-01	1.348196e-02	0.000000e+00	1.664224e-03
8.377580e-01	9.424778e-01	1.364458e-02	1.097210e-02	2.382424e-03
9.424778e-01	1.047198e+00	1.833092e-02	0.000000e+00	1.778272e-03
1.047197e+00	1.151917e+00	1.978795e-02	0.000000e+00	1.990957e-03
1.151917e+00	1.256637e+00	2.434949e-02	4.690604e-04	2.702349e-04
1.256637e+00	1.361357e+00	2.949405e-02	3.200344e-04	1.141778e-03
1.361357e+00	1.466077e+00	3.324562e-02	0.000000e+00	6.039591e-03
1.466076e+00	1.570796e+00	4.418110e-02	0.000000e+00	4.613041e-03
1.570796e+00	1.675516e+00	5.724390e-02	1.003180e-03	4.695006e-03
1.675516e+00	1.780236e+00	7.436810e-02	0.000000e+00	6.330223e-03
1.780236e+00	1.884956e+00	1.082337e-01	0.000000e+00	3.842437e-03
1.884955e+00	1.989675e+00	1.492059e-01	5.533093e-03	1.042791e-04
1.989675e+00	2.094395e+00	2.095895e-01	3.255348e-04	0.000000e+00
2.094395e+00	2.199115e+00	2.712595e-01	0.000000e+00	1.093526e-02
2.199115e+00	2.303835e+00	3.728414e-01	1.461812e-02	1.270626e-03
2.303834e+00	2.408554e+00	4.870621e-01	1.008862e-02	0.000000e+00
2.408554e+00	2.513274e+00	6.042765e-01	6.131971e-03	0.000000e+00
2.513274e+00	2.617994e+00	7.464253e-01	6.777788e-03	0.000000e+00
2.617994e+00	2.722714e+00	9.277087e-01	3.292790e-02	0.000000e+00
2.722713e+00	2.827433e+00	1.100522e+00	2.640113e-02	0.000000e+00
2.827433e+00	2.932153e+00	1.279040e+00	5.816940e-02	0.000000e+00
2.932153e+00	3.036873e+00	1.442711e+00	4.199771e-02	0.000000e+00
3.036873e+00	3.141593e+00	1.532452e+00	5.310733e-02	0.000000e+00
# END HISTO1D


# BEGIN HISTO1D //homes/tinghua1/higgs-anomalous/Herwig7/gcc11_install_test/plots/H2Jets-NLOPS-mixed-combine.yoda/MC_H2JETS_04_LOOSE/deltaphi_Hj1_incl
ErrorBandColor=green
ErrorBandOpacity=0.3
ErrorBands=1
ErrorBars=1
ErrorType=env
LineColor=green
LineStyle=solid
Path=//homes/tinghua1/higgs-anomalous/Herwig7/gcc11_install_test/plots/H2Jets-NLOPS-mixed-combine.yoda/MC_H2JETS_04_LOOSE/deltaphi_Hj1_incl
RatioPlotSameStyle=1
Title=h(2*) $\oplus$ PS
# xlow	 xhigh	 val	 errminus	 errplus
0.000000e+00	1.047198e-01	6.970589e-03	0.000000e+00	1.702633e-03
1.047198e-01	2.094395e-01	6.997091e-03	0.000000e+00	1.787429e-03
2.094395e-01	3.141593e-01	7.209186e-03	0.000000e+00	1.776662e-03
3.141594e-01	4.188790e-01	7.498729e-03	0.000000e+00	1.827119e-03
4.188790e-01	5.235988e-01	7.931726e-03	0.000000e+00	2.043054e-03
5.235989e-01	6.283186e-01	8.536939e-03	0.000000e+00	1.979860e-03
6.283185e-01	7.330383e-01	9.319284e-03	0.000000e+00	2.204372e-03
7.330384e-01	8.377581e-01	1.026301e-02	0.000000e+00	2.445996e-03
8.377580e-01	9.424778e-01	1.155031e-02	0.000000e+00	2.656288e-03
9.424778e-01	1.047198e+00	1.312376e-02	0.000000e+00	3.119551e-03
1.047197e+00	1.151917e+00	1.526238e-02	0.000000e+00	3.475005e-03
1.151917e+00	1.256637e+00	1.813943e-02	0.000000e+00	4.058738e-03
1.256637e+00	1.361357e+00	2.194232e-02	0.000000e+00	4.640050e-03
1.361357e+00	1.466077e+00	2.737924e-02	0.000000e+00	5.573539e-03
1.466076e+00	1.570796e+00	3.502011e-02	0.000000e+00	6.731730e-03
1.570796e+00	1.675516e+00	4.680443e-02	0.000000e+00	7.313694e-03
1.675516e+00	1.780236e+00	6.606729e-02	0.000000e+00	7.464057e-03
1.780236e+00	1.884956e+00	9.730128e-02	0.000000e+00	5.778743e-03
1.884955e+00	1.989675e+00	1.432660e-01	0.000000e+00	2.420955e-03
1.989675e+00	2.094395e+00	2.042240e-01	1.624332e-03	0.000000e+00
2.094395e+00	2.199115e+00	2.808742e-01	5.409473e-03	0.000000e+00
2.199115e+00	2.303835e+00	3.732642e-01	9.559206e-03	0.000000e+00
2.303834e+00	2.408554e+00	4.815383e-01	1.340540e-02	0.000000e+00
2.408554e+00	2.513274e+00	6.077610e-01	1.892790e-02	0.000000e+00
2.513274e+00	2.617994e+00	7.521948e-01	2.469700e-02	0.000000e+00
2.617994e+00	2.722714e+00	9.174152e-01	3.236927e-02	0.000000e+00
2.722713e+00	2.827433e+00	1.104344e+00	4.289002e-02	0.000000e+00
2.827433e+00	2.932153e+00	1.307442e+00	5.853132e-02	0.000000e+00
2.932153e+00	3.036873e+00	1.497250e+00	7.379106e-02	0.000000e+00
3.036873e+00	3.141593e+00	1.578236e+00	7.718296e-02	0.000000e+00
# END HISTO1D


# BEGIN HISTO1D //homes/tinghua1/higgs-anomalous/Herwig7/gcc11_install_test/plots/H2Jets-NLO-mixed-combine.yoda/MC_H2JETS_04_LOOSE/deltaphi_Hj1_incl
ErrorBandColor=orange
ErrorBandOpacity=0.3
ErrorBands=1
ErrorBars=1
ErrorType=env
LineColor=orange
LineStyle=solid
Path=//homes/tinghua1/higgs-anomalous/Herwig7/gcc11_install_test/plots/H2Jets-NLO-mixed-combine.yoda/MC_H2JETS_04_LOOSE/deltaphi_Hj1_incl
RatioPlotSameStyle=1
Title=h(2*)-FO
# xlow	 xhigh	 val	 errminus	 errplus
0.000000e+00	1.047198e-01	6.186297e-03	0.000000e+00	2.219705e-03
1.047198e-01	2.094395e-01	6.461005e-03	0.000000e+00	2.199520e-03
2.094395e-01	3.141593e-01	6.738683e-03	0.000000e+00	1.989086e-03
3.141594e-01	4.188790e-01	6.729607e-03	0.000000e+00	2.499900e-03
4.188790e-01	5.235988e-01	7.596396e-03	0.000000e+00	2.207060e-03
5.235989e-01	6.283186e-01	7.504181e-03	0.000000e+00	3.056859e-03
6.283185e-01	7.330383e-01	8.419417e-03	0.000000e+00	3.175868e-03
7.330384e-01	8.377581e-01	9.631273e-03	0.000000e+00	3.337777e-03
8.377580e-01	9.424778e-01	1.074452e-02	0.000000e+00	3.647343e-03
9.424778e-01	1.047198e+00	1.257767e-02	0.000000e+00	4.430110e-03
1.047197e+00	1.151917e+00	1.509198e-02	0.000000e+00	4.966873e-03
1.151917e+00	1.256637e+00	1.803080e-02	0.000000e+00	5.583804e-03
1.256637e+00	1.361357e+00	2.241773e-02	0.000000e+00	8.205386e-03
1.361357e+00	1.466077e+00	2.897096e-02	0.000000e+00	8.910180e-03
1.466076e+00	1.570796e+00	4.115896e-02	0.000000e+00	1.369677e-02
1.570796e+00	1.675516e+00	5.351990e-02	0.000000e+00	1.806371e-02
1.675516e+00	1.780236e+00	6.499801e-02	0.000000e+00	1.067660e-02
1.780236e+00	1.884956e+00	9.187660e-02	0.000000e+00	5.192628e-03
1.884955e+00	1.989675e+00	1.401651e-01	3.142219e-03	0.000000e+00
1.989675e+00	2.094395e+00	1.978608e-01	3.625191e-03	3.482620e-04
2.094395e+00	2.199115e+00	2.767947e-01	5.766234e-03	0.000000e+00
2.199115e+00	2.303835e+00	3.759114e-01	1.356751e-02	4.681627e-03
2.303834e+00	2.408554e+00	4.831928e-01	1.580219e-02	0.000000e+00
2.408554e+00	2.513274e+00	6.169840e-01	2.177340e-02	0.000000e+00
2.513274e+00	2.617994e+00	7.538977e-01	1.742657e-02	0.000000e+00
2.617994e+00	2.722714e+00	9.367596e-01	3.438846e-02	0.000000e+00
2.722713e+00	2.827433e+00	1.119126e+00	3.260344e-02	0.000000e+00
2.827433e+00	2.932153e+00	1.329563e+00	4.952540e-02	0.000000e+00
2.932153e+00	3.036873e+00	1.533929e+00	7.004488e-02	0.000000e+00
3.036873e+00	3.141593e+00	1.624460e+00	5.694614e-02	0.000000e+00
# END HISTO1D

