# BEGIN PLOT
LegendOnly=//homes/tinghua1/higgs-anomalous/Herwig7/gcc11_install_test/plots/H-N2-N3-4-25gev-mixed-combine.yoda/MC_H2JETS_04_LOOSE/Hjj_pT_excl //homes/tinghua1/higgs-anomalous/Herwig7/gcc11_install_test/plots/H2Jets-NLOPS-mixed-combine.yoda/MC_H2JETS_04_LOOSE/Hjj_pT_excl //homes/tinghua1/higgs-anomalous/Herwig7/gcc11_install_test/plots/H2Jets-NLO-mixed-combine.yoda/MC_H2JETS_04_LOOSE/Hjj_pT_excl
DrawOnly=//homes/tinghua1/higgs-anomalous/Herwig7/gcc11_install_test/plots/H-N2-N3-4-25gev-mixed-combine.yoda/MC_H2JETS_04_LOOSE/Hjj_pT_excl //homes/tinghua1/higgs-anomalous/Herwig7/gcc11_install_test/plots/H2Jets-NLOPS-mixed-combine.yoda/MC_H2JETS_04_LOOSE/Hjj_pT_excl //homes/tinghua1/higgs-anomalous/Herwig7/gcc11_install_test/plots/H2Jets-NLO-mixed-combine.yoda/MC_H2JETS_04_LOOSE/Hjj_pT_excl
RightMargin=0.5
RatioPlotReference=//homes/tinghua1/higgs-anomalous/Herwig7/gcc11_install_test/plots/H-N2-N3-4-25gev-mixed-combine.yoda/MC_H2JETS_04_LOOSE/Hjj_pT_excl
RatioPlot=1
LogY=1
RatioPlotYMax=4.0
RatioPlotYLabel=Ratio
XLabel=$p_{T,hj_1j_2}^{excl}$ (GeV)
LegendAlign=r
XMax=150.0
YLabel=$ \text{d} \sigma/ \text{d}  p_{T,hj_1j_2}^{excl}$ (pb/GeV)
Legend=1
RatioPlotYMin=0.0
# END PLOT


# BEGIN SPECIAL /MC_H2JETS_04_LOOSE/Hjj_pT_excl
\rput[tl](0.05,0.75){\parbox{5cm}{\textcolor{gray}{{\bf Herwig 7.2.3} \\ VBFNLO 3.0.0}}}
# END SPECIAL

# BEGIN HISTO1D //homes/tinghua1/higgs-anomalous/Herwig7/gcc11_install_test/plots/H-N2-N3-4-25gev-mixed-combine.yoda/MC_H2JETS_04_LOOSE/Hjj_pT_excl
ErrorBandColor=red
ErrorBandOpacity=0.3
ErrorBands=1
ErrorBars=1
ErrorType=env
LineColor=red
LineStyle=solid
Path=//homes/tinghua1/higgs-anomalous/Herwig7/gcc11_install_test/plots/H-N2-N3-4-25gev-mixed-combine.yoda/MC_H2JETS_04_LOOSE/Hjj_pT_excl
RatioPlotSameStyle=1
Title=h(2*,3*,4)
# xlow	 xhigh	 val	 errminus	 errplus
0.000000e+00	1.000000e+01	2.182543e-02	9.009830e-03	0.000000e+00
1.000000e+01	2.000000e+01	1.526048e-02	0.000000e+00	3.659700e-04
2.000000e+01	3.000000e+01	8.391918e-03	0.000000e+00	1.836522e-03
3.000000e+01	4.000000e+01	3.837082e-03	0.000000e+00	1.953042e-03
4.000000e+01	5.000000e+01	1.561004e-03	0.000000e+00	1.281529e-03
5.000000e+01	6.000000e+01	5.538684e-04	0.000000e+00	6.322036e-04
6.000000e+01	7.000000e+01	1.762793e-04	0.000000e+00	2.864083e-04
7.000000e+01	8.000000e+01	5.679299e-05	0.000000e+00	1.251074e-04
8.000000e+01	9.000000e+01	1.774518e-05	0.000000e+00	5.065783e-05
9.000000e+01	1.000000e+02	5.031238e-06	0.000000e+00	1.285766e-05
1.000000e+02	1.100000e+02	1.182062e-06	0.000000e+00	6.051519e-06
1.100000e+02	1.200000e+02	4.357188e-07	0.000000e+00	1.954015e-06
1.200000e+02	1.300000e+02	4.838760e-08	0.000000e+00	6.372326e-07
1.300000e+02	1.400000e+02	2.335877e-08	0.000000e+00	2.696515e-07
1.400000e+02	1.500000e+02	9.692212e-09	0.000000e+00	1.054789e-07
1.500000e+02	1.600000e+02	-2.422571e-09	0.000000e+00	2.185723e-08
1.600000e+02	1.700000e+02	5.260883e-10	1.828334e-08	2.826057e-09
1.700000e+02	1.800000e+02	4.505958e-11	0.000000e+00	1.173066e-09
1.800000e+02	1.900000e+02	-5.034892e-12	2.110984e-10	4.674323e-10
1.900000e+02	2.000000e+02	1.461366e-13	2.963018e-11	2.043926e-10
2.000000e+02	2.100000e+02	6.493347e-13	1.612892e-10	1.509444e-11
2.100000e+02	2.200000e+02	7.325047e-17	5.017365e-10	0.000000e+00
2.200000e+02	2.300000e+02	1.222631e-15	1.221054e-15	0.000000e+00
2.300000e+02	2.400000e+02	1.752408e-17	1.726226e-17	5.065550e-13
2.400000e+02	2.500000e+02	4.049749e-22	2.345786e-20	0.000000e+00
2.500000e+02	2.600000e+02	0.000000e+00	0.000000e+00	1.821700e-21
2.600000e+02	2.700000e+02	0.000000e+00	0.000000e+00	0.000000e+00
2.700000e+02	2.800000e+02	0.000000e+00	0.000000e+00	0.000000e+00
2.800000e+02	2.900000e+02	0.000000e+00	0.000000e+00	0.000000e+00
2.900000e+02	3.000000e+02	0.000000e+00	0.000000e+00	0.000000e+00
3.000000e+02	3.100000e+02	0.000000e+00	0.000000e+00	0.000000e+00
3.100000e+02	3.200000e+02	0.000000e+00	0.000000e+00	0.000000e+00
3.200000e+02	3.300000e+02	0.000000e+00	0.000000e+00	0.000000e+00
3.300000e+02	3.400000e+02	0.000000e+00	0.000000e+00	0.000000e+00
3.400000e+02	3.500000e+02	0.000000e+00	0.000000e+00	0.000000e+00
3.500000e+02	3.600000e+02	0.000000e+00	0.000000e+00	0.000000e+00
3.600000e+02	3.700000e+02	0.000000e+00	0.000000e+00	0.000000e+00
3.700000e+02	3.800000e+02	0.000000e+00	0.000000e+00	0.000000e+00
3.800000e+02	3.900000e+02	0.000000e+00	0.000000e+00	0.000000e+00
3.900000e+02	4.000000e+02	0.000000e+00	0.000000e+00	0.000000e+00
4.000000e+02	4.100000e+02	0.000000e+00	0.000000e+00	0.000000e+00
4.100000e+02	4.200000e+02	0.000000e+00	0.000000e+00	0.000000e+00
4.200000e+02	4.300000e+02	0.000000e+00	0.000000e+00	0.000000e+00
4.300000e+02	4.400000e+02	0.000000e+00	0.000000e+00	0.000000e+00
4.400000e+02	4.500000e+02	0.000000e+00	0.000000e+00	0.000000e+00
4.500000e+02	4.600000e+02	0.000000e+00	0.000000e+00	0.000000e+00
4.600000e+02	4.700000e+02	0.000000e+00	0.000000e+00	0.000000e+00
4.700000e+02	4.800000e+02	0.000000e+00	0.000000e+00	0.000000e+00
4.800000e+02	4.900000e+02	0.000000e+00	0.000000e+00	0.000000e+00
4.900000e+02	5.000000e+02	0.000000e+00	0.000000e+00	0.000000e+00
# END HISTO1D


# BEGIN HISTO1D //homes/tinghua1/higgs-anomalous/Herwig7/gcc11_install_test/plots/H2Jets-NLOPS-mixed-combine.yoda/MC_H2JETS_04_LOOSE/Hjj_pT_excl
ErrorBandColor=green
ErrorBandOpacity=0.3
ErrorBands=1
ErrorBars=1
ErrorType=env
LineColor=green
LineStyle=solid
Path=//homes/tinghua1/higgs-anomalous/Herwig7/gcc11_install_test/plots/H2Jets-NLOPS-mixed-combine.yoda/MC_H2JETS_04_LOOSE/Hjj_pT_excl
RatioPlotSameStyle=1
Title=h(2*) $\oplus$ PS
# xlow	 xhigh	 val	 errminus	 errplus
0.000000e+00	1.000000e+01	2.725049e-02	1.241636e-02	0.000000e+00
1.000000e+01	2.000000e+01	1.952984e-02	1.567960e-03	0.000000e+00
2.000000e+01	3.000000e+01	1.027803e-02	0.000000e+00	1.500050e-03
3.000000e+01	4.000000e+01	4.065316e-03	0.000000e+00	2.095081e-03
4.000000e+01	5.000000e+01	1.449881e-03	0.000000e+00	1.355125e-03
5.000000e+01	6.000000e+01	4.716290e-04	0.000000e+00	6.898240e-04
6.000000e+01	7.000000e+01	1.461350e-04	0.000000e+00	3.029407e-04
7.000000e+01	8.000000e+01	4.285756e-05	0.000000e+00	1.215953e-04
8.000000e+01	9.000000e+01	1.222951e-05	0.000000e+00	4.598558e-05
9.000000e+01	1.000000e+02	3.595728e-06	0.000000e+00	1.594297e-05
1.000000e+02	1.100000e+02	1.016427e-06	0.000000e+00	5.392816e-06
1.100000e+02	1.200000e+02	2.805747e-07	0.000000e+00	1.822071e-06
1.200000e+02	1.300000e+02	7.555523e-08	0.000000e+00	5.667953e-07
1.300000e+02	1.400000e+02	2.155455e-08	0.000000e+00	1.832007e-07
1.400000e+02	1.500000e+02	6.239177e-09	0.000000e+00	4.670211e-08
1.500000e+02	1.600000e+02	1.528125e-09	0.000000e+00	1.555708e-08
1.600000e+02	1.700000e+02	4.349137e-10	0.000000e+00	8.750905e-09
1.700000e+02	1.800000e+02	2.444785e-11	0.000000e+00	1.657233e-09
1.800000e+02	1.900000e+02	-1.112455e-14	0.000000e+00	3.241549e-11
1.900000e+02	2.000000e+02	4.212553e-14	3.420776e-14	1.784021e-10
2.000000e+02	2.100000e+02	1.364108e-18	0.000000e+00	1.817531e-11
2.100000e+02	2.200000e+02	1.121539e-15	1.121539e-15	0.000000e+00
2.200000e+02	2.300000e+02	-5.456183e-17	0.000000e+00	5.456185e-17
2.300000e+02	2.400000e+02	0.000000e+00	0.000000e+00	9.100448e-18
2.400000e+02	2.500000e+02	0.000000e+00	0.000000e+00	6.128378e-20
2.500000e+02	2.600000e+02	0.000000e+00	0.000000e+00	0.000000e+00
2.600000e+02	2.700000e+02	0.000000e+00	0.000000e+00	0.000000e+00
2.700000e+02	2.800000e+02	0.000000e+00	0.000000e+00	0.000000e+00
2.800000e+02	2.900000e+02	0.000000e+00	0.000000e+00	0.000000e+00
2.900000e+02	3.000000e+02	0.000000e+00	0.000000e+00	0.000000e+00
3.000000e+02	3.100000e+02	0.000000e+00	0.000000e+00	0.000000e+00
3.100000e+02	3.200000e+02	0.000000e+00	0.000000e+00	0.000000e+00
3.200000e+02	3.300000e+02	0.000000e+00	0.000000e+00	0.000000e+00
3.300000e+02	3.400000e+02	0.000000e+00	0.000000e+00	0.000000e+00
3.400000e+02	3.500000e+02	0.000000e+00	0.000000e+00	0.000000e+00
3.500000e+02	3.600000e+02	0.000000e+00	0.000000e+00	0.000000e+00
3.600000e+02	3.700000e+02	0.000000e+00	0.000000e+00	0.000000e+00
3.700000e+02	3.800000e+02	0.000000e+00	0.000000e+00	0.000000e+00
3.800000e+02	3.900000e+02	0.000000e+00	0.000000e+00	0.000000e+00
3.900000e+02	4.000000e+02	0.000000e+00	0.000000e+00	0.000000e+00
4.000000e+02	4.100000e+02	0.000000e+00	0.000000e+00	0.000000e+00
4.100000e+02	4.200000e+02	0.000000e+00	0.000000e+00	0.000000e+00
4.200000e+02	4.300000e+02	0.000000e+00	0.000000e+00	0.000000e+00
4.300000e+02	4.400000e+02	0.000000e+00	0.000000e+00	0.000000e+00
4.400000e+02	4.500000e+02	0.000000e+00	0.000000e+00	0.000000e+00
4.500000e+02	4.600000e+02	0.000000e+00	0.000000e+00	0.000000e+00
4.600000e+02	4.700000e+02	0.000000e+00	0.000000e+00	0.000000e+00
4.700000e+02	4.800000e+02	0.000000e+00	0.000000e+00	0.000000e+00
4.800000e+02	4.900000e+02	0.000000e+00	0.000000e+00	0.000000e+00
4.900000e+02	5.000000e+02	0.000000e+00	0.000000e+00	0.000000e+00
# END HISTO1D


# BEGIN HISTO1D //homes/tinghua1/higgs-anomalous/Herwig7/gcc11_install_test/plots/H2Jets-NLO-mixed-combine.yoda/MC_H2JETS_04_LOOSE/Hjj_pT_excl
ErrorBandColor=orange
ErrorBandOpacity=0.3
ErrorBands=1
ErrorBars=1
ErrorType=env
LineColor=orange
LineStyle=solid
Path=//homes/tinghua1/higgs-anomalous/Herwig7/gcc11_install_test/plots/H2Jets-NLO-mixed-combine.yoda/MC_H2JETS_04_LOOSE/Hjj_pT_excl
RatioPlotSameStyle=1
Title=h(2*)-FO
# xlow	 xhigh	 val	 errminus	 errplus
0.000000e+00	1.000000e+01	1.187811e-02	3.538877e-02	0.000000e+00
1.000000e+01	2.000000e+01	3.530147e-02	0.000000e+00	1.279306e-02
2.000000e+01	3.000000e+01	1.014898e-02	0.000000e+00	3.605520e-03
3.000000e+01	4.000000e+01	8.322257e-05	0.000000e+00	4.651343e-05
4.000000e+01	5.000000e+01	3.009730e-05	0.000000e+00	1.741668e-05
5.000000e+01	6.000000e+01	1.188678e-05	0.000000e+00	7.187380e-06
6.000000e+01	7.000000e+01	4.995123e-06	0.000000e+00	3.093984e-06
7.000000e+01	8.000000e+01	1.875706e-06	0.000000e+00	1.595633e-06
8.000000e+01	9.000000e+01	6.873028e-07	0.000000e+00	6.143342e-07
9.000000e+01	1.000000e+02	2.095462e-07	0.000000e+00	1.628087e-07
1.000000e+02	1.100000e+02	4.430191e-08	0.000000e+00	4.997501e-08
1.100000e+02	1.200000e+02	1.027903e-08	0.000000e+00	7.931433e-08
1.200000e+02	1.300000e+02	7.758416e-10	2.916638e-10	5.846554e-10
1.300000e+02	1.400000e+02	5.212021e-11	1.699129e-11	0.000000e+00
1.400000e+02	1.500000e+02	1.517652e-18	0.000000e+00	3.919756e-16
1.500000e+02	1.600000e+02	0.000000e+00	0.000000e+00	0.000000e+00
1.600000e+02	1.700000e+02	0.000000e+00	0.000000e+00	0.000000e+00
1.700000e+02	1.800000e+02	0.000000e+00	0.000000e+00	0.000000e+00
1.800000e+02	1.900000e+02	0.000000e+00	0.000000e+00	0.000000e+00
1.900000e+02	2.000000e+02	0.000000e+00	0.000000e+00	0.000000e+00
2.000000e+02	2.100000e+02	0.000000e+00	0.000000e+00	0.000000e+00
2.100000e+02	2.200000e+02	0.000000e+00	0.000000e+00	0.000000e+00
2.200000e+02	2.300000e+02	0.000000e+00	0.000000e+00	0.000000e+00
2.300000e+02	2.400000e+02	0.000000e+00	0.000000e+00	0.000000e+00
2.400000e+02	2.500000e+02	0.000000e+00	0.000000e+00	0.000000e+00
2.500000e+02	2.600000e+02	0.000000e+00	0.000000e+00	0.000000e+00
2.600000e+02	2.700000e+02	0.000000e+00	0.000000e+00	0.000000e+00
2.700000e+02	2.800000e+02	0.000000e+00	0.000000e+00	0.000000e+00
2.800000e+02	2.900000e+02	0.000000e+00	0.000000e+00	0.000000e+00
2.900000e+02	3.000000e+02	0.000000e+00	0.000000e+00	0.000000e+00
3.000000e+02	3.100000e+02	0.000000e+00	0.000000e+00	0.000000e+00
3.100000e+02	3.200000e+02	0.000000e+00	0.000000e+00	0.000000e+00
3.200000e+02	3.300000e+02	0.000000e+00	0.000000e+00	0.000000e+00
3.300000e+02	3.400000e+02	0.000000e+00	0.000000e+00	0.000000e+00
3.400000e+02	3.500000e+02	0.000000e+00	0.000000e+00	0.000000e+00
3.500000e+02	3.600000e+02	0.000000e+00	0.000000e+00	0.000000e+00
3.600000e+02	3.700000e+02	0.000000e+00	0.000000e+00	0.000000e+00
3.700000e+02	3.800000e+02	0.000000e+00	0.000000e+00	0.000000e+00
3.800000e+02	3.900000e+02	0.000000e+00	0.000000e+00	0.000000e+00
3.900000e+02	4.000000e+02	0.000000e+00	0.000000e+00	0.000000e+00
4.000000e+02	4.100000e+02	0.000000e+00	0.000000e+00	0.000000e+00
4.100000e+02	4.200000e+02	0.000000e+00	0.000000e+00	0.000000e+00
4.200000e+02	4.300000e+02	0.000000e+00	0.000000e+00	0.000000e+00
4.300000e+02	4.400000e+02	0.000000e+00	0.000000e+00	0.000000e+00
4.400000e+02	4.500000e+02	0.000000e+00	0.000000e+00	0.000000e+00
4.500000e+02	4.600000e+02	0.000000e+00	0.000000e+00	0.000000e+00
4.600000e+02	4.700000e+02	0.000000e+00	0.000000e+00	0.000000e+00
4.700000e+02	4.800000e+02	0.000000e+00	0.000000e+00	0.000000e+00
4.800000e+02	4.900000e+02	0.000000e+00	0.000000e+00	0.000000e+00
4.900000e+02	5.000000e+02	0.000000e+00	0.000000e+00	0.000000e+00
# END HISTO1D

