# BEGIN PLOT
LegendOnly=//homes/tinghua1/higgs-anomalous/Herwig7/gcc11_install_test/plots/H-N2-N3-4-25gev-mixed-combine.yoda/MC_H2JETS_04_LOOSE/HT_all //homes/tinghua1/higgs-anomalous/Herwig7/gcc11_install_test/plots/H2Jets-NLOPS-mixed-combine.yoda/MC_H2JETS_04_LOOSE/HT_all //homes/tinghua1/higgs-anomalous/Herwig7/gcc11_install_test/plots/H2Jets-NLO-mixed-combine.yoda/MC_H2JETS_04_LOOSE/HT_all
DrawOnly=//homes/tinghua1/higgs-anomalous/Herwig7/gcc11_install_test/plots/H-N2-N3-4-25gev-mixed-combine.yoda/MC_H2JETS_04_LOOSE/HT_all //homes/tinghua1/higgs-anomalous/Herwig7/gcc11_install_test/plots/H2Jets-NLOPS-mixed-combine.yoda/MC_H2JETS_04_LOOSE/HT_all //homes/tinghua1/higgs-anomalous/Herwig7/gcc11_install_test/plots/H2Jets-NLO-mixed-combine.yoda/MC_H2JETS_04_LOOSE/HT_all
RightMargin=0.5
RatioPlotReference=//homes/tinghua1/higgs-anomalous/Herwig7/gcc11_install_test/plots/H-N2-N3-4-25gev-mixed-combine.yoda/MC_H2JETS_04_LOOSE/HT_all
RatioPlot=1
LogY=1
RatioPlotYMax=1.2
RatioPlotYLabel=Ratio
XLabel=$H_{T}(\text{all})$ (GeV)
LegendAlign=r
XMax=500.0
YLabel=$ \text{d} \sigma/ \text{d}  H_{T}(\text{all})$ (pb/GeV)
Legend=1
RatioPlotYMin=0.8
# END PLOT


# BEGIN SPECIAL /MC_H2JETS_04_LOOSE/HT_all
\rput[tl](0.05,0.75){\parbox{5cm}{\textcolor{gray}{{\bf Herwig 7.2.3} \\ VBFNLO 3.0.0}}}
# END SPECIAL

# BEGIN HISTO1D //homes/tinghua1/higgs-anomalous/Herwig7/gcc11_install_test/plots/H-N2-N3-4-25gev-mixed-combine.yoda/MC_H2JETS_04_LOOSE/HT_all
ErrorBandColor=red
ErrorBandOpacity=0.3
ErrorBands=1
ErrorBars=1
ErrorType=env
LineColor=red
LineStyle=solid
Path=//homes/tinghua1/higgs-anomalous/Herwig7/gcc11_install_test/plots/H-N2-N3-4-25gev-mixed-combine.yoda/MC_H2JETS_04_LOOSE/HT_all
RatioPlotSameStyle=1
Title=h(2*,3*,4)
# xlow	 xhigh	 val	 errminus	 errplus
0.000000e+00	4.000000e+01	0.000000e+00	0.000000e+00	0.000000e+00
4.000000e+01	8.000000e+01	1.161432e-06	0.000000e+00	1.449768e-07
8.000000e+01	1.200000e+02	2.825355e-05	0.000000e+00	2.171350e-06
1.200000e+02	1.600000e+02	1.296356e-04	0.000000e+00	2.919300e-06
1.600000e+02	2.000000e+02	3.258843e-04	5.850000e-07	3.439750e-06
2.000000e+02	2.400000e+02	5.996318e-04	0.000000e+00	2.744000e-06
2.400000e+02	2.800000e+02	9.067700e-04	8.310000e-06	0.000000e+00
2.800000e+02	3.200000e+02	1.182300e-03	2.078700e-05	0.000000e+00
3.200000e+02	3.600000e+02	1.376747e-03	3.899550e-05	0.000000e+00
3.600000e+02	4.000000e+02	1.490256e-03	3.596150e-05	0.000000e+00
4.000000e+02	4.400000e+02	1.519555e-03	4.453000e-05	0.000000e+00
4.400000e+02	4.800000e+02	1.495200e-03	4.413700e-05	0.000000e+00
4.800000e+02	5.200000e+02	1.414809e-03	1.900325e-05	4.113250e-06
5.200000e+02	5.600000e+02	1.337644e-03	5.125175e-05	0.000000e+00
5.600000e+02	6.000000e+02	1.250110e-03	5.015675e-05	0.000000e+00
6.000000e+02	6.400000e+02	1.135657e-03	3.925200e-05	0.000000e+00
6.400000e+02	6.800000e+02	1.035573e-03	1.310575e-05	2.609250e-06
6.800000e+02	7.200000e+02	9.276305e-04	3.148725e-05	1.411150e-05
7.200000e+02	7.600000e+02	8.344255e-04	5.216750e-06	1.459725e-05
7.600000e+02	8.000000e+02	7.673800e-04	0.000000e+00	1.232025e-05
8.000000e+02	8.400000e+02	6.948320e-04	1.413175e-05	0.000000e+00
8.400000e+02	8.800000e+02	6.265460e-04	1.391800e-05	0.000000e+00
8.800000e+02	9.200000e+02	5.521620e-04	3.748075e-05	0.000000e+00
9.200000e+02	9.600000e+02	5.069205e-04	2.734000e-06	7.142500e-07
9.600000e+02	1.000000e+03	4.483308e-04	0.000000e+00	1.516175e-05
1.000000e+03	1.040000e+03	4.215610e-04	2.041350e-05	0.000000e+00
1.040000e+03	1.080000e+03	3.783588e-04	3.610950e-05	1.445250e-06
1.080000e+03	1.120000e+03	3.286835e-04	1.424025e-05	0.000000e+00
1.120000e+03	1.160000e+03	3.214067e-04	1.991750e-05	0.000000e+00
1.160000e+03	1.200000e+03	2.860727e-04	2.039800e-05	7.697500e-07
1.200000e+03	1.240000e+03	2.487096e-04	6.210800e-06	1.435395e-05
1.240000e+03	1.280000e+03	2.224208e-04	1.776000e-06	2.332075e-06
1.280000e+03	1.320000e+03	2.007373e-04	1.922675e-06	1.096457e-05
1.320000e+03	1.360000e+03	1.929805e-04	1.279250e-05	0.000000e+00
1.360000e+03	1.400000e+03	1.753793e-04	1.575878e-05	0.000000e+00
1.400000e+03	1.440000e+03	1.583068e-04	1.021178e-05	0.000000e+00
1.440000e+03	1.480000e+03	1.356185e-04	1.214300e-06	4.441800e-06
1.480000e+03	1.520000e+03	1.164888e-04	0.000000e+00	1.473337e-05
1.520000e+03	1.560000e+03	1.193841e-04	3.087650e-06	8.174925e-06
1.560000e+03	1.600000e+03	1.080378e-04	1.264552e-05	0.000000e+00
1.600000e+03	1.640000e+03	9.923930e-05	9.464225e-06	0.000000e+00
1.640000e+03	1.680000e+03	8.462162e-05	2.371300e-06	3.832050e-06
1.680000e+03	1.720000e+03	7.736355e-05	0.000000e+00	5.497300e-06
1.720000e+03	1.760000e+03	7.259267e-05	1.085090e-05	0.000000e+00
1.760000e+03	1.800000e+03	7.802748e-05	3.383388e-05	0.000000e+00
1.800000e+03	1.840000e+03	5.470470e-05	0.000000e+00	1.182792e-05
1.840000e+03	1.880000e+03	5.464862e-05	1.190925e-05	5.763575e-06
1.880000e+03	1.920000e+03	5.711755e-05	3.433675e-06	0.000000e+00
1.920000e+03	1.960000e+03	4.190825e-05	0.000000e+00	9.916225e-06
1.960000e+03	2.000000e+03	4.176452e-05	6.068450e-06	0.000000e+00
2.000000e+03	2.040000e+03	3.704070e-05	0.000000e+00	2.154925e-06
2.040000e+03	2.080000e+03	3.020703e-05	0.000000e+00	8.948525e-06
2.080000e+03	2.120000e+03	3.077835e-05	2.889550e-06	6.948200e-06
2.120000e+03	2.160000e+03	3.724865e-05	6.947650e-06	0.000000e+00
2.160000e+03	2.200000e+03	3.939815e-05	1.405982e-05	0.000000e+00
2.200000e+03	2.240000e+03	2.829190e-05	0.000000e+00	6.547900e-06
2.240000e+03	2.280000e+03	2.218857e-05	0.000000e+00	5.467530e-06
2.280000e+03	2.320000e+03	1.504495e-05	0.000000e+00	8.333405e-06
2.320000e+03	2.360000e+03	2.123688e-05	9.503650e-06	0.000000e+00
2.360000e+03	2.400000e+03	2.364209e-05	9.458168e-06	0.000000e+00
2.400000e+03	2.440000e+03	1.699012e-05	0.000000e+00	8.675675e-07
2.440000e+03	2.480000e+03	1.769875e-05	2.737875e-07	0.000000e+00
2.480000e+03	2.520000e+03	1.258002e-05	0.000000e+00	1.376558e-05
2.520000e+03	2.560000e+03	1.239210e-05	2.432390e-06	3.409682e-06
2.560000e+03	2.600000e+03	8.598407e-06	0.000000e+00	2.139797e-05
2.600000e+03	2.640000e+03	8.819195e-06	2.743393e-06	4.558000e-08
2.640000e+03	2.680000e+03	1.396964e-05	2.106575e-06	2.828596e-05
2.680000e+03	2.720000e+03	1.168959e-05	4.749707e-06	0.000000e+00
2.720000e+03	2.760000e+03	9.288393e-06	3.334850e-07	4.208872e-06
2.760000e+03	2.800000e+03	1.816458e-05	2.611111e-05	0.000000e+00
2.800000e+03	2.840000e+03	7.286380e-06	0.000000e+00	1.204858e-06
2.840000e+03	2.880000e+03	8.556343e-06	4.884725e-07	2.968047e-06
2.880000e+03	2.920000e+03	5.699532e-06	4.176125e-07	1.812450e-06
2.920000e+03	2.960000e+03	7.820615e-06	1.001850e-06	9.062575e-06
2.960000e+03	3.000000e+03	7.043285e-06	1.670567e-06	0.000000e+00
3.000000e+03	3.040000e+03	2.269675e-06	0.000000e+00	3.782863e-06
3.040000e+03	3.080000e+03	5.283737e-06	0.000000e+00	3.608320e-06
3.080000e+03	3.120000e+03	4.444995e-06	7.516350e-06	0.000000e+00
3.120000e+03	3.160000e+03	3.872815e-06	1.636569e-06	1.117350e-07
3.160000e+03	3.200000e+03	2.354125e-06	0.000000e+00	8.013503e-06
3.200000e+03	3.240000e+03	3.814520e-06	0.000000e+00	3.950670e-06
3.240000e+03	3.280000e+03	3.572095e-06	1.710558e-06	0.000000e+00
3.280000e+03	3.320000e+03	3.011210e-06	9.269230e-07	2.616075e-07
3.320000e+03	3.360000e+03	2.009459e-06	0.000000e+00	6.839736e-06
3.360000e+03	3.400000e+03	2.958420e-06	0.000000e+00	1.109055e-06
3.400000e+03	3.440000e+03	1.667382e-06	4.504234e-06	1.696444e-06
3.440000e+03	3.480000e+03	4.610223e-06	2.062698e-06	0.000000e+00
3.480000e+03	3.520000e+03	1.614976e-06	1.001795e-07	2.308977e-06
3.520000e+03	3.560000e+03	2.101132e-06	1.256489e-06	4.567455e-07
3.560000e+03	3.600000e+03	1.536968e-06	7.126950e-07	0.000000e+00
3.600000e+03	3.640000e+03	2.978463e-06	2.009319e-06	0.000000e+00
3.640000e+03	3.680000e+03	2.046371e-06	3.850598e-07	0.000000e+00
3.680000e+03	3.720000e+03	3.444830e-06	4.588198e-06	0.000000e+00
3.720000e+03	3.760000e+03	1.137221e-06	0.000000e+00	5.441166e-06
3.760000e+03	3.800000e+03	1.539039e-06	1.755159e-06	0.000000e+00
3.800000e+03	3.840000e+03	-1.694685e-06	0.000000e+00	3.012973e-06
3.840000e+03	3.880000e+03	1.410008e-06	6.344327e-07	0.000000e+00
3.880000e+03	3.920000e+03	3.141502e-05	2.869311e-05	0.000000e+00
3.920000e+03	3.960000e+03	1.312614e-06	4.901882e-07	9.378323e-06
3.960000e+03	4.000000e+03	9.472567e-07	1.982775e-07	0.000000e+00
4.000000e+03	4.040000e+03	-1.045335e-07	8.583235e-07	8.787145e-07
4.040000e+03	4.080000e+03	6.998302e-07	0.000000e+00	3.785908e-07
4.080000e+03	4.120000e+03	2.504780e-07	0.000000e+00	3.649455e-06
4.120000e+03	4.160000e+03	4.402245e-07	0.000000e+00	3.052545e-07
4.160000e+03	4.200000e+03	5.097195e-07	0.000000e+00	6.446695e-07
4.200000e+03	4.240000e+03	1.494352e-06	1.004512e-06	0.000000e+00
4.240000e+03	4.280000e+03	4.110315e-07	0.000000e+00	3.560445e-07
4.280000e+03	4.320000e+03	4.498763e-07	1.024483e-07	2.682803e-07
4.320000e+03	4.360000e+03	3.049980e-07	9.314525e-07	0.000000e+00
4.360000e+03	4.400000e+03	3.661223e-07	8.381675e-08	1.511328e-06
4.400000e+03	4.440000e+03	6.011490e-07	3.299188e-07	0.000000e+00
4.440000e+03	4.480000e+03	6.419725e-09	0.000000e+00	5.126013e-07
4.480000e+03	4.520000e+03	1.307656e-07	0.000000e+00	1.243901e-07
4.520000e+03	4.560000e+03	2.514633e-07	3.919028e-08	6.770575e-08
4.560000e+03	4.600000e+03	-1.547162e-07	0.000000e+00	4.226032e-07
4.600000e+03	4.640000e+03	3.357823e-07	0.000000e+00	5.282050e-08
4.640000e+03	4.680000e+03	1.652754e-07	0.000000e+00	2.441910e-08
4.680000e+03	4.720000e+03	1.138654e-07	0.000000e+00	4.455424e-07
4.720000e+03	4.760000e+03	1.534256e-07	1.638918e-07	6.814953e-08
4.760000e+03	4.800000e+03	8.731460e-08	5.952624e-07	1.377459e-07
4.800000e+03	4.840000e+03	1.980815e-07	3.175873e-07	0.000000e+00
4.840000e+03	4.880000e+03	3.860858e-07	2.143757e-07	2.125975e-07
4.880000e+03	4.920000e+03	8.365135e-07	6.187048e-06	0.000000e+00
4.920000e+03	4.960000e+03	1.043782e-07	7.387039e-07	0.000000e+00
4.960000e+03	5.000000e+03	-5.070977e-08	0.000000e+00	1.862766e-07
5.000000e+03	5.040000e+03	1.805091e-07	0.000000e+00	9.770090e-08
5.040000e+03	5.080000e+03	6.018560e-08	0.000000e+00	1.289619e-07
5.080000e+03	5.120000e+03	-3.914635e-07	0.000000e+00	5.531611e-07
5.120000e+03	5.160000e+03	1.110809e-07	0.000000e+00	5.146775e-08
5.160000e+03	5.200000e+03	-7.450727e-09	0.000000e+00	1.528805e-07
5.200000e+03	5.240000e+03	8.583243e-08	3.373798e-08	4.457225e-09
5.240000e+03	5.280000e+03	1.500188e-07	1.243394e-07	0.000000e+00
5.280000e+03	5.320000e+03	-1.741330e-08	0.000000e+00	6.082111e-07
5.320000e+03	5.360000e+03	3.800217e-08	5.535073e-08	1.393365e-08
5.360000e+03	5.400000e+03	-4.382865e-07	0.000000e+00	5.612389e-07
5.400000e+03	5.440000e+03	6.764065e-08	5.163425e-09	2.346815e-08
5.440000e+03	5.480000e+03	7.050315e-08	3.285510e-08	2.769667e-08
5.480000e+03	5.520000e+03	3.989455e-08	8.039150e-09	4.815632e-08
5.520000e+03	5.560000e+03	7.576113e-08	5.371073e-08	0.000000e+00
5.560000e+03	5.600000e+03	4.936633e-08	2.342478e-08	8.480300e-09
5.600000e+03	5.640000e+03	-1.908167e-07	0.000000e+00	2.576044e-07
5.640000e+03	5.680000e+03	5.379442e-08	1.152925e-07	0.000000e+00
5.680000e+03	5.720000e+03	5.829203e-08	4.963461e-08	0.000000e+00
5.720000e+03	5.760000e+03	4.377330e-09	0.000000e+00	3.032734e-08
5.760000e+03	5.800000e+03	8.858880e-09	9.182666e-08	2.565760e-09
5.800000e+03	5.840000e+03	7.505747e-08	6.911394e-08	0.000000e+00
5.840000e+03	5.880000e+03	-5.400333e-08	0.000000e+00	1.260616e-07
5.880000e+03	5.920000e+03	-6.964228e-08	0.000000e+00	1.161404e-07
5.920000e+03	5.960000e+03	-3.753405e-11	6.682377e-08	0.000000e+00
5.960000e+03	6.000000e+03	3.856935e-08	0.000000e+00	1.229190e-07
# END HISTO1D


# BEGIN HISTO1D //homes/tinghua1/higgs-anomalous/Herwig7/gcc11_install_test/plots/H2Jets-NLOPS-mixed-combine.yoda/MC_H2JETS_04_LOOSE/HT_all
ErrorBandColor=green
ErrorBandOpacity=0.3
ErrorBands=1
ErrorBars=1
ErrorType=env
LineColor=green
LineStyle=solid
Path=//homes/tinghua1/higgs-anomalous/Herwig7/gcc11_install_test/plots/H2Jets-NLOPS-mixed-combine.yoda/MC_H2JETS_04_LOOSE/HT_all
RatioPlotSameStyle=1
Title=h(2*) $\oplus$ PS
# xlow	 xhigh	 val	 errminus	 errplus
0.000000e+00	4.000000e+01	0.000000e+00	0.000000e+00	0.000000e+00
4.000000e+01	8.000000e+01	1.163959e-06	0.000000e+00	1.174035e-07
8.000000e+01	1.200000e+02	2.861978e-05	0.000000e+00	2.082325e-06
1.200000e+02	1.600000e+02	1.324252e-04	0.000000e+00	3.289350e-06
1.600000e+02	2.000000e+02	3.343093e-04	6.117500e-07	0.000000e+00
2.000000e+02	2.400000e+02	6.173650e-04	9.503250e-06	0.000000e+00
2.400000e+02	2.800000e+02	9.299715e-04	2.230100e-05	0.000000e+00
2.800000e+02	3.200000e+02	1.208063e-03	3.891275e-05	0.000000e+00
3.200000e+02	3.600000e+02	1.404431e-03	4.997625e-05	0.000000e+00
3.600000e+02	4.000000e+02	1.509727e-03	5.831700e-05	0.000000e+00
4.000000e+02	4.400000e+02	1.535451e-03	5.891125e-05	0.000000e+00
4.400000e+02	4.800000e+02	1.504220e-03	5.679725e-05	0.000000e+00
4.800000e+02	5.200000e+02	1.435499e-03	5.473825e-05	0.000000e+00
5.200000e+02	5.600000e+02	1.344495e-03	5.038300e-05	0.000000e+00
5.600000e+02	6.000000e+02	1.243570e-03	4.477175e-05	0.000000e+00
6.000000e+02	6.400000e+02	1.138273e-03	3.952725e-05	0.000000e+00
6.400000e+02	6.800000e+02	1.037010e-03	3.625675e-05	0.000000e+00
6.800000e+02	7.200000e+02	9.394183e-04	3.015700e-05	0.000000e+00
7.200000e+02	7.600000e+02	8.493278e-04	2.630350e-05	0.000000e+00
7.600000e+02	8.000000e+02	7.661465e-04	2.391175e-05	0.000000e+00
8.000000e+02	8.400000e+02	6.899560e-04	2.013875e-05	0.000000e+00
8.400000e+02	8.800000e+02	6.216665e-04	1.773325e-05	0.000000e+00
8.800000e+02	9.200000e+02	5.594765e-04	1.594650e-05	0.000000e+00
9.200000e+02	9.600000e+02	5.040498e-04	1.395025e-05	0.000000e+00
9.600000e+02	1.000000e+03	4.529237e-04	1.063675e-05	0.000000e+00
1.000000e+03	1.040000e+03	4.092205e-04	1.128800e-05	0.000000e+00
1.040000e+03	1.080000e+03	3.686547e-04	9.221750e-06	0.000000e+00
1.080000e+03	1.120000e+03	3.334225e-04	8.279000e-06	0.000000e+00
1.120000e+03	1.160000e+03	3.005893e-04	6.850250e-06	0.000000e+00
1.160000e+03	1.200000e+03	2.716537e-04	4.940250e-06	0.000000e+00
1.200000e+03	1.240000e+03	2.457124e-04	5.136400e-06	0.000000e+00
1.240000e+03	1.280000e+03	2.232821e-04	4.573150e-06	0.000000e+00
1.280000e+03	1.320000e+03	2.024766e-04	4.547525e-06	0.000000e+00
1.320000e+03	1.360000e+03	1.830138e-04	3.863800e-06	0.000000e+00
1.360000e+03	1.400000e+03	1.666295e-04	3.118525e-06	0.000000e+00
1.400000e+03	1.440000e+03	1.515265e-04	3.105700e-06	0.000000e+00
1.440000e+03	1.480000e+03	1.377543e-04	2.624975e-06	0.000000e+00
1.480000e+03	1.520000e+03	1.248623e-04	1.220375e-06	5.483250e-07
1.520000e+03	1.560000e+03	1.146551e-04	2.067900e-06	0.000000e+00
1.560000e+03	1.600000e+03	1.043650e-04	1.532300e-06	1.656750e-07
1.600000e+03	1.640000e+03	9.530210e-05	1.406225e-06	0.000000e+00
1.640000e+03	1.680000e+03	8.701015e-05	1.109100e-06	1.516750e-07
1.680000e+03	1.720000e+03	7.971255e-05	1.175325e-06	0.000000e+00
1.720000e+03	1.760000e+03	7.281412e-05	1.004075e-06	0.000000e+00
1.760000e+03	1.800000e+03	6.716647e-05	1.386450e-06	0.000000e+00
1.800000e+03	1.840000e+03	6.126250e-05	1.079775e-06	0.000000e+00
1.840000e+03	1.880000e+03	5.591800e-05	7.609000e-07	3.925000e-08
1.880000e+03	1.920000e+03	5.155710e-05	7.133000e-07	1.545000e-07
1.920000e+03	1.960000e+03	4.691330e-05	3.711500e-07	4.992000e-07
1.960000e+03	2.000000e+03	4.337967e-05	2.786250e-07	1.164000e-07
2.000000e+03	2.040000e+03	4.037415e-05	1.032850e-06	0.000000e+00
2.040000e+03	2.080000e+03	3.664913e-05	4.496500e-07	7.662500e-08
2.080000e+03	2.120000e+03	3.387990e-05	5.449000e-07	0.000000e+00
2.120000e+03	2.160000e+03	3.103930e-05	6.660750e-07	0.000000e+00
2.160000e+03	2.200000e+03	2.852695e-05	0.000000e+00	1.138000e-07
2.200000e+03	2.240000e+03	2.614765e-05	1.736250e-07	2.201500e-07
2.240000e+03	2.280000e+03	2.422464e-05	1.223675e-07	0.000000e+00
2.280000e+03	2.320000e+03	2.233466e-05	9.136500e-08	3.564950e-07
2.320000e+03	2.360000e+03	2.065453e-05	0.000000e+00	1.281925e-07
2.360000e+03	2.400000e+03	1.889479e-05	0.000000e+00	1.917375e-07
2.400000e+03	2.440000e+03	1.741141e-05	0.000000e+00	9.200250e-08
2.440000e+03	2.480000e+03	1.632096e-05	3.417050e-07	1.223500e-08
2.480000e+03	2.520000e+03	1.495623e-05	0.000000e+00	1.452850e-07
2.520000e+03	2.560000e+03	1.358206e-05	0.000000e+00	2.881000e-07
2.560000e+03	2.600000e+03	1.281664e-05	0.000000e+00	1.110975e-07
2.600000e+03	2.640000e+03	1.189684e-05	6.209500e-08	9.620000e-08
2.640000e+03	2.680000e+03	1.094510e-05	9.055250e-08	2.246500e-08
2.680000e+03	2.720000e+03	1.001988e-05	0.000000e+00	7.668500e-08
2.720000e+03	2.760000e+03	9.236540e-06	0.000000e+00	2.496300e-07
2.760000e+03	2.800000e+03	8.827178e-06	3.533800e-07	0.000000e+00
2.800000e+03	2.840000e+03	7.864105e-06	0.000000e+00	1.754250e-07
2.840000e+03	2.880000e+03	7.423225e-06	1.044550e-07	1.848000e-08
2.880000e+03	2.920000e+03	6.774527e-06	1.121250e-08	1.704900e-07
2.920000e+03	2.960000e+03	6.360910e-06	4.528250e-08	0.000000e+00
2.960000e+03	3.000000e+03	5.890410e-06	2.816250e-08	2.813500e-08
3.000000e+03	3.040000e+03	5.386965e-06	0.000000e+00	4.719250e-08
3.040000e+03	3.080000e+03	5.046553e-06	9.620000e-09	9.254750e-08
3.080000e+03	3.120000e+03	4.684440e-06	6.529250e-08	6.014750e-08
3.120000e+03	3.160000e+03	4.279600e-06	0.000000e+00	8.498250e-08
3.160000e+03	3.200000e+03	4.048567e-06	1.441475e-07	2.340500e-08
3.200000e+03	3.240000e+03	3.692687e-06	6.015000e-09	7.546750e-08
3.240000e+03	3.280000e+03	3.399635e-06	0.000000e+00	1.016475e-07
3.280000e+03	3.320000e+03	3.229980e-06	3.207250e-08	0.000000e+00
3.320000e+03	3.360000e+03	2.904800e-06	0.000000e+00	1.143900e-07
3.360000e+03	3.400000e+03	2.756022e-06	5.033250e-08	1.246000e-08
3.400000e+03	3.440000e+03	2.513472e-06	0.000000e+00	1.114125e-07
3.440000e+03	3.480000e+03	2.358248e-06	3.563775e-08	6.864000e-09
3.480000e+03	3.520000e+03	2.179545e-06	0.000000e+00	1.428545e-07
3.520000e+03	3.560000e+03	1.981165e-06	0.000000e+00	3.788625e-08
3.560000e+03	3.600000e+03	1.856151e-06	0.000000e+00	4.446475e-08
3.600000e+03	3.640000e+03	1.646650e-06	0.000000e+00	1.082685e-07
3.640000e+03	3.680000e+03	1.600904e-06	7.041750e-09	0.000000e+00
3.680000e+03	3.720000e+03	1.468582e-06	0.000000e+00	3.649900e-08
3.720000e+03	3.760000e+03	1.391404e-06	0.000000e+00	1.571450e-08
3.760000e+03	3.800000e+03	1.331700e-06	6.916375e-08	0.000000e+00
3.800000e+03	3.840000e+03	1.191737e-06	0.000000e+00	1.170100e-08
3.840000e+03	3.880000e+03	1.107117e-06	2.674000e-08	1.554975e-08
3.880000e+03	3.920000e+03	1.031883e-06	1.073800e-08	8.447500e-10
3.920000e+03	3.960000e+03	9.487205e-07	0.000000e+00	1.656250e-08
3.960000e+03	4.000000e+03	8.695485e-07	7.161500e-09	3.502450e-08
4.000000e+03	4.040000e+03	8.076270e-07	0.000000e+00	3.698600e-08
4.040000e+03	4.080000e+03	7.753232e-07	3.486325e-08	0.000000e+00
4.080000e+03	4.120000e+03	6.838108e-07	0.000000e+00	4.489725e-08
4.120000e+03	4.160000e+03	6.702703e-07	4.274750e-08	2.319000e-09
4.160000e+03	4.200000e+03	5.850148e-07	0.000000e+00	4.929750e-08
4.200000e+03	4.240000e+03	5.622793e-07	6.388250e-09	2.029300e-08
4.240000e+03	4.280000e+03	4.942535e-07	0.000000e+00	4.665925e-08
4.280000e+03	4.320000e+03	4.598103e-07	0.000000e+00	5.788300e-08
4.320000e+03	4.360000e+03	4.459167e-07	7.426750e-09	0.000000e+00
4.360000e+03	4.400000e+03	4.151490e-07	0.000000e+00	3.017725e-08
4.400000e+03	4.440000e+03	3.722012e-07	1.890750e-09	2.276775e-08
4.440000e+03	4.480000e+03	3.599527e-07	1.289925e-08	3.069275e-08
4.480000e+03	4.520000e+03	3.196490e-07	0.000000e+00	2.256125e-08
4.520000e+03	4.560000e+03	2.975923e-07	3.889750e-09	1.745250e-09
4.560000e+03	4.600000e+03	2.632873e-07	0.000000e+00	1.310175e-08
4.600000e+03	4.640000e+03	2.576893e-07	0.000000e+00	1.754175e-08
4.640000e+03	4.680000e+03	2.383962e-07	9.695650e-09	0.000000e+00
4.680000e+03	4.720000e+03	2.063615e-07	0.000000e+00	1.838550e-08
4.720000e+03	4.760000e+03	2.059811e-07	0.000000e+00	8.662025e-09
4.760000e+03	4.800000e+03	1.950305e-07	4.868125e-09	0.000000e+00
4.800000e+03	4.840000e+03	1.780252e-07	1.649950e-09	1.984155e-08
4.840000e+03	4.880000e+03	1.598608e-07	0.000000e+00	1.441335e-08
4.880000e+03	4.920000e+03	1.478515e-07	0.000000e+00	7.134700e-09
4.920000e+03	4.960000e+03	1.355044e-07	8.436250e-10	1.534712e-08
4.960000e+03	5.000000e+03	1.261061e-07	0.000000e+00	4.415550e-09
5.000000e+03	5.040000e+03	1.044433e-07	0.000000e+00	2.541212e-08
5.040000e+03	5.080000e+03	1.036701e-07	0.000000e+00	9.445900e-09
5.080000e+03	5.120000e+03	1.015573e-07	0.000000e+00	6.107225e-09
5.120000e+03	5.160000e+03	9.311147e-08	4.926300e-09	1.431970e-08
5.160000e+03	5.200000e+03	8.318370e-08	0.000000e+00	9.441000e-09
5.200000e+03	5.240000e+03	7.926313e-08	0.000000e+00	8.300300e-09
5.240000e+03	5.280000e+03	8.145878e-08	4.534150e-09	0.000000e+00
5.280000e+03	5.320000e+03	6.696585e-08	4.806000e-10	2.521900e-09
5.320000e+03	5.360000e+03	6.875610e-08	5.177900e-09	0.000000e+00
5.360000e+03	5.400000e+03	5.906515e-08	0.000000e+00	1.038573e-08
5.400000e+03	5.440000e+03	5.034488e-08	1.044225e-09	1.096665e-08
5.440000e+03	5.480000e+03	4.883097e-08	0.000000e+00	6.456125e-09
5.480000e+03	5.520000e+03	4.786747e-08	0.000000e+00	2.136825e-09
5.520000e+03	5.560000e+03	4.279797e-08	1.672650e-09	2.130500e-10
5.560000e+03	5.600000e+03	3.660745e-08	5.715975e-09	1.385227e-08
5.600000e+03	5.640000e+03	3.335088e-08	3.786000e-09	1.189825e-09
5.640000e+03	5.680000e+03	2.766807e-08	0.000000e+00	1.412735e-08
5.680000e+03	5.720000e+03	3.370435e-08	3.032850e-09	0.000000e+00
5.720000e+03	5.760000e+03	2.506047e-08	0.000000e+00	4.883050e-09
5.760000e+03	5.800000e+03	2.279423e-08	0.000000e+00	3.067967e-09
5.800000e+03	5.840000e+03	2.460840e-08	3.547572e-09	2.567748e-09
5.840000e+03	5.880000e+03	1.973588e-08	0.000000e+00	3.228415e-09
5.880000e+03	5.920000e+03	2.043899e-08	2.303610e-09	0.000000e+00
5.920000e+03	5.960000e+03	1.760332e-08	0.000000e+00	4.565192e-09
5.960000e+03	6.000000e+03	2.062478e-08	2.132442e-09	0.000000e+00
# END HISTO1D


# BEGIN HISTO1D //homes/tinghua1/higgs-anomalous/Herwig7/gcc11_install_test/plots/H2Jets-NLO-mixed-combine.yoda/MC_H2JETS_04_LOOSE/HT_all
ErrorBandColor=orange
ErrorBandOpacity=0.3
ErrorBands=1
ErrorBars=1
ErrorType=env
LineColor=orange
LineStyle=solid
Path=//homes/tinghua1/higgs-anomalous/Herwig7/gcc11_install_test/plots/H2Jets-NLO-mixed-combine.yoda/MC_H2JETS_04_LOOSE/HT_all
RatioPlotSameStyle=1
Title=h(2*)-FO
# xlow	 xhigh	 val	 errminus	 errplus
0.000000e+00	4.000000e+01	0.000000e+00	0.000000e+00	0.000000e+00
4.000000e+01	8.000000e+01	1.228653e-06	2.118018e-07	0.000000e+00
8.000000e+01	1.200000e+02	2.602165e-05	0.000000e+00	5.373500e-07
1.200000e+02	1.600000e+02	1.257351e-04	4.357075e-06	0.000000e+00
1.600000e+02	2.000000e+02	3.182788e-04	9.622500e-06	0.000000e+00
2.000000e+02	2.400000e+02	6.000277e-04	2.881650e-05	0.000000e+00
2.400000e+02	2.800000e+02	9.085258e-04	3.636675e-05	0.000000e+00
2.800000e+02	3.200000e+02	1.204169e-03	5.728100e-05	0.000000e+00
3.200000e+02	3.600000e+02	1.384295e-03	4.070675e-05	0.000000e+00
3.600000e+02	4.000000e+02	1.527623e-03	6.703925e-05	0.000000e+00
4.000000e+02	4.400000e+02	1.560842e-03	6.037425e-05	0.000000e+00
4.400000e+02	4.800000e+02	1.530738e-03	5.653075e-05	0.000000e+00
4.800000e+02	5.200000e+02	1.463727e-03	2.826550e-05	0.000000e+00
5.200000e+02	5.600000e+02	1.375506e-03	3.220250e-05	0.000000e+00
5.600000e+02	6.000000e+02	1.283884e-03	4.485525e-05	0.000000e+00
6.000000e+02	6.400000e+02	1.154282e-03	9.571750e-06	8.710250e-06
6.400000e+02	6.800000e+02	1.066726e-03	3.140650e-05	0.000000e+00
6.800000e+02	7.200000e+02	9.579347e-04	3.349250e-06	6.531750e-06
7.200000e+02	7.600000e+02	8.695163e-04	2.669850e-05	4.163250e-06
7.600000e+02	8.000000e+02	7.873135e-04	6.536500e-06	0.000000e+00
8.000000e+02	8.400000e+02	7.077380e-04	8.206750e-06	7.527500e-06
8.400000e+02	8.800000e+02	6.498687e-04	1.920325e-05	0.000000e+00
8.800000e+02	9.200000e+02	5.672480e-04	9.081250e-06	0.000000e+00
9.200000e+02	9.600000e+02	5.087780e-04	0.000000e+00	1.975750e-05
9.600000e+02	1.000000e+03	4.684608e-04	1.629175e-05	0.000000e+00
1.000000e+03	1.040000e+03	4.251818e-04	8.951250e-06	0.000000e+00
1.040000e+03	1.080000e+03	3.828463e-04	1.763875e-05	1.177825e-05
1.080000e+03	1.120000e+03	3.485102e-04	2.347300e-05	0.000000e+00
1.120000e+03	1.160000e+03	2.876378e-04	0.000000e+00	2.383975e-05
1.160000e+03	1.200000e+03	2.844022e-04	5.631750e-06	1.508250e-06
1.200000e+03	1.240000e+03	2.579413e-04	1.034428e-05	0.000000e+00
1.240000e+03	1.280000e+03	2.236030e-04	0.000000e+00	1.037688e-05
1.280000e+03	1.320000e+03	2.121708e-04	8.594625e-06	1.229147e-05
1.320000e+03	1.360000e+03	1.865420e-04	9.106550e-06	4.889300e-06
1.360000e+03	1.400000e+03	1.619459e-04	5.434750e-07	2.127900e-06
1.400000e+03	1.440000e+03	1.569869e-04	6.849400e-06	8.754175e-06
1.440000e+03	1.480000e+03	1.465400e-04	9.218150e-06	0.000000e+00
1.480000e+03	1.520000e+03	1.265513e-04	0.000000e+00	9.815875e-06
1.520000e+03	1.560000e+03	1.154196e-04	2.479275e-06	1.908725e-06
1.560000e+03	1.600000e+03	1.094039e-04	0.000000e+00	6.743300e-06
1.600000e+03	1.640000e+03	9.909420e-05	8.367575e-06	0.000000e+00
1.640000e+03	1.680000e+03	8.465718e-05	0.000000e+00	9.524000e-06
1.680000e+03	1.720000e+03	8.184148e-05	7.339725e-06	0.000000e+00
1.720000e+03	1.760000e+03	7.203527e-05	0.000000e+00	1.497800e-05
1.760000e+03	1.800000e+03	7.019915e-05	1.502792e-05	4.192150e-06
1.800000e+03	1.840000e+03	6.344203e-05	8.662475e-06	1.705600e-06
1.840000e+03	1.880000e+03	5.404773e-05	0.000000e+00	7.901450e-06
1.880000e+03	1.920000e+03	5.610960e-05	4.452475e-06	0.000000e+00
1.920000e+03	1.960000e+03	4.944228e-05	4.791350e-06	5.923750e-07
1.960000e+03	2.000000e+03	3.981092e-05	0.000000e+00	5.457625e-06
2.000000e+03	2.040000e+03	4.137605e-05	2.926450e-06	1.326750e-06
2.040000e+03	2.080000e+03	4.457365e-05	4.660075e-06	0.000000e+00
2.080000e+03	2.120000e+03	2.912957e-05	1.917150e-06	3.568175e-06
2.120000e+03	2.160000e+03	3.069775e-05	0.000000e+00	7.845250e-06
2.160000e+03	2.200000e+03	2.919095e-05	4.431152e-06	7.803000e-07
2.200000e+03	2.240000e+03	2.834463e-05	5.006035e-06	3.925000e-08
2.240000e+03	2.280000e+03	2.637835e-05	3.942643e-06	4.555000e-07
2.280000e+03	2.320000e+03	1.998541e-05	3.338750e-07	2.098060e-06
2.320000e+03	2.360000e+03	2.283355e-05	7.004000e-07	3.043000e-06
2.360000e+03	2.400000e+03	1.840926e-05	1.021795e-06	8.294325e-07
2.400000e+03	2.440000e+03	1.750945e-05	0.000000e+00	2.481860e-06
2.440000e+03	2.480000e+03	1.672503e-05	2.761850e-06	7.521375e-07
2.480000e+03	2.520000e+03	1.610886e-05	0.000000e+00	7.006247e-06
2.520000e+03	2.560000e+03	1.640974e-05	2.683083e-06	0.000000e+00
2.560000e+03	2.600000e+03	1.144208e-05	0.000000e+00	3.428475e-06
2.600000e+03	2.640000e+03	1.073959e-05	5.882575e-07	1.690277e-06
2.640000e+03	2.680000e+03	1.246875e-05	0.000000e+00	9.664700e-07
2.680000e+03	2.720000e+03	8.802390e-06	9.198550e-07	2.421848e-06
2.720000e+03	2.760000e+03	1.087914e-05	1.999095e-06	1.215150e-07
2.760000e+03	2.800000e+03	7.236595e-06	0.000000e+00	3.948643e-06
2.800000e+03	2.840000e+03	8.630215e-06	2.263190e-06	0.000000e+00
2.840000e+03	2.880000e+03	7.934327e-06	0.000000e+00	6.139353e-06
2.880000e+03	2.920000e+03	6.046992e-06	0.000000e+00	1.933256e-05
2.920000e+03	2.960000e+03	6.751915e-06	2.364869e-05	0.000000e+00
2.960000e+03	3.000000e+03	6.047722e-06	1.366265e-06	0.000000e+00
3.000000e+03	3.040000e+03	5.887122e-06	4.512450e-07	6.954750e-08
3.040000e+03	3.080000e+03	4.843125e-06	3.535700e-07	2.457400e-07
3.080000e+03	3.120000e+03	5.596883e-06	1.959185e-06	3.512235e-06
3.120000e+03	3.160000e+03	4.527202e-06	0.000000e+00	1.169170e-06
3.160000e+03	3.200000e+03	4.522360e-06	0.000000e+00	1.718900e-07
3.200000e+03	3.240000e+03	3.237048e-06	0.000000e+00	9.088600e-07
3.240000e+03	3.280000e+03	3.517600e-06	8.966250e-08	1.354875e-07
3.280000e+03	3.320000e+03	2.566240e-06	0.000000e+00	3.899675e-07
3.320000e+03	3.360000e+03	3.503860e-06	2.499950e-07	6.131800e-07
3.360000e+03	3.400000e+03	2.703210e-06	0.000000e+00	7.290275e-07
3.400000e+03	3.440000e+03	3.185825e-06	9.988115e-07	0.000000e+00
3.440000e+03	3.480000e+03	4.401875e-06	2.296540e-06	0.000000e+00
3.480000e+03	3.520000e+03	3.568317e-07	0.000000e+00	3.236246e-06
3.520000e+03	3.560000e+03	6.026160e-07	1.255873e-07	2.257657e-06
3.560000e+03	3.600000e+03	3.007108e-06	1.178667e-06	0.000000e+00
3.600000e+03	3.640000e+03	1.347996e-06	7.705352e-07	0.000000e+00
3.640000e+03	3.680000e+03	1.596269e-06	0.000000e+00	3.442479e-06
3.680000e+03	3.720000e+03	9.984503e-07	2.453282e-06	0.000000e+00
3.720000e+03	3.760000e+03	1.884808e-06	1.086584e-06	0.000000e+00
3.760000e+03	3.800000e+03	1.040646e-06	1.955850e-08	9.110200e-07
3.800000e+03	3.840000e+03	1.230574e-06	1.168986e-06	0.000000e+00
3.840000e+03	3.880000e+03	9.462575e-07	0.000000e+00	1.035951e-06
3.880000e+03	3.920000e+03	1.031631e-06	2.357793e-07	5.085950e-08
3.920000e+03	3.960000e+03	9.047770e-07	0.000000e+00	2.930128e-07
3.960000e+03	4.000000e+03	1.201813e-06	1.399480e-07	1.483895e-07
4.000000e+03	4.040000e+03	6.669155e-07	4.054278e-07	1.919582e-07
4.040000e+03	4.080000e+03	7.888552e-07	0.000000e+00	3.597578e-07
4.080000e+03	4.120000e+03	7.681435e-07	0.000000e+00	1.442253e-06
4.120000e+03	4.160000e+03	7.922955e-07	1.769435e-06	0.000000e+00
4.160000e+03	4.200000e+03	4.388842e-07	0.000000e+00	6.097730e-07
4.200000e+03	4.240000e+03	7.801400e-07	1.559790e-07	0.000000e+00
4.240000e+03	4.280000e+03	3.952575e-07	1.102905e-07	2.286778e-07
4.280000e+03	4.320000e+03	4.416465e-07	2.196725e-08	2.306960e-07
4.320000e+03	4.360000e+03	6.118767e-07	8.602950e-08	0.000000e+00
4.360000e+03	4.400000e+03	4.006023e-07	2.328108e-07	2.979975e-08
4.400000e+03	4.440000e+03	3.146215e-07	2.601575e-08	4.235258e-07
4.440000e+03	4.480000e+03	3.512518e-07	1.520999e-07	2.335838e-07
4.480000e+03	4.520000e+03	3.439123e-07	1.343590e-07	0.000000e+00
4.520000e+03	4.560000e+03	2.369625e-07	0.000000e+00	2.367192e-07
4.560000e+03	4.600000e+03	2.023199e-07	8.879218e-08	1.828061e-07
4.600000e+03	4.640000e+03	6.247485e-07	3.482058e-07	0.000000e+00
4.640000e+03	4.680000e+03	2.345129e-07	0.000000e+00	1.241823e-08
4.680000e+03	4.720000e+03	2.383311e-07	7.160807e-08	4.023142e-08
4.720000e+03	4.760000e+03	2.147114e-07	3.989255e-08	3.778782e-08
4.760000e+03	4.800000e+03	2.054293e-07	5.399810e-08	1.518680e-08
4.800000e+03	4.840000e+03	1.900910e-07	1.612083e-07	2.527195e-07
4.840000e+03	4.880000e+03	1.029769e-07	2.142572e-07	1.013507e-07
4.880000e+03	4.920000e+03	6.440272e-08	0.000000e+00	1.487986e-07
4.920000e+03	4.960000e+03	2.503640e-07	9.614225e-08	0.000000e+00
4.960000e+03	5.000000e+03	8.297255e-08	0.000000e+00	1.853507e-06
5.000000e+03	5.040000e+03	1.065906e-07	2.268159e-06	0.000000e+00
5.040000e+03	5.080000e+03	2.619338e-08	0.000000e+00	1.034302e-07
5.080000e+03	5.120000e+03	1.393126e-07	6.012865e-08	4.420312e-07
5.120000e+03	5.160000e+03	1.808987e-07	0.000000e+00	5.691955e-08
5.160000e+03	5.200000e+03	6.453163e-08	3.548545e-08	9.529975e-08
5.200000e+03	5.240000e+03	9.783352e-08	5.682377e-08	0.000000e+00
5.240000e+03	5.280000e+03	6.598187e-08	2.338066e-07	0.000000e+00
5.280000e+03	5.320000e+03	7.206260e-08	0.000000e+00	2.531149e-07
5.320000e+03	5.360000e+03	5.208252e-08	3.506550e-09	4.613175e-09
5.360000e+03	5.400000e+03	2.154268e-09	0.000000e+00	7.695396e-08
5.400000e+03	5.440000e+03	9.116920e-08	5.517070e-08	0.000000e+00
5.440000e+03	5.480000e+03	1.105024e-07	2.700700e-08	0.000000e+00
5.480000e+03	5.520000e+03	6.104005e-08	6.138980e-08	0.000000e+00
5.520000e+03	5.560000e+03	5.900442e-08	2.154760e-08	2.151938e-07
5.560000e+03	5.600000e+03	2.399746e-08	4.129285e-09	3.698172e-08
5.600000e+03	5.640000e+03	2.596922e-08	5.879272e-08	2.098518e-08
5.640000e+03	5.680000e+03	2.869310e-08	0.000000e+00	2.626149e-07
5.680000e+03	5.720000e+03	2.991760e-08	0.000000e+00	3.004652e-08
5.720000e+03	5.760000e+03	2.341674e-08	0.000000e+00	3.516594e-08
5.760000e+03	5.800000e+03	2.716493e-08	2.071763e-08	1.236647e-08
5.800000e+03	5.840000e+03	2.008006e-08	0.000000e+00	1.811399e-08
5.840000e+03	5.880000e+03	4.939670e-09	0.000000e+00	2.205993e-08
5.880000e+03	5.920000e+03	2.742892e-08	0.000000e+00	9.170700e-09
5.920000e+03	5.960000e+03	4.707395e-08	4.415528e-08	0.000000e+00
5.960000e+03	6.000000e+03	1.265166e-08	0.000000e+00	6.534425e-09
# END HISTO1D

