# BEGIN PLOT
Rebin=2
DrawOnly=//homes/tinghua1/higgs-anomalous/Herwig7/gcc11_install_test/plots/H-N2-N3-4-25gev-mixed-combine.yoda/MC_H2JETS_04_LOOSE/HT_gapjets //homes/tinghua1/higgs-anomalous/Herwig7/gcc11_install_test/plots/H2Jets-NLOPS-mixed-combine.yoda/MC_H2JETS_04_LOOSE/HT_gapjets //homes/tinghua1/higgs-anomalous/Herwig7/gcc11_install_test/plots/H2Jets-NLO-mixed-combine.yoda/MC_H2JETS_04_LOOSE/HT_gapjets
RightMargin=0.5
RatioPlotReference=//homes/tinghua1/higgs-anomalous/Herwig7/gcc11_install_test/plots/H-N2-N3-4-25gev-mixed-combine.yoda/MC_H2JETS_04_LOOSE/HT_gapjets
RatioPlot=1
LogY=1
RatioPlotYMax=2.0
RatioPlotYLabel=Ratio
LegendOnly=//homes/tinghua1/higgs-anomalous/Herwig7/gcc11_install_test/plots/H-N2-N3-4-25gev-mixed-combine.yoda/MC_H2JETS_04_LOOSE/HT_gapjets //homes/tinghua1/higgs-anomalous/Herwig7/gcc11_install_test/plots/H2Jets-NLOPS-mixed-combine.yoda/MC_H2JETS_04_LOOSE/HT_gapjets //homes/tinghua1/higgs-anomalous/Herwig7/gcc11_install_test/plots/H2Jets-NLO-mixed-combine.yoda/MC_H2JETS_04_LOOSE/HT_gapjets
XLabel=$H_{T,jets}^\text{gap}$ (GeV)
LegendAlign=r
XMax=500.0
YLabel=$\text{d} \sigma/ \text{d} H_{T,jets}^\text{gap}$ (pb/GeV)
Legend=1
RatioPlotYMin=0.0
# END PLOT


# BEGIN SPECIAL /MC_H2JETS_04_LOOSE/HT_gapjets
\rput[tl](0.05,0.75){\parbox{5cm}{\textcolor{gray}{{\bf Herwig 7.2.3} \\ VBFNLO 3.0.0}}}
# END SPECIAL

# BEGIN HISTO1D //homes/tinghua1/higgs-anomalous/Herwig7/gcc11_install_test/plots/H-N2-N3-4-25gev-mixed-combine.yoda/MC_H2JETS_04_LOOSE/HT_gapjets
ErrorBandColor=red
ErrorBandOpacity=0.3
ErrorBands=1
ErrorBars=1
ErrorType=env
LineColor=red
LineStyle=solid
Path=//homes/tinghua1/higgs-anomalous/Herwig7/gcc11_install_test/plots/H-N2-N3-4-25gev-mixed-combine.yoda/MC_H2JETS_04_LOOSE/HT_gapjets
RatioPlotSameStyle=1
Title=h(2*,3*,4)
# xlow	 xhigh	 val	 errminus	 errplus
0.000000e+00	1.000000e+01	0.000000e+00	0.000000e+00	0.000000e+00
1.000000e+01	2.000000e+01	0.000000e+00	0.000000e+00	0.000000e+00
2.000000e+01	3.000000e+01	1.802715e-03	4.642100e-05	8.136200e-05
3.000000e+01	4.000000e+01	2.472813e-03	0.000000e+00	1.178540e-04
4.000000e+01	5.000000e+01	1.744911e-03	1.504340e-04	0.000000e+00
5.000000e+01	6.000000e+01	1.529409e-03	1.390100e-05	4.652900e-05
6.000000e+01	7.000000e+01	1.558030e-03	0.000000e+00	3.875000e-05
7.000000e+01	8.000000e+01	1.388910e-03	0.000000e+00	3.099400e-05
8.000000e+01	9.000000e+01	1.200918e-03	0.000000e+00	6.421400e-05
9.000000e+01	1.000000e+02	1.049248e-03	0.000000e+00	4.240900e-05
1.000000e+02	1.100000e+02	9.042504e-04	0.000000e+00	2.550220e-05
1.100000e+02	1.200000e+02	7.712644e-04	0.000000e+00	3.357210e-05
1.200000e+02	1.300000e+02	6.521836e-04	0.000000e+00	5.881710e-05
1.300000e+02	1.400000e+02	5.855544e-04	0.000000e+00	4.326980e-05
1.400000e+02	1.500000e+02	5.599199e-04	4.249410e-05	5.753040e-05
1.500000e+02	1.600000e+02	4.110288e-04	0.000000e+00	9.067430e-05
1.600000e+02	1.700000e+02	3.696170e-04	0.000000e+00	2.949740e-05
1.700000e+02	1.800000e+02	3.326605e-04	0.000000e+00	2.515610e-05
1.800000e+02	1.900000e+02	2.678609e-04	0.000000e+00	5.438710e-05
1.900000e+02	2.000000e+02	2.429730e-04	0.000000e+00	5.515900e-05
2.000000e+02	2.100000e+02	1.972731e-04	0.000000e+00	3.293100e-05
2.100000e+02	2.200000e+02	2.007333e-04	0.000000e+00	1.370580e-05
2.200000e+02	2.300000e+02	1.586811e-04	0.000000e+00	3.729880e-05
2.300000e+02	2.400000e+02	1.327615e-04	0.000000e+00	4.871450e-05
2.400000e+02	2.500000e+02	1.232653e-04	0.000000e+00	1.407120e-05
2.500000e+02	2.600000e+02	9.845691e-05	0.000000e+00	5.087129e-05
2.600000e+02	2.700000e+02	8.387568e-05	0.000000e+00	1.521951e-05
2.700000e+02	2.800000e+02	9.924928e-05	1.001834e-05	9.256120e-06
2.800000e+02	2.900000e+02	6.894265e-05	0.000000e+00	1.627613e-05
2.900000e+02	3.000000e+02	6.646266e-05	0.000000e+00	1.214374e-05
3.000000e+02	3.100000e+02	5.425141e-05	0.000000e+00	2.719204e-05
3.100000e+02	3.200000e+02	4.665552e-05	0.000000e+00	2.262053e-05
3.200000e+02	3.300000e+02	4.280350e-05	0.000000e+00	1.199095e-05
3.300000e+02	3.400000e+02	4.452964e-05	0.000000e+00	9.947660e-06
3.400000e+02	3.500000e+02	3.275844e-05	0.000000e+00	1.129351e-05
3.500000e+02	3.600000e+02	2.925970e-05	0.000000e+00	1.175655e-05
3.600000e+02	3.700000e+02	3.837825e-05	1.587112e-05	0.000000e+00
3.700000e+02	3.800000e+02	3.186902e-05	3.964130e-06	0.000000e+00
3.800000e+02	3.900000e+02	2.421662e-05	5.421540e-06	8.749780e-06
3.900000e+02	4.000000e+02	1.790231e-05	0.000000e+00	8.293000e-06
4.000000e+02	4.100000e+02	1.895264e-05	0.000000e+00	8.897660e-06
4.100000e+02	4.200000e+02	2.047397e-05	4.778190e-06	0.000000e+00
4.200000e+02	4.300000e+02	1.481901e-05	0.000000e+00	1.058574e-05
4.300000e+02	4.400000e+02	1.213060e-05	2.065330e-06	1.713214e-05
4.400000e+02	4.500000e+02	1.148061e-05	0.000000e+00	1.114377e-05
4.500000e+02	4.600000e+02	1.244227e-05	1.074560e-06	1.924380e-06
4.600000e+02	4.700000e+02	1.146770e-05	4.549491e-06	0.000000e+00
4.700000e+02	4.800000e+02	9.079501e-06	3.108410e-07	7.291079e-06
4.800000e+02	4.900000e+02	9.127476e-06	0.000000e+00	1.834634e-06
4.900000e+02	5.000000e+02	9.303288e-06	1.987613e-06	1.366182e-06
5.000000e+02	5.100000e+02	7.656875e-06	2.725820e-07	4.925110e-07
5.100000e+02	5.200000e+02	3.142143e-06	0.000000e+00	4.729915e-06
5.200000e+02	5.300000e+02	5.787982e-06	6.881000e-09	2.074347e-06
5.300000e+02	5.400000e+02	6.110958e-06	1.234523e-06	3.888920e-06
5.400000e+02	5.500000e+02	3.619396e-06	0.000000e+00	3.193361e-06
5.500000e+02	5.600000e+02	5.147118e-06	6.190990e-07	1.707612e-06
5.600000e+02	5.700000e+02	-1.411395e-06	0.000000e+00	6.873133e-06
5.700000e+02	5.800000e+02	3.863031e-06	8.420780e-07	1.790116e-06
5.800000e+02	5.900000e+02	2.191071e-06	0.000000e+00	2.480228e-06
5.900000e+02	6.000000e+02	-9.096208e-06	0.000000e+00	1.264680e-05
6.000000e+02	6.100000e+02	4.327606e-06	9.090210e-07	1.760626e-06
6.100000e+02	6.200000e+02	2.690943e-06	0.000000e+00	1.520628e-06
6.200000e+02	6.300000e+02	2.344930e-09	0.000000e+00	3.905923e-06
6.300000e+02	6.400000e+02	2.134790e-06	8.472900e-08	5.543980e-07
6.400000e+02	6.500000e+02	1.651934e-06	0.000000e+00	3.478881e-06
6.500000e+02	6.600000e+02	1.930138e-06	1.665247e-06	1.341930e-07
6.600000e+02	6.700000e+02	1.543636e-06	2.751530e-06	2.290892e-06
6.700000e+02	6.800000e+02	9.350427e-07	0.000000e+00	9.018353e-07
6.800000e+02	6.900000e+02	1.221834e-06	0.000000e+00	6.082150e-07
6.900000e+02	7.000000e+02	2.257846e-06	7.097810e-07	0.000000e+00
7.000000e+02	7.100000e+02	1.519119e-06	1.260541e-06	1.565120e-07
7.100000e+02	7.200000e+02	7.591660e-07	2.826430e-05	2.076334e-07
7.200000e+02	7.300000e+02	7.849454e-07	1.260947e-07	5.462966e-07
7.300000e+02	7.400000e+02	1.052355e-07	0.000000e+00	1.223988e-06
7.400000e+02	7.500000e+02	6.479369e-07	0.000000e+00	3.739351e-07
7.500000e+02	7.600000e+02	4.908536e-07	7.528848e-07	1.277950e-08
7.600000e+02	7.700000e+02	5.883175e-07	0.000000e+00	5.016855e-07
7.700000e+02	7.800000e+02	5.065143e-07	0.000000e+00	1.272633e-06
7.800000e+02	7.900000e+02	8.308387e-07	4.586733e-07	9.649653e-07
7.900000e+02	8.000000e+02	7.246016e-07	2.897730e-06	5.819704e-07
8.000000e+02	8.100000e+02	6.883097e-07	3.044192e-07	0.000000e+00
8.100000e+02	8.200000e+02	2.769970e-07	0.000000e+00	6.763006e-07
8.200000e+02	8.300000e+02	3.692243e-07	0.000000e+00	5.570077e-07
8.300000e+02	8.400000e+02	5.392605e-07	0.000000e+00	2.928474e-07
8.400000e+02	8.500000e+02	4.964508e-07	2.351876e-07	6.874100e-09
8.500000e+02	8.600000e+02	3.923532e-07	2.494419e-07	0.000000e+00
8.600000e+02	8.700000e+02	2.917211e-07	3.472037e-07	4.652041e-06
8.700000e+02	8.800000e+02	2.827165e-07	6.116060e-08	5.176118e-06
8.800000e+02	8.900000e+02	-2.000011e-07	0.000000e+00	9.972702e-07
8.900000e+02	9.000000e+02	4.992529e-06	4.924105e-06	0.000000e+00
9.000000e+02	9.100000e+02	3.386674e-07	1.504971e-07	0.000000e+00
9.100000e+02	9.200000e+02	1.722384e-07	1.539540e-08	0.000000e+00
9.200000e+02	9.300000e+02	9.378930e-08	1.027804e-07	1.884256e-07
9.300000e+02	9.400000e+02	1.256023e-07	0.000000e+00	2.043929e-07
9.400000e+02	9.500000e+02	2.447151e-07	9.461590e-08	0.000000e+00
9.500000e+02	9.600000e+02	1.200405e-07	0.000000e+00	2.555770e-07
9.600000e+02	9.700000e+02	-6.349544e-08	0.000000e+00	3.116985e-07
9.700000e+02	9.800000e+02	1.815269e-07	6.158660e-08	4.301414e-07
9.800000e+02	9.900000e+02	3.595122e-08	0.000000e+00	1.784036e-07
9.900000e+02	1.000000e+03	2.076124e-07	6.358190e-07	0.000000e+00
# END HISTO1D


# BEGIN HISTO1D //homes/tinghua1/higgs-anomalous/Herwig7/gcc11_install_test/plots/H2Jets-NLOPS-mixed-combine.yoda/MC_H2JETS_04_LOOSE/HT_gapjets
ErrorBandColor=green
ErrorBandOpacity=0.3
ErrorBands=1
ErrorBars=1
ErrorType=env
LineColor=green
LineStyle=solid
Path=//homes/tinghua1/higgs-anomalous/Herwig7/gcc11_install_test/plots/H2Jets-NLOPS-mixed-combine.yoda/MC_H2JETS_04_LOOSE/HT_gapjets
RatioPlotSameStyle=1
Title=h(2*) $\oplus$ PS
# xlow	 xhigh	 val	 errminus	 errplus
0.000000e+00	1.000000e+01	0.000000e+00	0.000000e+00	0.000000e+00
1.000000e+01	2.000000e+01	0.000000e+00	0.000000e+00	0.000000e+00
2.000000e+01	3.000000e+01	1.695111e-03	0.000000e+00	1.946220e-04
3.000000e+01	4.000000e+01	2.325673e-03	0.000000e+00	1.635560e-04
4.000000e+01	5.000000e+01	1.484844e-03	0.000000e+00	4.662200e-05
5.000000e+01	6.000000e+01	1.268504e-03	0.000000e+00	1.154970e-04
6.000000e+01	7.000000e+01	1.195716e-03	0.000000e+00	1.716800e-04
7.000000e+01	8.000000e+01	1.013003e-03	0.000000e+00	1.509220e-04
8.000000e+01	9.000000e+01	8.520126e-04	0.000000e+00	1.390135e-04
9.000000e+01	1.000000e+02	7.278908e-04	0.000000e+00	1.337935e-04
1.000000e+02	1.100000e+02	6.214147e-04	0.000000e+00	1.211630e-04
1.100000e+02	1.200000e+02	5.248906e-04	0.000000e+00	1.161488e-04
1.200000e+02	1.300000e+02	4.471187e-04	0.000000e+00	1.051876e-04
1.300000e+02	1.400000e+02	3.836493e-04	0.000000e+00	9.447870e-05
1.400000e+02	1.500000e+02	3.298642e-04	0.000000e+00	8.255260e-05
1.500000e+02	1.600000e+02	2.819939e-04	0.000000e+00	7.638250e-05
1.600000e+02	1.700000e+02	2.435397e-04	0.000000e+00	6.790610e-05
1.700000e+02	1.800000e+02	2.085326e-04	0.000000e+00	6.185250e-05
1.800000e+02	1.900000e+02	1.802807e-04	0.000000e+00	5.547320e-05
1.900000e+02	2.000000e+02	1.558957e-04	0.000000e+00	4.941380e-05
2.000000e+02	2.100000e+02	1.356722e-04	0.000000e+00	4.406380e-05
2.100000e+02	2.200000e+02	1.184820e-04	0.000000e+00	3.929410e-05
2.200000e+02	2.300000e+02	1.040310e-04	0.000000e+00	3.404540e-05
2.300000e+02	2.400000e+02	8.996628e-05	0.000000e+00	3.285182e-05
2.400000e+02	2.500000e+02	7.840481e-05	0.000000e+00	2.955739e-05
2.500000e+02	2.600000e+02	7.006702e-05	0.000000e+00	2.560606e-05
2.600000e+02	2.700000e+02	6.111636e-05	0.000000e+00	2.297996e-05
2.700000e+02	2.800000e+02	5.390645e-05	0.000000e+00	2.059697e-05
2.800000e+02	2.900000e+02	4.682493e-05	0.000000e+00	1.963348e-05
2.900000e+02	3.000000e+02	4.202306e-05	0.000000e+00	1.684086e-05
3.000000e+02	3.100000e+02	3.747385e-05	0.000000e+00	1.503465e-05
3.100000e+02	3.200000e+02	3.349240e-05	0.000000e+00	1.316823e-05
3.200000e+02	3.300000e+02	2.928325e-05	0.000000e+00	1.185815e-05
3.300000e+02	3.400000e+02	2.627235e-05	0.000000e+00	1.071331e-05
3.400000e+02	3.500000e+02	2.339336e-05	0.000000e+00	9.789840e-06
3.500000e+02	3.600000e+02	2.062109e-05	0.000000e+00	9.686030e-06
3.600000e+02	3.700000e+02	1.856641e-05	0.000000e+00	8.724860e-06
3.700000e+02	3.800000e+02	1.636975e-05	0.000000e+00	8.430440e-06
3.800000e+02	3.900000e+02	1.517531e-05	0.000000e+00	6.859900e-06
3.900000e+02	4.000000e+02	1.360217e-05	0.000000e+00	6.390630e-06
4.000000e+02	4.100000e+02	1.234260e-05	0.000000e+00	5.281030e-06
4.100000e+02	4.200000e+02	1.101412e-05	0.000000e+00	5.159730e-06
4.200000e+02	4.300000e+02	9.809760e-06	0.000000e+00	5.007120e-06
4.300000e+02	4.400000e+02	9.067035e-06	0.000000e+00	4.400955e-06
4.400000e+02	4.500000e+02	8.181922e-06	0.000000e+00	3.475298e-06
4.500000e+02	4.600000e+02	7.054079e-06	0.000000e+00	3.911621e-06
4.600000e+02	4.700000e+02	6.663635e-06	0.000000e+00	3.278819e-06
4.700000e+02	4.800000e+02	5.957861e-06	0.000000e+00	3.061928e-06
4.800000e+02	4.900000e+02	5.423814e-06	0.000000e+00	2.690905e-06
4.900000e+02	5.000000e+02	4.907966e-06	0.000000e+00	2.421474e-06
5.000000e+02	5.100000e+02	4.431776e-06	0.000000e+00	2.180059e-06
5.100000e+02	5.200000e+02	3.983103e-06	0.000000e+00	2.198408e-06
5.200000e+02	5.300000e+02	3.811962e-06	0.000000e+00	1.757361e-06
5.300000e+02	5.400000e+02	3.535886e-06	0.000000e+00	1.632943e-06
5.400000e+02	5.500000e+02	3.050114e-06	0.000000e+00	1.457249e-06
5.500000e+02	5.600000e+02	2.732270e-06	0.000000e+00	1.531798e-06
5.600000e+02	5.700000e+02	2.621362e-06	0.000000e+00	1.253337e-06
5.700000e+02	5.800000e+02	2.279126e-06	0.000000e+00	1.426144e-06
5.800000e+02	5.900000e+02	2.081590e-06	0.000000e+00	1.280623e-06
5.900000e+02	6.000000e+02	1.959174e-06	0.000000e+00	1.050778e-06
6.000000e+02	6.100000e+02	1.795109e-06	0.000000e+00	9.293850e-07
6.100000e+02	6.200000e+02	1.576478e-06	0.000000e+00	9.541090e-07
6.200000e+02	6.300000e+02	1.483614e-06	0.000000e+00	7.936750e-07
6.300000e+02	6.400000e+02	1.450530e-06	0.000000e+00	8.328970e-07
6.400000e+02	6.500000e+02	1.244795e-06	0.000000e+00	7.705170e-07
6.500000e+02	6.600000e+02	1.195800e-06	0.000000e+00	5.444900e-07
6.600000e+02	6.700000e+02	1.084269e-06	0.000000e+00	4.751980e-07
6.700000e+02	6.800000e+02	9.740380e-07	0.000000e+00	5.591840e-07
6.800000e+02	6.900000e+02	9.467581e-07	0.000000e+00	4.589299e-07
6.900000e+02	7.000000e+02	8.360165e-07	0.000000e+00	5.559205e-07
7.000000e+02	7.100000e+02	7.598427e-07	0.000000e+00	4.899533e-07
7.100000e+02	7.200000e+02	7.341989e-07	0.000000e+00	3.593071e-07
7.200000e+02	7.300000e+02	7.276198e-07	0.000000e+00	3.418102e-07
7.300000e+02	7.400000e+02	6.133784e-07	0.000000e+00	3.972256e-07
7.400000e+02	7.500000e+02	5.251571e-07	0.000000e+00	3.599250e-07
7.500000e+02	7.600000e+02	5.094880e-07	0.000000e+00	2.459478e-07
7.600000e+02	7.700000e+02	4.586018e-07	0.000000e+00	3.245118e-07
7.700000e+02	7.800000e+02	3.873070e-07	0.000000e+00	3.458758e-07
7.800000e+02	7.900000e+02	4.093108e-07	0.000000e+00	2.620112e-07
7.900000e+02	8.000000e+02	3.620120e-07	0.000000e+00	1.967491e-07
8.000000e+02	8.100000e+02	3.515157e-07	0.000000e+00	2.083365e-07
8.100000e+02	8.200000e+02	3.068120e-07	0.000000e+00	2.096522e-07
8.200000e+02	8.300000e+02	2.903009e-07	0.000000e+00	2.392936e-07
8.300000e+02	8.400000e+02	2.950270e-07	0.000000e+00	1.302483e-07
8.400000e+02	8.500000e+02	2.340999e-07	0.000000e+00	1.391446e-07
8.500000e+02	8.600000e+02	2.227097e-07	0.000000e+00	2.257777e-07
8.600000e+02	8.700000e+02	2.002868e-07	0.000000e+00	1.747403e-07
8.700000e+02	8.800000e+02	2.158174e-07	0.000000e+00	1.254715e-07
8.800000e+02	8.900000e+02	2.017231e-07	0.000000e+00	1.222147e-07
8.900000e+02	9.000000e+02	1.985731e-07	0.000000e+00	7.988250e-08
9.000000e+02	9.100000e+02	1.629516e-07	0.000000e+00	6.660550e-08
9.100000e+02	9.200000e+02	1.380164e-07	0.000000e+00	8.457650e-08
9.200000e+02	9.300000e+02	1.366599e-07	0.000000e+00	1.153680e-07
9.300000e+02	9.400000e+02	1.461659e-07	0.000000e+00	7.913220e-08
9.400000e+02	9.500000e+02	7.967187e-08	0.000000e+00	1.232699e-07
9.500000e+02	9.600000e+02	1.603694e-07	2.342950e-08	0.000000e+00
9.600000e+02	9.700000e+02	1.652038e-07	3.303300e-08	0.000000e+00
9.700000e+02	9.800000e+02	1.021831e-07	0.000000e+00	4.240630e-08
9.800000e+02	9.900000e+02	8.371466e-08	0.000000e+00	9.073544e-08
9.900000e+02	1.000000e+03	9.288310e-08	8.296580e-09	7.244280e-08
# END HISTO1D


# BEGIN HISTO1D //homes/tinghua1/higgs-anomalous/Herwig7/gcc11_install_test/plots/H2Jets-NLO-mixed-combine.yoda/MC_H2JETS_04_LOOSE/HT_gapjets
ErrorBandColor=orange
ErrorBandOpacity=0.3
ErrorBands=1
ErrorBars=1
ErrorType=env
LineColor=orange
LineStyle=solid
Path=//homes/tinghua1/higgs-anomalous/Herwig7/gcc11_install_test/plots/H2Jets-NLO-mixed-combine.yoda/MC_H2JETS_04_LOOSE/HT_gapjets
RatioPlotSameStyle=1
Title=h(2*)-FO
# xlow	 xhigh	 val	 errminus	 errplus
0.000000e+00	1.000000e+01	0.000000e+00	0.000000e+00	0.000000e+00
1.000000e+01	2.000000e+01	0.000000e+00	0.000000e+00	0.000000e+00
2.000000e+01	3.000000e+01	2.298047e-03	0.000000e+00	7.603780e-04
3.000000e+01	4.000000e+01	3.493560e-03	0.000000e+00	1.191430e-03
4.000000e+01	5.000000e+01	2.476844e-03	0.000000e+00	8.698720e-04
5.000000e+01	6.000000e+01	1.801896e-03	0.000000e+00	6.237920e-04
6.000000e+01	7.000000e+01	1.318914e-03	0.000000e+00	4.838170e-04
7.000000e+01	8.000000e+01	9.731393e-04	0.000000e+00	3.538097e-04
8.000000e+01	9.000000e+01	7.248179e-04	0.000000e+00	2.602438e-04
9.000000e+01	1.000000e+02	5.413969e-04	0.000000e+00	1.987115e-04
1.000000e+02	1.100000e+02	4.097507e-04	0.000000e+00	1.623828e-04
1.100000e+02	1.200000e+02	3.118324e-04	0.000000e+00	1.236110e-04
1.200000e+02	1.300000e+02	2.473934e-04	0.000000e+00	8.847150e-05
1.300000e+02	1.400000e+02	1.900131e-04	0.000000e+00	7.722880e-05
1.400000e+02	1.500000e+02	1.513794e-04	0.000000e+00	6.313020e-05
1.500000e+02	1.600000e+02	1.197563e-04	0.000000e+00	4.788220e-05
1.600000e+02	1.700000e+02	9.627172e-05	0.000000e+00	3.870868e-05
1.700000e+02	1.800000e+02	7.755000e-05	0.000000e+00	3.549220e-05
1.800000e+02	1.900000e+02	6.364243e-05	0.000000e+00	2.656034e-05
1.900000e+02	2.000000e+02	5.215554e-05	0.000000e+00	1.922415e-05
2.000000e+02	2.100000e+02	4.275515e-05	0.000000e+00	1.924435e-05
2.100000e+02	2.200000e+02	3.380993e-05	0.000000e+00	1.625497e-05
2.200000e+02	2.300000e+02	2.962279e-05	0.000000e+00	1.083747e-05
2.300000e+02	2.400000e+02	2.352506e-05	0.000000e+00	1.152472e-05
2.400000e+02	2.500000e+02	2.005728e-05	0.000000e+00	9.209370e-06
2.500000e+02	2.600000e+02	1.835701e-05	0.000000e+00	6.422370e-06
2.600000e+02	2.700000e+02	1.414181e-05	0.000000e+00	5.685170e-06
2.700000e+02	2.800000e+02	1.317151e-05	0.000000e+00	3.541840e-06
2.800000e+02	2.900000e+02	1.042866e-05	0.000000e+00	4.361270e-06
2.900000e+02	3.000000e+02	8.966402e-06	0.000000e+00	3.255198e-06
3.000000e+02	3.100000e+02	7.092525e-06	0.000000e+00	4.016265e-06
3.100000e+02	3.200000e+02	7.567805e-06	0.000000e+00	2.348075e-06
3.200000e+02	3.300000e+02	6.121043e-06	0.000000e+00	1.898906e-06
3.300000e+02	3.400000e+02	5.646743e-06	0.000000e+00	2.327710e-06
3.400000e+02	3.500000e+02	4.722147e-06	0.000000e+00	1.046339e-06
3.500000e+02	3.600000e+02	3.562153e-06	0.000000e+00	1.819344e-06
3.600000e+02	3.700000e+02	3.236484e-06	0.000000e+00	1.696877e-06
3.700000e+02	3.800000e+02	2.465830e-06	0.000000e+00	1.286989e-06
3.800000e+02	3.900000e+02	2.468519e-06	1.275320e-07	1.187217e-06
3.900000e+02	4.000000e+02	3.599875e-06	1.174601e-06	0.000000e+00
4.000000e+02	4.100000e+02	1.988258e-06	0.000000e+00	9.629450e-07
4.100000e+02	4.200000e+02	1.448848e-06	0.000000e+00	5.861910e-07
4.200000e+02	4.300000e+02	1.633167e-06	2.939930e-07	1.226381e-06
4.300000e+02	4.400000e+02	2.175998e-06	7.382840e-07	0.000000e+00
4.400000e+02	4.500000e+02	1.167367e-06	0.000000e+00	3.675440e-07
4.500000e+02	4.600000e+02	9.650975e-07	0.000000e+00	8.614915e-07
4.600000e+02	4.700000e+02	8.309152e-07	0.000000e+00	3.665928e-07
4.700000e+02	4.800000e+02	6.288434e-07	0.000000e+00	3.929946e-07
4.800000e+02	4.900000e+02	1.145231e-06	4.670739e-07	0.000000e+00
4.900000e+02	5.000000e+02	7.925873e-07	2.323246e-07	0.000000e+00
5.000000e+02	5.100000e+02	4.697542e-07	0.000000e+00	1.983288e-07
5.100000e+02	5.200000e+02	3.442027e-07	0.000000e+00	8.124403e-07
5.200000e+02	5.300000e+02	2.999427e-07	0.000000e+00	6.136557e-07
5.300000e+02	5.400000e+02	2.917563e-07	0.000000e+00	1.814018e-07
5.400000e+02	5.500000e+02	2.755732e-07	0.000000e+00	1.277445e-07
5.500000e+02	5.600000e+02	2.070889e-07	0.000000e+00	2.414774e-07
5.600000e+02	5.700000e+02	2.451195e-07	0.000000e+00	9.895940e-08
5.700000e+02	5.800000e+02	1.487228e-07	5.699400e-09	1.629485e-07
5.800000e+02	5.900000e+02	1.904874e-07	6.827940e-08	7.013070e-08
5.900000e+02	6.000000e+02	1.699549e-07	4.664230e-08	3.798406e-07
6.000000e+02	6.100000e+02	1.581211e-07	0.000000e+00	1.337588e-07
6.100000e+02	6.200000e+02	7.075138e-08	0.000000e+00	2.232421e-07
6.200000e+02	6.300000e+02	1.531634e-07	4.602750e-08	5.403840e-08
6.300000e+02	6.400000e+02	1.053538e-07	1.818112e-08	1.908860e-07
6.400000e+02	6.500000e+02	8.960498e-08	0.000000e+00	1.031239e-07
6.500000e+02	6.600000e+02	4.038185e-08	0.000000e+00	1.038728e-07
6.600000e+02	6.700000e+02	5.289252e-08	0.000000e+00	8.253298e-08
6.700000e+02	6.800000e+02	2.953220e-08	0.000000e+00	7.701100e-08
6.800000e+02	6.900000e+02	3.135706e-08	0.000000e+00	1.487808e-07
6.900000e+02	7.000000e+02	4.944549e-08	0.000000e+00	8.877831e-08
7.000000e+02	7.100000e+02	9.720347e-08	5.486713e-08	0.000000e+00
7.100000e+02	7.200000e+02	2.632436e-08	0.000000e+00	5.264983e-08
7.200000e+02	7.300000e+02	3.679788e-08	1.893719e-08	1.996512e-07
7.300000e+02	7.400000e+02	4.130632e-08	0.000000e+00	1.073410e-07
7.400000e+02	7.500000e+02	3.278444e-08	5.349690e-09	1.681770e-09
7.500000e+02	7.600000e+02	1.273760e-08	0.000000e+00	1.297001e-08
7.600000e+02	7.700000e+02	3.746643e-08	2.460532e-08	6.163380e-08
7.700000e+02	7.800000e+02	1.348168e-08	0.000000e+00	6.247180e-09
7.800000e+02	7.900000e+02	2.001398e-08	6.300210e-09	7.823150e-09
7.900000e+02	8.000000e+02	1.193276e-08	0.000000e+00	4.917990e-08
8.000000e+02	8.100000e+02	3.789496e-08	2.242428e-08	0.000000e+00
8.100000e+02	8.200000e+02	3.613580e-08	2.862668e-08	2.396486e-07
8.200000e+02	8.300000e+02	2.463418e-09	0.000000e+00	1.457300e-08
8.300000e+02	8.400000e+02	5.007594e-09	0.000000e+00	1.459916e-08
8.400000e+02	8.500000e+02	2.371867e-09	0.000000e+00	1.064648e-08
8.500000e+02	8.600000e+02	7.632464e-09	0.000000e+00	3.608926e-09
8.600000e+02	8.700000e+02	6.260425e-09	0.000000e+00	1.515541e-08
8.700000e+02	8.800000e+02	1.973002e-09	0.000000e+00	1.128414e-08
8.800000e+02	8.900000e+02	6.627163e-09	1.139808e-09	4.874597e-09
8.900000e+02	9.000000e+02	2.094102e-09	0.000000e+00	4.268292e-08
9.000000e+02	9.100000e+02	5.222541e-09	3.243536e-09	1.344858e-09
9.100000e+02	9.200000e+02	4.717643e-09	9.893210e-10	8.635607e-09
9.200000e+02	9.300000e+02	1.778374e-09	4.011010e-10	0.000000e+00
9.300000e+02	9.400000e+02	1.652132e-08	1.497631e-08	0.000000e+00
9.400000e+02	9.500000e+02	2.163893e-09	7.034900e-10	1.864951e-08
9.500000e+02	9.600000e+02	2.398620e-09	0.000000e+00	1.639899e-08
9.600000e+02	9.700000e+02	3.781377e-09	3.023198e-09	1.386130e-10
9.700000e+02	9.800000e+02	6.274819e-09	5.272927e-09	2.730743e-08
9.800000e+02	9.900000e+02	1.307427e-09	0.000000e+00	2.688183e-09
9.900000e+02	1.000000e+03	4.794690e-10	0.000000e+00	2.111714e-08
# END HISTO1D

