# BEGIN PLOT
LegendOnly=//homes/tinghua1/higgs-anomalous/Herwig7/gcc11_install_test/plots/H-N2-N3-4-25gev-mixed-combine.yoda/MC_H2JETS_04_LOOSE/j2j3_mass_fine //homes/tinghua1/higgs-anomalous/Herwig7/gcc11_install_test/plots/H2Jets-NLOPS-mixed-combine.yoda/MC_H2JETS_04_LOOSE/j2j3_mass_fine //homes/tinghua1/higgs-anomalous/Herwig7/gcc11_install_test/plots/H2Jets-NLO-mixed-combine.yoda/MC_H2JETS_04_LOOSE/j2j3_mass_fine
DrawOnly=//homes/tinghua1/higgs-anomalous/Herwig7/gcc11_install_test/plots/H-N2-N3-4-25gev-mixed-combine.yoda/MC_H2JETS_04_LOOSE/j2j3_mass_fine //homes/tinghua1/higgs-anomalous/Herwig7/gcc11_install_test/plots/H2Jets-NLOPS-mixed-combine.yoda/MC_H2JETS_04_LOOSE/j2j3_mass_fine //homes/tinghua1/higgs-anomalous/Herwig7/gcc11_install_test/plots/H2Jets-NLO-mixed-combine.yoda/MC_H2JETS_04_LOOSE/j2j3_mass_fine
RightMargin=0.5
RatioPlotReference=//homes/tinghua1/higgs-anomalous/Herwig7/gcc11_install_test/plots/H-N2-N3-4-25gev-mixed-combine.yoda/MC_H2JETS_04_LOOSE/j2j3_mass_fine
RatioPlot=1
LogY=1
RatioPlotYMax=1.5
RatioPlotYLabel=Ratio
XLabel=$m_{j_2j_3}$ (GeV)
LegendAlign=r
XMax=200
YLabel=$ \text{d} \sigma/ \text{d}  m_{j_2j_3}$ (pb/GeV)
Legend=1
RatioPlotYMin=0.5
# END PLOT


# BEGIN SPECIAL /MC_H2JETS_04_LOOSE/j2j3_mass_fine
\rput[tl](0.05,0.75){\parbox{5cm}{\textcolor{gray}{{\bf Herwig 7.2.3} \\ VBFNLO 3.0.0}}}
# END SPECIAL

# BEGIN HISTO1D //homes/tinghua1/higgs-anomalous/Herwig7/gcc11_install_test/plots/H-N2-N3-4-25gev-mixed-combine.yoda/MC_H2JETS_04_LOOSE/j2j3_mass_fine
ErrorBandColor=red
ErrorBandOpacity=0.3
ErrorBands=1
ErrorBars=1
ErrorType=env
LineColor=red
LineStyle=solid
Path=//homes/tinghua1/higgs-anomalous/Herwig7/gcc11_install_test/plots/H-N2-N3-4-25gev-mixed-combine.yoda/MC_H2JETS_04_LOOSE/j2j3_mass_fine
RatioPlotSameStyle=1
Title=h(2*,3*,4)
# xlow	 xhigh	 val	 errminus	 errplus
0.000000e+00	4.000000e+00	0.000000e+00	0.000000e+00	0.000000e+00
4.000000e+00	8.000000e+00	0.000000e+00	0.000000e+00	0.000000e+00
8.000000e+00	1.200000e+01	4.036793e-06	1.059530e-06	0.000000e+00
1.200000e+01	1.600000e+01	1.200135e-04	1.412335e-05	0.000000e+00
1.600000e+01	2.000000e+01	4.107655e-04	1.618000e-05	1.429875e-05
2.000000e+01	2.400000e+01	7.915055e-04	6.572250e-06	3.978525e-05
2.400000e+01	2.800000e+01	1.052320e-03	0.000000e+00	1.516450e-04
2.800000e+01	3.200000e+01	1.333522e-03	0.000000e+00	1.608280e-04
3.200000e+01	3.600000e+01	1.457449e-03	0.000000e+00	2.832590e-04
3.600000e+01	4.000000e+01	1.548974e-03	0.000000e+00	2.506933e-04
4.000000e+01	4.400000e+01	1.555365e-03	0.000000e+00	2.794945e-04
4.400000e+01	4.800000e+01	1.623357e-03	0.000000e+00	2.677685e-04
4.800000e+01	5.200000e+01	1.620413e-03	0.000000e+00	2.553398e-04
5.200000e+01	5.600000e+01	1.735146e-03	0.000000e+00	1.423547e-04
5.600000e+01	6.000000e+01	1.758014e-03	0.000000e+00	1.249058e-04
6.000000e+01	6.400000e+01	1.787133e-03	0.000000e+00	7.673125e-05
6.400000e+01	6.800000e+01	1.832348e-03	0.000000e+00	6.485750e-05
6.800000e+01	7.200000e+01	1.795321e-03	0.000000e+00	7.910025e-05
7.200000e+01	7.600000e+01	1.761819e-03	1.995425e-05	6.573800e-05
7.600000e+01	8.000000e+01	1.752120e-03	1.437050e-05	0.000000e+00
8.000000e+01	8.400000e+01	1.637232e-03	0.000000e+00	1.023265e-04
8.400000e+01	8.800000e+01	1.675815e-03	5.150200e-05	0.000000e+00
8.800000e+01	9.200000e+01	1.589331e-03	5.190075e-05	0.000000e+00
9.200000e+01	9.600000e+01	1.525009e-03	7.780750e-06	2.338200e-05
9.600000e+01	1.000000e+02	1.511519e-03	1.760753e-04	0.000000e+00
1.000000e+02	1.040000e+02	1.457473e-03	6.871750e-05	0.000000e+00
1.040000e+02	1.080000e+02	1.444973e-03	3.729675e-05	2.983500e-05
1.080000e+02	1.120000e+02	1.374667e-03	3.505100e-05	2.457025e-05
1.120000e+02	1.160000e+02	1.298843e-03	8.828875e-05	4.739250e-06
1.160000e+02	1.200000e+02	1.382098e-03	1.640885e-04	0.000000e+00
1.200000e+02	1.240000e+02	1.179263e-03	0.000000e+00	1.107155e-04
1.240000e+02	1.280000e+02	1.226837e-03	2.489300e-05	0.000000e+00
1.280000e+02	1.320000e+02	1.210390e-03	1.365575e-05	0.000000e+00
1.320000e+02	1.360000e+02	1.140818e-03	2.129025e-05	0.000000e+00
1.360000e+02	1.400000e+02	1.243800e-03	1.959605e-04	0.000000e+00
1.400000e+02	1.440000e+02	1.124516e-03	2.574272e-04	0.000000e+00
1.440000e+02	1.480000e+02	1.073931e-03	1.809225e-04	1.834750e-06
1.480000e+02	1.520000e+02	1.001220e-03	0.000000e+00	1.799150e-05
1.520000e+02	1.560000e+02	1.058735e-03	1.133572e-04	0.000000e+00
1.560000e+02	1.600000e+02	9.327275e-04	0.000000e+00	6.381400e-05
1.600000e+02	1.640000e+02	9.583602e-04	5.532075e-05	1.028975e-05
1.640000e+02	1.680000e+02	9.221700e-04	1.650855e-04	2.002300e-05
1.680000e+02	1.720000e+02	8.933125e-04	2.797325e-05	0.000000e+00
1.720000e+02	1.760000e+02	8.796965e-04	5.362225e-05	1.828425e-05
1.760000e+02	1.800000e+02	8.305982e-04	0.000000e+00	6.809500e-05
1.800000e+02	1.840000e+02	7.908948e-04	0.000000e+00	7.833975e-05
1.840000e+02	1.880000e+02	8.394637e-04	1.405685e-04	1.274800e-05
1.880000e+02	1.920000e+02	8.335497e-04	0.000000e+00	2.786325e-05
1.920000e+02	1.960000e+02	8.028450e-04	1.171075e-05	4.612500e-07
1.960000e+02	2.000000e+02	7.906695e-04	3.843950e-05	0.000000e+00
# END HISTO1D


# BEGIN HISTO1D //homes/tinghua1/higgs-anomalous/Herwig7/gcc11_install_test/plots/H2Jets-NLOPS-mixed-combine.yoda/MC_H2JETS_04_LOOSE/j2j3_mass_fine
ErrorBandColor=green
ErrorBandOpacity=0.3
ErrorBands=1
ErrorBars=1
ErrorType=env
LineColor=green
LineStyle=solid
Path=//homes/tinghua1/higgs-anomalous/Herwig7/gcc11_install_test/plots/H2Jets-NLOPS-mixed-combine.yoda/MC_H2JETS_04_LOOSE/j2j3_mass_fine
RatioPlotSameStyle=1
Title=h(2*) $\oplus$ PS
# xlow	 xhigh	 val	 errminus	 errplus
0.000000e+00	4.000000e+00	0.000000e+00	0.000000e+00	0.000000e+00
4.000000e+00	8.000000e+00	0.000000e+00	0.000000e+00	0.000000e+00
8.000000e+00	1.200000e+01	4.487365e-06	1.059692e-06	0.000000e+00
1.200000e+01	1.600000e+01	1.361460e-04	1.753335e-05	0.000000e+00
1.600000e+01	2.000000e+01	4.774443e-04	3.354100e-05	0.000000e+00
2.000000e+01	2.400000e+01	8.894648e-04	2.741300e-05	2.338000e-05
2.400000e+01	2.800000e+01	1.238445e-03	2.503750e-06	7.276475e-05
2.800000e+01	3.200000e+01	1.482473e-03	0.000000e+00	1.213265e-04
3.200000e+01	3.600000e+01	1.621017e-03	0.000000e+00	1.653870e-04
3.600000e+01	4.000000e+01	1.685479e-03	0.000000e+00	1.888595e-04
4.000000e+01	4.400000e+01	1.698745e-03	0.000000e+00	2.061833e-04
4.400000e+01	4.800000e+01	1.668031e-03	0.000000e+00	2.189255e-04
4.800000e+01	5.200000e+01	1.632928e-03	0.000000e+00	2.176045e-04
5.200000e+01	5.600000e+01	1.579661e-03	0.000000e+00	2.195037e-04
5.600000e+01	6.000000e+01	1.520693e-03	0.000000e+00	2.098490e-04
6.000000e+01	6.400000e+01	1.461516e-03	0.000000e+00	2.050460e-04
6.400000e+01	6.800000e+01	1.412270e-03	0.000000e+00	1.844258e-04
6.800000e+01	7.200000e+01	1.352272e-03	0.000000e+00	1.855405e-04
7.200000e+01	7.600000e+01	1.306223e-03	0.000000e+00	1.681050e-04
7.600000e+01	8.000000e+01	1.255689e-03	0.000000e+00	1.663617e-04
8.000000e+01	8.400000e+01	1.210317e-03	0.000000e+00	1.515085e-04
8.400000e+01	8.800000e+01	1.166886e-03	0.000000e+00	1.517955e-04
8.800000e+01	9.200000e+01	1.129166e-03	0.000000e+00	1.405125e-04
9.200000e+01	9.600000e+01	1.093932e-03	0.000000e+00	1.397263e-04
9.600000e+01	1.000000e+02	1.061913e-03	0.000000e+00	1.298397e-04
1.000000e+02	1.040000e+02	1.030707e-03	0.000000e+00	1.211607e-04
1.040000e+02	1.080000e+02	9.995613e-04	0.000000e+00	1.260170e-04
1.080000e+02	1.120000e+02	9.726570e-04	0.000000e+00	1.161232e-04
1.120000e+02	1.160000e+02	9.450513e-04	0.000000e+00	1.134035e-04
1.160000e+02	1.200000e+02	9.216445e-04	0.000000e+00	1.098535e-04
1.200000e+02	1.240000e+02	8.960790e-04	0.000000e+00	9.938475e-05
1.240000e+02	1.280000e+02	8.743380e-04	0.000000e+00	1.048422e-04
1.280000e+02	1.320000e+02	8.537577e-04	0.000000e+00	9.899150e-05
1.320000e+02	1.360000e+02	8.317975e-04	0.000000e+00	9.908425e-05
1.360000e+02	1.400000e+02	8.123932e-04	0.000000e+00	9.533175e-05
1.400000e+02	1.440000e+02	7.959723e-04	0.000000e+00	8.460775e-05
1.440000e+02	1.480000e+02	7.761947e-04	0.000000e+00	8.669300e-05
1.480000e+02	1.520000e+02	7.600893e-04	0.000000e+00	8.670075e-05
1.520000e+02	1.560000e+02	7.398263e-04	0.000000e+00	8.703475e-05
1.560000e+02	1.600000e+02	7.254658e-04	0.000000e+00	8.282375e-05
1.600000e+02	1.640000e+02	7.124510e-04	0.000000e+00	8.031525e-05
1.640000e+02	1.680000e+02	6.935752e-04	0.000000e+00	8.480225e-05
1.680000e+02	1.720000e+02	6.817662e-04	0.000000e+00	7.802375e-05
1.720000e+02	1.760000e+02	6.651465e-04	0.000000e+00	7.890325e-05
1.760000e+02	1.800000e+02	6.553643e-04	0.000000e+00	7.370700e-05
1.800000e+02	1.840000e+02	6.409583e-04	0.000000e+00	7.336900e-05
1.840000e+02	1.880000e+02	6.252888e-04	0.000000e+00	7.519150e-05
1.880000e+02	1.920000e+02	6.166640e-04	0.000000e+00	7.213925e-05
1.920000e+02	1.960000e+02	6.021703e-04	0.000000e+00	7.390025e-05
1.960000e+02	2.000000e+02	5.926415e-04	0.000000e+00	7.041400e-05
# END HISTO1D


# BEGIN HISTO1D //homes/tinghua1/higgs-anomalous/Herwig7/gcc11_install_test/plots/H2Jets-NLO-mixed-combine.yoda/MC_H2JETS_04_LOOSE/j2j3_mass_fine
ErrorBandColor=orange
ErrorBandOpacity=0.3
ErrorBands=1
ErrorBars=1
ErrorType=env
LineColor=orange
LineStyle=solid
Path=//homes/tinghua1/higgs-anomalous/Herwig7/gcc11_install_test/plots/H2Jets-NLO-mixed-combine.yoda/MC_H2JETS_04_LOOSE/j2j3_mass_fine
RatioPlotSameStyle=1
Title=h(2*)-FO
# xlow	 xhigh	 val	 errminus	 errplus
0.000000e+00	4.000000e+00	0.000000e+00	0.000000e+00	0.000000e+00
4.000000e+00	8.000000e+00	0.000000e+00	0.000000e+00	0.000000e+00
8.000000e+00	1.200000e+01	9.716842e-06	0.000000e+00	2.491813e-06
1.200000e+01	1.600000e+01	2.203723e-04	0.000000e+00	7.232917e-05
1.600000e+01	2.000000e+01	6.780838e-04	0.000000e+00	2.155817e-04
2.000000e+01	2.400000e+01	1.141238e-03	0.000000e+00	3.766935e-04
2.400000e+01	2.800000e+01	1.486989e-03	0.000000e+00	4.917767e-04
2.800000e+01	3.200000e+01	1.748997e-03	0.000000e+00	5.224528e-04
3.200000e+01	3.600000e+01	1.818450e-03	0.000000e+00	6.005917e-04
3.600000e+01	4.000000e+01	1.842698e-03	0.000000e+00	6.295088e-04
4.000000e+01	4.400000e+01	1.834956e-03	0.000000e+00	6.477860e-04
4.400000e+01	4.800000e+01	1.830160e-03	0.000000e+00	5.492910e-04
4.800000e+01	5.200000e+01	1.760514e-03	0.000000e+00	6.286925e-04
5.200000e+01	5.600000e+01	1.679479e-03	0.000000e+00	5.963345e-04
5.600000e+01	6.000000e+01	1.658907e-03	0.000000e+00	5.548632e-04
6.000000e+01	6.400000e+01	1.587811e-03	0.000000e+00	5.975662e-04
6.400000e+01	6.800000e+01	1.547030e-03	0.000000e+00	5.300817e-04
6.800000e+01	7.200000e+01	1.497421e-03	0.000000e+00	5.475920e-04
7.200000e+01	7.600000e+01	1.452221e-03	0.000000e+00	5.071740e-04
7.600000e+01	8.000000e+01	1.401883e-03	0.000000e+00	5.407410e-04
8.000000e+01	8.400000e+01	1.377828e-03	0.000000e+00	5.066995e-04
8.400000e+01	8.800000e+01	1.351128e-03	0.000000e+00	4.774653e-04
8.800000e+01	9.200000e+01	1.316832e-03	0.000000e+00	4.903180e-04
9.200000e+01	9.600000e+01	1.299508e-03	0.000000e+00	4.311563e-04
9.600000e+01	1.000000e+02	1.260008e-03	0.000000e+00	4.303205e-04
1.000000e+02	1.040000e+02	1.237074e-03	0.000000e+00	4.293700e-04
1.040000e+02	1.080000e+02	1.206143e-03	0.000000e+00	4.058597e-04
1.080000e+02	1.120000e+02	1.205599e-03	0.000000e+00	3.946233e-04
1.120000e+02	1.160000e+02	1.193294e-03	0.000000e+00	3.822117e-04
1.160000e+02	1.200000e+02	1.147893e-03	0.000000e+00	3.787082e-04
1.200000e+02	1.240000e+02	1.102695e-03	0.000000e+00	4.106813e-04
1.240000e+02	1.280000e+02	1.088652e-03	0.000000e+00	3.706713e-04
1.280000e+02	1.320000e+02	1.083009e-03	0.000000e+00	3.787217e-04
1.320000e+02	1.360000e+02	1.049842e-03	0.000000e+00	3.589482e-04
1.360000e+02	1.400000e+02	1.050118e-03	0.000000e+00	3.476773e-04
1.400000e+02	1.440000e+02	1.021305e-03	0.000000e+00	3.499815e-04
1.440000e+02	1.480000e+02	9.712747e-04	0.000000e+00	3.706773e-04
1.480000e+02	1.520000e+02	9.650450e-04	0.000000e+00	3.654112e-04
1.520000e+02	1.560000e+02	9.482747e-04	0.000000e+00	3.109580e-04
1.560000e+02	1.600000e+02	9.395643e-04	0.000000e+00	2.996665e-04
1.600000e+02	1.640000e+02	9.140135e-04	0.000000e+00	3.266748e-04
1.640000e+02	1.680000e+02	8.864873e-04	0.000000e+00	2.916090e-04
1.680000e+02	1.720000e+02	8.773097e-04	0.000000e+00	2.997820e-04
1.720000e+02	1.760000e+02	8.705078e-04	0.000000e+00	2.664650e-04
1.760000e+02	1.800000e+02	8.467003e-04	0.000000e+00	2.809270e-04
1.800000e+02	1.840000e+02	8.373655e-04	0.000000e+00	2.855320e-04
1.840000e+02	1.880000e+02	8.147440e-04	0.000000e+00	2.835405e-04
1.880000e+02	1.920000e+02	7.980113e-04	0.000000e+00	2.822540e-04
1.920000e+02	1.960000e+02	7.689590e-04	0.000000e+00	2.853083e-04
1.960000e+02	2.000000e+02	7.847878e-04	0.000000e+00	2.254130e-04
# END HISTO1D

