# BEGIN PLOT
Rebin=2
DrawOnly=//homes/n597m389/Formfactor/ffac-plots/H2Jets-NLOPS-mixed.yoda/MC_H2JETS_04_INC/Hj_pT_incl //homes/n597m389/Formfactor/ffac-plots/H2Jets-NLOPS-mixed-ffac.yoda/MC_H2JETS_04_INC/Hj_pT_incl
Title=CP-mixed
RatioPlotReference=//homes/n597m389/Formfactor/ffac-plots/H2Jets-NLOPS-mixed.yoda/MC_H2JETS_04_INC/Hj_pT_incl
RightMargin=0.5
RatioPlot=1
LogY=1
RatioPlotYMax=1.6
RatioPlotYLabel=Ratio
LegendOnly=//homes/n597m389/Formfactor/ffac-plots/H2Jets-NLOPS-mixed.yoda/MC_H2JETS_04_INC/Hj_pT_incl //homes/n597m389/Formfactor/ffac-plots/H2Jets-NLOPS-mixed-ffac.yoda/MC_H2JETS_04_INC/Hj_pT_incl
XLabel=$p_{T,hj_1}^{incl}$ (GeV)
LegendAlign=r
YLabel=$ \text{d} \sigma/ \text{d}  p_{T,hj_1}^{incl}$ (pb/GeV)
Legend=1
RatioPlotYMin=0.2
# END PLOT


# BEGIN SPECIAL /MC_H2JETS_04_INC/Hj_pT_incl
\rput[tl](0.05,0.75){\parbox{5cm}{\textcolor{gray}{{\bf Herwig 7.2.3} \\ VBFNLO 3.0.0}}}
# END SPECIAL

# BEGIN HISTO1D //homes/n597m389/Formfactor/ffac-plots/H2Jets-NLOPS-mixed.yoda/MC_H2JETS_04_INC/Hj_pT_incl
ErrorBars=1
LineColor=red
LineStyle=solid
Path=//homes/n597m389/Formfactor/ffac-plots/H2Jets-NLOPS-mixed.yoda/MC_H2JETS_04_INC/Hj_pT_incl
ScaledBy=1.89207682213989584e-05
Title=h(2*) $\oplus$ PS
# xlow	 xhigh	 val	 errminus	 errplus
0.000000e+00	1.000000e+01	3.891280e-04	1.642841e-06	1.642841e-06
1.000000e+01	2.000000e+01	1.291648e-03	2.247823e-06	2.247823e-06
2.000000e+01	3.000000e+01	2.985848e-03	3.978072e-06	3.978072e-06
3.000000e+01	4.000000e+01	5.517811e-03	4.837479e-06	4.837479e-06
4.000000e+01	5.000000e+01	7.576935e-03	7.205338e-06	7.205338e-06
5.000000e+01	6.000000e+01	8.833894e-03	1.253246e-05	1.253246e-05
6.000000e+01	7.000000e+01	9.321821e-03	1.015779e-05	1.015779e-05
7.000000e+01	8.000000e+01	9.291617e-03	2.340857e-05	2.340857e-05
8.000000e+01	9.000000e+01	8.870303e-03	5.795381e-06	5.795381e-06
9.000000e+01	1.000000e+02	8.258026e-03	5.091916e-06	5.091916e-06
1.000000e+02	1.100000e+02	7.576924e-03	4.489952e-06	4.489952e-06
1.100000e+02	1.200000e+02	6.859044e-03	4.361535e-06	4.361535e-06
1.200000e+02	1.300000e+02	6.153031e-03	5.271881e-06	5.271881e-06
1.300000e+02	1.400000e+02	5.483255e-03	4.050839e-06	4.050839e-06
1.400000e+02	1.500000e+02	4.880511e-03	3.971712e-06	3.971712e-06
1.500000e+02	1.600000e+02	4.338950e-03	4.972537e-06	4.972537e-06
1.600000e+02	1.700000e+02	3.840017e-03	3.936769e-06	3.936769e-06
1.700000e+02	1.800000e+02	3.398801e-03	3.445094e-06	3.445094e-06
1.800000e+02	1.900000e+02	3.030213e-03	2.915497e-06	2.915497e-06
1.900000e+02	2.000000e+02	2.685205e-03	6.442627e-06	6.442627e-06
2.000000e+02	2.100000e+02	2.382637e-03	3.143940e-06	3.143940e-06
2.100000e+02	2.200000e+02	2.117493e-03	2.684913e-06	2.684913e-06
2.200000e+02	2.300000e+02	1.892752e-03	3.225484e-06	3.225484e-06
2.300000e+02	2.400000e+02	1.682013e-03	2.269177e-06	2.269177e-06
2.400000e+02	2.500000e+02	1.505595e-03	2.213459e-06	2.213459e-06
2.500000e+02	2.600000e+02	1.348844e-03	2.070908e-06	2.070908e-06
2.600000e+02	2.700000e+02	1.208225e-03	2.120234e-06	2.120234e-06
2.700000e+02	2.800000e+02	1.088108e-03	2.239892e-06	2.239892e-06
2.800000e+02	2.900000e+02	9.752164e-04	1.785504e-06	1.785504e-06
2.900000e+02	3.000000e+02	8.804319e-04	1.645425e-06	1.645425e-06
3.000000e+02	3.100000e+02	7.923601e-04	1.584134e-06	1.584134e-06
3.100000e+02	3.200000e+02	7.228522e-04	2.080986e-06	2.080986e-06
3.200000e+02	3.300000e+02	6.506670e-04	1.776837e-06	1.776837e-06
3.300000e+02	3.400000e+02	5.890385e-04	1.497109e-06	1.497109e-06
3.400000e+02	3.500000e+02	5.378729e-04	1.311015e-06	1.311015e-06
3.500000e+02	3.600000e+02	4.876265e-04	1.348643e-06	1.348643e-06
3.600000e+02	3.700000e+02	4.431580e-04	1.218624e-06	1.218624e-06
3.700000e+02	3.800000e+02	4.048859e-04	1.162834e-06	1.162834e-06
3.800000e+02	3.900000e+02	3.687494e-04	1.124471e-06	1.124471e-06
3.900000e+02	4.000000e+02	3.389968e-04	1.225116e-06	1.225116e-06
4.000000e+02	4.100000e+02	3.104400e-04	1.028449e-06	1.028449e-06
4.100000e+02	4.200000e+02	2.837849e-04	9.931461e-07	9.931461e-07
4.200000e+02	4.300000e+02	2.607340e-04	1.003649e-06	1.003649e-06
4.300000e+02	4.400000e+02	2.422073e-04	1.288089e-06	1.288089e-06
4.400000e+02	4.500000e+02	2.216531e-04	1.933501e-06	1.933501e-06
4.500000e+02	4.600000e+02	2.024454e-04	8.303462e-07	8.303462e-07
4.600000e+02	4.700000e+02	1.866440e-04	8.082007e-07	8.082007e-07
4.700000e+02	4.800000e+02	1.732262e-04	8.045821e-07	8.045821e-07
4.800000e+02	4.900000e+02	1.590164e-04	7.685486e-07	7.685486e-07
4.900000e+02	5.000000e+02	1.463622e-04	8.159417e-07	8.159417e-07
# END HISTO1D


# BEGIN HISTO1D //homes/n597m389/Formfactor/ffac-plots/H2Jets-NLOPS-mixed-ffac.yoda/MC_H2JETS_04_INC/Hj_pT_incl
ErrorBars=1
LineColor=blue
LineStyle=solid
Path=//homes/n597m389/Formfactor/ffac-plots/H2Jets-NLOPS-mixed-ffac.yoda/MC_H2JETS_04_INC/Hj_pT_incl
ScaledBy=2.18319152661033333e-07
Title=h(2*) $\oplus$ PS-ffac
# xlow	 xhigh	 val	 errminus	 errplus
0.000000e+00	1.000000e+01	6.261543e-05	1.015588e-07	1.015588e-07
1.000000e+01	2.000000e+01	2.231204e-04	4.860874e-07	4.860874e-07
2.000000e+01	3.000000e+01	6.039008e-04	2.727124e-07	2.727124e-07
3.000000e+01	4.000000e+01	1.210109e-03	3.816639e-07	3.816639e-07
4.000000e+01	5.000000e+01	1.602206e-03	2.306093e-06	2.306093e-06
5.000000e+01	6.000000e+01	1.710783e-03	4.813840e-07	4.813840e-07
6.000000e+01	7.000000e+01	1.609392e-03	4.378772e-07	4.378772e-07
7.000000e+01	8.000000e+01	1.391572e-03	4.875839e-07	4.875839e-07
8.000000e+01	9.000000e+01	1.137806e-03	3.812382e-07	3.812382e-07
9.000000e+01	1.000000e+02	8.933178e-04	3.416880e-07	3.416880e-07
1.000000e+02	1.100000e+02	6.821997e-04	2.806655e-07	2.806655e-07
1.100000e+02	1.200000e+02	5.111087e-04	2.489311e-07	2.489311e-07
1.200000e+02	1.300000e+02	3.783032e-04	2.287329e-07	2.287329e-07
1.300000e+02	1.400000e+02	2.766358e-04	1.705930e-07	1.705930e-07
1.400000e+02	1.500000e+02	2.017240e-04	1.518352e-07	1.518352e-07
1.500000e+02	1.600000e+02	1.463795e-04	1.205313e-07	1.205313e-07
1.600000e+02	1.700000e+02	1.063117e-04	1.036546e-07	1.036546e-07
1.700000e+02	1.800000e+02	7.727375e-05	8.680532e-08	8.680532e-08
1.800000e+02	1.900000e+02	5.631861e-05	6.772732e-08	6.772732e-08
1.900000e+02	2.000000e+02	4.125467e-05	7.849101e-08	7.849101e-08
2.000000e+02	2.100000e+02	3.018613e-05	4.709420e-08	4.709420e-08
2.100000e+02	2.200000e+02	2.226730e-05	4.138772e-08	4.138772e-08
2.200000e+02	2.300000e+02	1.649183e-05	3.399784e-08	3.399784e-08
2.300000e+02	2.400000e+02	1.234901e-05	2.718964e-08	2.718964e-08
2.400000e+02	2.500000e+02	9.216223e-06	2.233840e-08	2.233840e-08
2.500000e+02	2.600000e+02	6.960336e-06	1.880770e-08	1.880770e-08
2.600000e+02	2.700000e+02	5.278148e-06	1.527576e-08	1.527576e-08
2.700000e+02	2.800000e+02	4.015689e-06	1.344657e-08	1.344657e-08
2.800000e+02	2.900000e+02	3.127021e-06	1.097622e-08	1.097622e-08
2.900000e+02	3.000000e+02	2.425017e-06	9.068580e-09	9.068580e-09
3.000000e+02	3.100000e+02	1.865389e-06	9.237411e-09	9.237411e-09
3.100000e+02	3.200000e+02	1.474844e-06	6.696329e-09	6.696329e-09
3.200000e+02	3.300000e+02	1.160673e-06	5.870531e-09	5.870531e-09
3.300000e+02	3.400000e+02	9.147435e-07	4.871663e-09	4.871663e-09
3.400000e+02	3.500000e+02	7.336361e-07	3.817980e-09	3.817980e-09
3.500000e+02	3.600000e+02	5.832747e-07	3.616671e-09	3.616671e-09
3.600000e+02	3.700000e+02	4.739520e-07	3.326092e-09	3.326092e-09
3.700000e+02	3.800000e+02	3.857618e-07	2.628563e-09	2.628563e-09
3.800000e+02	3.900000e+02	3.099854e-07	2.439169e-09	2.439169e-09
3.900000e+02	4.000000e+02	2.568934e-07	2.110758e-09	2.110758e-09
4.000000e+02	4.100000e+02	2.131849e-07	1.845592e-09	1.845592e-09
4.100000e+02	4.200000e+02	1.747059e-07	1.607652e-09	1.607652e-09
4.200000e+02	4.300000e+02	1.463292e-07	1.249940e-09	1.249940e-09
4.300000e+02	4.400000e+02	1.216241e-07	1.090722e-09	1.090722e-09
4.400000e+02	4.500000e+02	1.035952e-07	9.497098e-10	9.497098e-10
4.500000e+02	4.600000e+02	8.639311e-08	8.646718e-10	8.646718e-10
4.600000e+02	4.700000e+02	7.218505e-08	6.994174e-10	6.994174e-10
4.700000e+02	4.800000e+02	6.139926e-08	6.277707e-10	6.277707e-10
4.800000e+02	4.900000e+02	5.171902e-08	5.685424e-10	5.685424e-10
4.900000e+02	5.000000e+02	4.499394e-08	5.037259e-10	5.037259e-10
# END HISTO1D

