# BEGIN PLOT
RaiotPlotYMin=0.5
LegendOnly=//homes/n597m389/Formfactor/ffac-plots/H2Jets-NLOPS-mixed.yoda/MC_H2JETS_04_INC/HT_jets_mid //homes/n597m389/Formfactor/ffac-plots/H2Jets-NLOPS-mixed-ffac.yoda/MC_H2JETS_04_INC/HT_jets_mid
DrawOnly=//homes/n597m389/Formfactor/ffac-plots/H2Jets-NLOPS-mixed.yoda/MC_H2JETS_04_INC/HT_jets_mid //homes/n597m389/Formfactor/ffac-plots/H2Jets-NLOPS-mixed-ffac.yoda/MC_H2JETS_04_INC/HT_jets_mid
Title=CP-mixed
RatioPlotReference=//homes/n597m389/Formfactor/ffac-plots/H2Jets-NLOPS-mixed.yoda/MC_H2JETS_04_INC/HT_jets_mid
RightMargin=0.5
RatioPlot=1
LogY=1
RatioPlotYLabel=Ratio
XLabel=$H_{T}(\text{jets})$ (GeV)
LegendAlign=r
XMax=500.0
YLabel=$ \text{d} \sigma/ \text{d}  H_{T}(\text{jets})$ (pb/GeV)
RaiotPlotYMax=1.5
Legend=1
# END PLOT


# BEGIN SPECIAL /MC_H2JETS_04_INC/HT_jets_mid
\rput[tl](0.05,0.75){\parbox{5cm}{\textcolor{gray}{{\bf Herwig 7.2.3} \\ VBFNLO 3.0.0}}}
# END SPECIAL

# BEGIN HISTO1D //homes/n597m389/Formfactor/ffac-plots/H2Jets-NLOPS-mixed.yoda/MC_H2JETS_04_INC/HT_jets_mid
ErrorBars=1
LineColor=red
LineStyle=solid
Path=//homes/n597m389/Formfactor/ffac-plots/H2Jets-NLOPS-mixed.yoda/MC_H2JETS_04_INC/HT_jets_mid
ScaledBy=1.89207682213989584e-05
Title=h(2*) $\oplus$ PS
# xlow	 xhigh	 val	 errminus	 errplus
0.000000e+00	4.000000e+01	2.606665e-02	5.278837e-06	5.278837e-06
4.000000e+01	8.000000e+01	6.016288e-04	1.193336e-06	1.193336e-06
8.000000e+01	1.200000e+02	5.514352e-04	5.747188e-06	5.747188e-06
1.200000e+02	1.600000e+02	6.614635e-04	1.235890e-06	1.235890e-06
1.600000e+02	2.000000e+02	7.027498e-04	1.025101e-06	1.025101e-06
2.000000e+02	2.400000e+02	6.743947e-04	1.002796e-06	1.002796e-06
2.400000e+02	2.800000e+02	6.128305e-04	2.229857e-06	2.229857e-06
2.800000e+02	3.200000e+02	5.358170e-04	7.395467e-07	7.395467e-07
3.200000e+02	3.600000e+02	4.625293e-04	8.095330e-07	8.095330e-07
3.600000e+02	4.000000e+02	3.963130e-04	1.111301e-06	1.111301e-06
4.000000e+02	4.400000e+02	3.377185e-04	5.900077e-07	5.900077e-07
4.400000e+02	4.800000e+02	2.896143e-04	7.149409e-07	7.149409e-07
4.800000e+02	5.200000e+02	2.457621e-04	5.933298e-07	5.933298e-07
5.200000e+02	5.600000e+02	2.107708e-04	4.697048e-07	4.697048e-07
5.600000e+02	6.000000e+02	1.800230e-04	6.798344e-07	6.798344e-07
6.000000e+02	6.400000e+02	1.570329e-04	1.481831e-06	1.481831e-06
6.400000e+02	6.800000e+02	1.341078e-04	4.454588e-07	4.454588e-07
6.800000e+02	7.200000e+02	1.170321e-04	4.506326e-07	4.506326e-07
7.200000e+02	7.600000e+02	1.010648e-04	3.517107e-07	3.517107e-07
7.600000e+02	8.000000e+02	8.874680e-05	5.382755e-07	5.382755e-07
8.000000e+02	8.400000e+02	7.627908e-05	2.358499e-07	2.358499e-07
8.400000e+02	8.800000e+02	6.691710e-05	2.817009e-07	2.817009e-07
8.800000e+02	9.200000e+02	5.851825e-05	2.546083e-07	2.546083e-07
9.200000e+02	9.600000e+02	5.197245e-05	2.508684e-07	2.508684e-07
9.600000e+02	1.000000e+03	4.534535e-05	2.055140e-07	2.055140e-07
1.000000e+03	1.040000e+03	4.068015e-05	3.473666e-07	3.473666e-07
1.040000e+03	1.080000e+03	3.565588e-05	1.696807e-07	1.696807e-07
1.080000e+03	1.120000e+03	3.150860e-05	2.284384e-07	2.284384e-07
1.120000e+03	1.160000e+03	2.819480e-05	2.861845e-07	2.861845e-07
1.160000e+03	1.200000e+03	2.516403e-05	1.676311e-07	1.676311e-07
1.200000e+03	1.240000e+03	2.252185e-05	3.167463e-07	3.167463e-07
1.240000e+03	1.280000e+03	2.007033e-05	1.427717e-07	1.427717e-07
1.280000e+03	1.320000e+03	1.789533e-05	2.213583e-07	2.213583e-07
1.320000e+03	1.360000e+03	1.597573e-05	1.448934e-07	1.448934e-07
1.360000e+03	1.400000e+03	1.401471e-05	1.222272e-07	1.222272e-07
1.400000e+03	1.440000e+03	1.272808e-05	9.602275e-08	9.602275e-08
1.440000e+03	1.480000e+03	1.145524e-05	1.183855e-07	1.183855e-07
1.480000e+03	1.520000e+03	1.053756e-05	1.566111e-07	1.566111e-07
1.520000e+03	1.560000e+03	9.328827e-06	1.257716e-07	1.257716e-07
1.560000e+03	1.600000e+03	8.283975e-06	7.729521e-08	7.729521e-08
1.600000e+03	1.640000e+03	7.775782e-06	2.844529e-07	2.844529e-07
1.640000e+03	1.680000e+03	6.625543e-06	5.879260e-08	5.879260e-08
1.680000e+03	1.720000e+03	6.120267e-06	9.459939e-08	9.459939e-08
1.720000e+03	1.760000e+03	5.410265e-06	5.900823e-08	5.900823e-08
1.760000e+03	1.800000e+03	4.923915e-06	6.163064e-08	6.163064e-08
1.800000e+03	1.840000e+03	4.524725e-06	9.093329e-08	9.093329e-08
1.840000e+03	1.880000e+03	3.976653e-06	6.779292e-08	6.779292e-08
1.880000e+03	1.920000e+03	3.653912e-06	5.210896e-08	5.210896e-08
1.920000e+03	1.960000e+03	3.267892e-06	4.765633e-08	4.765633e-08
1.960000e+03	2.000000e+03	2.960070e-06	4.413165e-08	4.413165e-08
2.000000e+03	2.040000e+03	2.739280e-06	4.629018e-08	4.629018e-08
2.040000e+03	2.080000e+03	2.467396e-06	4.312303e-08	4.312303e-08
2.080000e+03	2.120000e+03	2.300363e-06	7.715426e-08	7.715426e-08
2.120000e+03	2.160000e+03	1.990968e-06	3.894874e-08	3.894874e-08
2.160000e+03	2.200000e+03	1.817151e-06	4.688427e-08	4.688427e-08
2.200000e+03	2.240000e+03	1.586900e-06	5.588060e-08	5.588060e-08
2.240000e+03	2.280000e+03	1.533306e-06	3.906583e-08	3.906583e-08
2.280000e+03	2.320000e+03	1.370791e-06	3.827222e-08	3.827222e-08
2.320000e+03	2.360000e+03	1.253715e-06	3.693414e-08	3.693414e-08
2.360000e+03	2.400000e+03	1.133433e-06	3.017495e-08	3.017495e-08
2.400000e+03	2.440000e+03	1.050922e-06	3.084648e-08	3.084648e-08
2.440000e+03	2.480000e+03	9.213063e-07	3.047360e-08	3.047360e-08
2.480000e+03	2.520000e+03	8.223375e-07	2.295627e-08	2.295627e-08
2.520000e+03	2.560000e+03	7.858472e-07	2.684373e-08	2.684373e-08
2.560000e+03	2.600000e+03	7.426858e-07	2.548785e-08	2.548785e-08
2.600000e+03	2.640000e+03	6.289015e-07	2.259481e-08	2.259481e-08
2.640000e+03	2.680000e+03	5.943695e-07	2.328923e-08	2.328923e-08
2.680000e+03	2.720000e+03	5.368180e-07	2.668597e-08	2.668597e-08
2.720000e+03	2.760000e+03	4.911187e-07	1.877895e-08	1.877895e-08
2.760000e+03	2.800000e+03	4.487380e-07	2.176278e-08	2.176278e-08
2.800000e+03	2.840000e+03	4.178940e-07	1.861400e-08	1.861400e-08
2.840000e+03	2.880000e+03	3.631485e-07	1.933011e-08	1.933011e-08
2.880000e+03	2.920000e+03	3.480285e-07	1.826193e-08	1.826193e-08
2.920000e+03	2.960000e+03	3.036393e-07	2.111372e-08	2.111372e-08
2.960000e+03	3.000000e+03	2.950683e-07	3.997369e-08	3.997369e-08
3.000000e+03	3.040000e+03	2.676612e-07	1.488646e-08	1.488646e-08
3.040000e+03	3.080000e+03	2.234212e-07	1.486256e-08	1.486256e-08
3.080000e+03	3.120000e+03	2.159977e-07	1.426755e-08	1.426755e-08
3.120000e+03	3.160000e+03	1.809567e-07	1.380664e-08	1.380664e-08
3.160000e+03	3.200000e+03	1.689976e-07	1.310984e-08	1.310984e-08
3.200000e+03	3.240000e+03	1.810106e-07	1.296264e-08	1.296264e-08
3.240000e+03	3.280000e+03	1.518287e-07	1.318274e-08	1.318274e-08
3.280000e+03	3.320000e+03	1.428149e-07	1.296770e-08	1.296770e-08
3.320000e+03	3.360000e+03	1.240159e-07	1.166645e-08	1.166645e-08
3.360000e+03	3.400000e+03	1.013060e-07	9.176413e-09	9.176413e-09
3.400000e+03	3.440000e+03	1.087637e-07	1.112938e-08	1.112938e-08
3.440000e+03	3.480000e+03	1.175154e-07	1.483333e-08	1.483333e-08
3.480000e+03	3.520000e+03	1.034618e-07	1.210412e-08	1.210412e-08
3.520000e+03	3.560000e+03	7.178975e-08	1.006044e-08	1.006044e-08
3.560000e+03	3.600000e+03	6.947042e-08	8.265270e-09	8.265270e-09
3.600000e+03	3.640000e+03	9.087280e-08	1.104020e-08	1.104020e-08
3.640000e+03	3.680000e+03	5.466320e-08	7.453272e-09	7.453272e-09
3.680000e+03	3.720000e+03	6.810877e-08	1.048495e-08	1.048495e-08
3.720000e+03	3.760000e+03	6.675463e-08	9.482088e-09	9.482088e-09
3.760000e+03	3.800000e+03	5.573510e-08	8.163038e-09	8.163038e-09
3.800000e+03	3.840000e+03	5.739122e-08	1.054731e-08	1.054731e-08
3.840000e+03	3.880000e+03	4.425413e-08	7.858435e-09	7.858435e-09
3.880000e+03	3.920000e+03	4.181153e-08	7.992758e-09	7.992758e-09
3.920000e+03	3.960000e+03	3.469522e-08	7.564275e-09	7.564275e-09
3.960000e+03	4.000000e+03	2.529695e-08	5.593484e-09	5.593484e-09
4.000000e+03	4.040000e+03	2.540902e-08	6.001460e-09	6.001460e-09
4.040000e+03	4.080000e+03	2.287526e-08	4.885570e-09	4.885570e-09
4.080000e+03	4.120000e+03	2.785328e-08	6.003765e-09	6.003765e-09
4.120000e+03	4.160000e+03	1.336742e-08	3.309404e-09	3.309404e-09
4.160000e+03	4.200000e+03	2.710862e-08	7.463858e-09	7.463858e-09
4.200000e+03	4.240000e+03	1.304366e-08	4.168468e-09	4.168468e-09
4.240000e+03	4.280000e+03	1.915335e-08	5.313815e-09	5.313815e-09
4.280000e+03	4.320000e+03	1.000198e-08	3.163202e-09	3.163202e-09
4.320000e+03	4.360000e+03	1.522928e-08	4.499776e-09	4.499776e-09
4.360000e+03	4.400000e+03	9.588688e-09	2.900796e-09	2.900796e-09
4.400000e+03	4.440000e+03	1.472962e-08	4.761252e-09	4.761252e-09
4.440000e+03	4.480000e+03	1.097535e-08	4.794494e-09	4.794494e-09
4.480000e+03	4.520000e+03	1.366183e-08	4.166722e-09	4.166722e-09
4.520000e+03	4.560000e+03	4.291557e-08	3.028860e-08	3.028860e-08
4.560000e+03	4.600000e+03	8.751835e-09	2.457553e-09	2.457553e-09
4.600000e+03	4.640000e+03	4.098518e-09	3.045672e-09	3.045672e-09
4.640000e+03	4.680000e+03	1.426661e-08	5.720752e-09	5.720752e-09
4.680000e+03	4.720000e+03	6.584418e-09	3.627318e-09	3.627318e-09
4.720000e+03	4.760000e+03	5.555312e-09	2.641548e-09	2.641548e-09
4.760000e+03	4.800000e+03	1.910201e-09	8.517875e-10	8.517875e-10
4.800000e+03	4.840000e+03	5.012970e-09	2.200277e-09	2.200277e-09
4.840000e+03	4.880000e+03	2.004513e-09	9.564766e-10	9.564766e-10
4.880000e+03	4.920000e+03	1.593018e-09	8.451627e-10	8.451627e-10
4.920000e+03	4.960000e+03	5.112415e-09	2.529138e-09	2.529138e-09
4.960000e+03	5.000000e+03	5.342820e-09	2.499931e-09	2.499931e-09
5.000000e+03	5.040000e+03	4.826327e-09	2.664111e-09	2.664111e-09
5.040000e+03	5.080000e+03	2.249006e-09	1.182548e-09	1.182548e-09
5.080000e+03	5.120000e+03	5.367025e-09	3.087937e-09	3.087937e-09
5.120000e+03	5.160000e+03	4.408583e-09	2.777600e-09	2.777600e-09
5.160000e+03	5.200000e+03	3.969960e-09	3.152106e-09	3.152106e-09
5.200000e+03	5.240000e+03	4.284205e-10	2.374724e-10	2.374724e-10
5.240000e+03	5.280000e+03	4.047493e-09	3.556908e-09	3.556908e-09
5.280000e+03	5.320000e+03	2.809573e-09	1.993418e-09	1.993418e-09
5.320000e+03	5.360000e+03	2.406861e-09	1.576991e-09	1.576991e-09
5.360000e+03	5.400000e+03	3.337332e-10	1.695747e-10	1.695747e-10
5.400000e+03	5.440000e+03	-1.514778e-11	3.877273e-11	3.877273e-11
5.440000e+03	5.480000e+03	6.195815e-11	3.481288e-11	3.481288e-11
5.480000e+03	5.520000e+03	8.038773e-10	5.815550e-10	5.815550e-10
5.520000e+03	5.560000e+03	3.006602e-11	1.059553e-11	1.059553e-11
5.560000e+03	5.600000e+03	1.286561e-09	1.116833e-09	1.116833e-09
5.600000e+03	5.640000e+03	1.268020e-11	5.916891e-12	5.916891e-12
5.640000e+03	5.680000e+03	6.644880e-09	4.314972e-09	4.314972e-09
5.680000e+03	5.720000e+03	2.065977e-11	1.062750e-11	1.062750e-11
5.720000e+03	5.760000e+03	8.078528e-10	8.014495e-10	8.014495e-10
5.760000e+03	5.800000e+03	2.032420e-10	1.593148e-10	1.593148e-10
5.800000e+03	5.840000e+03	6.549140e-11	5.778006e-11	5.778006e-11
5.840000e+03	5.880000e+03	5.690220e-10	4.907857e-10	4.907857e-10
5.880000e+03	5.920000e+03	9.982603e-12	5.403448e-12	5.403448e-12
5.920000e+03	5.960000e+03	2.151032e-10	1.532258e-10	1.532258e-10
5.960000e+03	6.000000e+03	6.590238e-10	5.928557e-10	5.928557e-10
# END HISTO1D


# BEGIN HISTO1D //homes/n597m389/Formfactor/ffac-plots/H2Jets-NLOPS-mixed-ffac.yoda/MC_H2JETS_04_INC/HT_jets_mid
ErrorBars=1
LineColor=blue
LineStyle=solid
Path=//homes/n597m389/Formfactor/ffac-plots/H2Jets-NLOPS-mixed-ffac.yoda/MC_H2JETS_04_INC/HT_jets_mid
ScaledBy=2.18319152661033333e-07
Title=h(2*) $\oplus$ PS-ffac
# xlow	 xhigh	 val	 errminus	 errplus
0.000000e+00	4.000000e+01	2.864903e-03	6.386493e-07	6.386493e-07
4.000000e+01	8.000000e+01	4.785027e-05	4.519483e-08	4.519483e-08
8.000000e+01	1.200000e+02	9.648140e-05	8.298863e-08	8.298863e-08
1.200000e+02	1.600000e+02	9.446983e-05	5.764437e-08	5.764437e-08
1.600000e+02	2.000000e+02	6.524945e-05	4.621824e-08	4.621824e-08
2.000000e+02	2.400000e+02	3.914547e-05	3.786363e-08	3.786363e-08
2.400000e+02	2.800000e+02	2.228470e-05	2.257881e-08	2.257881e-08
2.800000e+02	3.200000e+02	1.244374e-05	1.155734e-07	1.155734e-07
3.200000e+02	3.600000e+02	7.150030e-06	1.016868e-08	1.016868e-08
3.600000e+02	4.000000e+02	4.165035e-06	6.977694e-09	6.977694e-09
4.000000e+02	4.400000e+02	2.479479e-06	4.907316e-09	4.907316e-09
4.400000e+02	4.800000e+02	1.519524e-06	3.780054e-09	3.780054e-09
4.800000e+02	5.200000e+02	9.510315e-07	2.786016e-09	2.786016e-09
5.200000e+02	5.600000e+02	6.154830e-07	1.927920e-09	1.927920e-09
5.600000e+02	6.000000e+02	4.036308e-07	1.515552e-09	1.515552e-09
6.000000e+02	6.400000e+02	2.723175e-07	1.242927e-09	1.242927e-09
6.400000e+02	6.800000e+02	1.845872e-07	8.054960e-10	8.054960e-10
6.800000e+02	7.200000e+02	1.291586e-07	7.184331e-10	7.184331e-10
7.200000e+02	7.600000e+02	9.007670e-08	4.579894e-10	4.579894e-10
7.600000e+02	8.000000e+02	6.582212e-08	4.829703e-10	4.829703e-10
8.000000e+02	8.400000e+02	4.722163e-08	3.084497e-10	3.084497e-10
8.400000e+02	8.800000e+02	3.471745e-08	2.216646e-10	2.216646e-10
8.800000e+02	9.200000e+02	2.590977e-08	1.854075e-10	1.854075e-10
9.200000e+02	9.600000e+02	1.970140e-08	1.839912e-10	1.839912e-10
9.600000e+02	1.000000e+03	1.467131e-08	1.290973e-10	1.290973e-10
1.000000e+03	1.040000e+03	1.147370e-08	1.337225e-10	1.337225e-10
1.040000e+03	1.080000e+03	8.830053e-09	8.689876e-11	8.689876e-11
1.080000e+03	1.120000e+03	7.003542e-09	1.249981e-10	1.249981e-10
1.120000e+03	1.160000e+03	5.364700e-09	5.688131e-11	5.688131e-11
1.160000e+03	1.200000e+03	4.062840e-09	1.156975e-10	1.156975e-10
1.200000e+03	1.240000e+03	3.323420e-09	4.075753e-11	4.075753e-11
1.240000e+03	1.280000e+03	2.632422e-09	3.571315e-11	3.571315e-11
1.280000e+03	1.320000e+03	2.117600e-09	2.860612e-11	2.860612e-11
1.320000e+03	1.360000e+03	1.716144e-09	2.287482e-11	2.287482e-11
1.360000e+03	1.400000e+03	1.397692e-09	2.261210e-11	2.261210e-11
1.400000e+03	1.440000e+03	1.137399e-09	1.806940e-11	1.806940e-11
1.440000e+03	1.480000e+03	9.443545e-10	1.575016e-11	1.575016e-11
1.480000e+03	1.520000e+03	7.639430e-10	1.297233e-11	1.297233e-11
1.520000e+03	1.560000e+03	6.298215e-10	1.120677e-11	1.120677e-11
1.560000e+03	1.600000e+03	5.291480e-10	9.205827e-12	9.205827e-12
1.600000e+03	1.640000e+03	4.548040e-10	1.356798e-11	1.356798e-11
1.640000e+03	1.680000e+03	3.659780e-10	7.655473e-12	7.655473e-12
1.680000e+03	1.720000e+03	3.064725e-10	6.724526e-12	6.724526e-12
1.720000e+03	1.760000e+03	2.442385e-10	6.069172e-12	6.069172e-12
1.760000e+03	1.800000e+03	2.125546e-10	6.600563e-12	6.600563e-12
1.800000e+03	1.840000e+03	1.820040e-10	4.316818e-12	4.316818e-12
1.840000e+03	1.880000e+03	1.645280e-10	1.055921e-11	1.055921e-11
1.880000e+03	1.920000e+03	1.273983e-10	3.331301e-12	3.331301e-12
1.920000e+03	1.960000e+03	1.070683e-10	2.860778e-12	2.860778e-12
1.960000e+03	2.000000e+03	9.067632e-11	2.547017e-12	2.547017e-12
2.000000e+03	2.040000e+03	7.721555e-11	2.489321e-12	2.489321e-12
2.040000e+03	2.080000e+03	7.039412e-11	2.435335e-12	2.435335e-12
2.080000e+03	2.120000e+03	5.804580e-11	1.655287e-12	1.655287e-12
2.120000e+03	2.160000e+03	4.678400e-11	1.745757e-12	1.745757e-12
2.160000e+03	2.200000e+03	4.260637e-11	1.502197e-12	1.502197e-12
2.200000e+03	2.240000e+03	3.678275e-11	1.212774e-12	1.212774e-12
2.240000e+03	2.280000e+03	3.071070e-11	1.039240e-12	1.039240e-12
2.280000e+03	2.320000e+03	2.868740e-11	1.448144e-12	1.448144e-12
2.320000e+03	2.360000e+03	2.441503e-11	1.071100e-12	1.071100e-12
2.360000e+03	2.400000e+03	2.049014e-11	8.301133e-13	8.301133e-13
2.400000e+03	2.440000e+03	1.806916e-11	7.543737e-13	7.543737e-13
2.440000e+03	2.480000e+03	1.460188e-11	5.898643e-13	5.898643e-13
2.480000e+03	2.520000e+03	1.213311e-11	4.458282e-13	4.458282e-13
2.520000e+03	2.560000e+03	1.112191e-11	5.342432e-13	5.342432e-13
2.560000e+03	2.600000e+03	1.068466e-11	5.441172e-13	5.441172e-13
2.600000e+03	2.640000e+03	9.414605e-12	5.088881e-13	5.088881e-13
2.640000e+03	2.680000e+03	7.838458e-12	4.908103e-13	4.908103e-13
2.680000e+03	2.720000e+03	6.902912e-12	4.840485e-13	4.840485e-13
2.720000e+03	2.760000e+03	5.803023e-12	2.726407e-13	2.726407e-13
2.760000e+03	2.800000e+03	4.831762e-12	2.203587e-13	2.203587e-13
2.800000e+03	2.840000e+03	4.877800e-12	3.674032e-13	3.674032e-13
2.840000e+03	2.880000e+03	4.019547e-12	4.422379e-13	4.422379e-13
2.880000e+03	2.920000e+03	3.342788e-12	1.729678e-13	1.729678e-13
2.920000e+03	2.960000e+03	3.288300e-12	2.386367e-13	2.386367e-13
2.960000e+03	3.000000e+03	2.474033e-12	1.506816e-13	1.506816e-13
3.000000e+03	3.040000e+03	2.485578e-12	2.000326e-13	2.000326e-13
3.040000e+03	3.080000e+03	1.979975e-12	1.921792e-13	1.921792e-13
3.080000e+03	3.120000e+03	1.903900e-12	1.428784e-13	1.428784e-13
3.120000e+03	3.160000e+03	1.487981e-12	1.200108e-13	1.200108e-13
3.160000e+03	3.200000e+03	1.461307e-12	1.303735e-13	1.303735e-13
3.200000e+03	3.240000e+03	1.340014e-12	1.001217e-13	1.001217e-13
3.240000e+03	3.280000e+03	1.218378e-12	8.749661e-14	8.749661e-14
3.280000e+03	3.320000e+03	8.611152e-13	5.793240e-14	5.793240e-14
3.320000e+03	3.360000e+03	8.529672e-13	1.058687e-13	1.058687e-13
3.360000e+03	3.400000e+03	6.362050e-13	4.063341e-14	4.063341e-14
3.400000e+03	3.440000e+03	7.019625e-13	6.577445e-14	6.577445e-14
3.440000e+03	3.480000e+03	5.449397e-13	4.760756e-14	4.760756e-14
3.480000e+03	3.520000e+03	4.816477e-13	4.757748e-14	4.757748e-14
3.520000e+03	3.560000e+03	4.449958e-13	4.663080e-14	4.663080e-14
3.560000e+03	3.600000e+03	3.648120e-13	2.886184e-14	2.886184e-14
3.600000e+03	3.640000e+03	4.014390e-13	5.035823e-14	5.035823e-14
3.640000e+03	3.680000e+03	3.567937e-13	4.128878e-14	4.128878e-14
3.680000e+03	3.720000e+03	2.723840e-13	2.476727e-14	2.476727e-14
3.720000e+03	3.760000e+03	2.345549e-13	2.369588e-14	2.369588e-14
3.760000e+03	3.800000e+03	2.432356e-13	2.580608e-14	2.580608e-14
3.800000e+03	3.840000e+03	1.931797e-13	1.875692e-14	1.875692e-14
3.840000e+03	3.880000e+03	2.124341e-13	2.129084e-14	2.129084e-14
3.880000e+03	3.920000e+03	1.535555e-13	1.814593e-14	1.814593e-14
3.920000e+03	3.960000e+03	1.750968e-13	3.033751e-14	3.033751e-14
3.960000e+03	4.000000e+03	9.590683e-14	1.211018e-14	1.211018e-14
4.000000e+03	4.040000e+03	9.010127e-14	1.039581e-14	1.039581e-14
4.040000e+03	4.080000e+03	8.963790e-14	9.964838e-15	9.964838e-15
4.080000e+03	4.120000e+03	8.307985e-14	9.492148e-15	9.492148e-15
4.120000e+03	4.160000e+03	8.552965e-14	9.665470e-15	9.665470e-15
4.160000e+03	4.200000e+03	6.134445e-14	8.166766e-15	8.166766e-15
4.200000e+03	4.240000e+03	4.768633e-14	5.103254e-15	5.103254e-15
4.240000e+03	4.280000e+03	4.721192e-14	7.754107e-15	7.754107e-15
4.280000e+03	4.320000e+03	4.748093e-14	6.869828e-15	6.869828e-15
4.320000e+03	4.360000e+03	3.925965e-14	4.467216e-15	4.467216e-15
4.360000e+03	4.400000e+03	1.174051e-13	8.095902e-14	8.095902e-14
4.400000e+03	4.440000e+03	3.117337e-14	3.285761e-15	3.285761e-15
4.440000e+03	4.480000e+03	2.684087e-14	3.328244e-15	3.328244e-15
4.480000e+03	4.520000e+03	3.371783e-14	5.626792e-15	5.626792e-15
4.520000e+03	4.560000e+03	2.557138e-14	3.399347e-15	3.399347e-15
4.560000e+03	4.600000e+03	1.645727e-14	2.329951e-15	2.329951e-15
4.600000e+03	4.640000e+03	4.670620e-14	2.220966e-14	2.220966e-14
4.640000e+03	4.680000e+03	1.488293e-14	1.498314e-15	1.498314e-15
4.680000e+03	4.720000e+03	1.958707e-14	6.040806e-15	6.040806e-15
4.720000e+03	4.760000e+03	1.541165e-14	2.697133e-15	2.697133e-15
4.760000e+03	4.800000e+03	1.321133e-14	2.326236e-15	2.326236e-15
4.800000e+03	4.840000e+03	8.415700e-15	1.317109e-15	1.317109e-15
4.840000e+03	4.880000e+03	2.511005e-14	1.006565e-14	1.006565e-14
4.880000e+03	4.920000e+03	6.659325e-15	1.033447e-15	1.033447e-15
4.920000e+03	4.960000e+03	5.487827e-15	7.947480e-16	7.947480e-16
4.960000e+03	5.000000e+03	5.576288e-15	1.472515e-15	1.472515e-15
5.000000e+03	5.040000e+03	4.887837e-15	9.643246e-16	9.643246e-16
5.040000e+03	5.080000e+03	5.656497e-15	9.377626e-16	9.377626e-16
5.080000e+03	5.120000e+03	3.885055e-15	6.371703e-16	6.371703e-16
5.120000e+03	5.160000e+03	5.736045e-15	1.342414e-15	1.342414e-15
5.160000e+03	5.200000e+03	5.937523e-15	1.415274e-15	1.415274e-15
5.200000e+03	5.240000e+03	4.061775e-15	9.054512e-16	9.054512e-16
5.240000e+03	5.280000e+03	3.326107e-15	5.969312e-16	5.969312e-16
5.280000e+03	5.320000e+03	3.761310e-15	1.273214e-15	1.273214e-15
5.320000e+03	5.360000e+03	2.597008e-15	5.616358e-16	5.616358e-16
5.360000e+03	5.400000e+03	2.724938e-15	5.429591e-16	5.429591e-16
5.400000e+03	5.440000e+03	1.935778e-15	4.503893e-16	4.503893e-16
5.440000e+03	5.480000e+03	2.497665e-15	6.345163e-16	6.345163e-16
5.480000e+03	5.520000e+03	2.312259e-15	6.558434e-16	6.558434e-16
5.520000e+03	5.560000e+03	1.215661e-15	2.948241e-16	2.948241e-16
5.560000e+03	5.600000e+03	8.158718e-16	1.751164e-16	1.751164e-16
5.600000e+03	5.640000e+03	2.149650e-15	7.726949e-16	7.726949e-16
5.640000e+03	5.680000e+03	1.105157e-15	2.491107e-16	2.491107e-16
5.680000e+03	5.720000e+03	1.041814e-15	3.494165e-16	3.494165e-16
5.720000e+03	5.760000e+03	1.063392e-15	2.167879e-16	2.167879e-16
5.760000e+03	5.800000e+03	5.047823e-16	1.142610e-16	1.142610e-16
5.800000e+03	5.840000e+03	8.132853e-16	1.639852e-16	1.639852e-16
5.840000e+03	5.880000e+03	3.180683e-16	6.436323e-17	6.436323e-17
5.880000e+03	5.920000e+03	8.978627e-16	2.776895e-16	2.776895e-16
5.920000e+03	5.960000e+03	3.791238e-16	1.119315e-16	1.119315e-16
5.960000e+03	6.000000e+03	3.136530e-16	8.193504e-17	8.193504e-17
# END HISTO1D

