# BEGIN PLOT
LegendOnly=//homes/n597m389/Formfactor/ffac-plots/H2Jets-NLOPS-mixed.yoda/MC_H2JETS_04_INC/j3j4_mass //homes/n597m389/Formfactor/ffac-plots/H2Jets-NLOPS-mixed-ffac.yoda/MC_H2JETS_04_INC/j3j4_mass
DrawOnly=//homes/n597m389/Formfactor/ffac-plots/H2Jets-NLOPS-mixed.yoda/MC_H2JETS_04_INC/j3j4_mass //homes/n597m389/Formfactor/ffac-plots/H2Jets-NLOPS-mixed-ffac.yoda/MC_H2JETS_04_INC/j3j4_mass
Title=CP-mixed
RatioPlotReference=//homes/n597m389/Formfactor/ffac-plots/H2Jets-NLOPS-mixed.yoda/MC_H2JETS_04_INC/j3j4_mass
RightMargin=0.5
RatioPlot=1
LogY=1
RatioPlotYMax=2.0
RatioPlotYLabel=Ratio
XLabel=$m_{j_3j_4}$ (GeV)
LegendAlign=r
XMax=1000
YLabel=$ \text{d} \sigma/ \text{d}  m_{j_3j_4}$ (pb/GeV)
Legend=1
RatioPlotYMin=0.0
# END PLOT


# BEGIN SPECIAL /MC_H2JETS_04_INC/j3j4_mass
\rput[tl](0.05,0.75){\parbox{5cm}{\textcolor{gray}{{\bf Herwig 7.2.3} \\ VBFNLO 3.0.0}}}
# END SPECIAL

# BEGIN HISTO1D //homes/n597m389/Formfactor/ffac-plots/H2Jets-NLOPS-mixed.yoda/MC_H2JETS_04_INC/j3j4_mass
ErrorBars=1
LineColor=red
LineStyle=solid
Path=//homes/n597m389/Formfactor/ffac-plots/H2Jets-NLOPS-mixed.yoda/MC_H2JETS_04_INC/j3j4_mass
ScaledBy=1.89207682213989584e-05
Title=h(2*) $\oplus$ PS
# xlow	 xhigh	 val	 errminus	 errplus
0.000000e+00	4.000000e+01	5.906905e-04	7.229426e-07	7.229426e-07
4.000000e+01	8.000000e+01	1.028355e-03	1.823903e-06	1.823903e-06
8.000000e+01	1.200000e+02	7.673928e-04	1.190902e-06	1.190902e-06
1.200000e+02	1.600000e+02	5.139358e-04	7.762694e-07	7.762694e-07
1.600000e+02	2.000000e+02	3.655178e-04	1.043681e-06	1.043681e-06
2.000000e+02	2.400000e+02	2.715273e-04	5.348842e-07	5.348842e-07
2.400000e+02	2.800000e+02	2.106256e-04	4.301328e-07	4.301328e-07
2.800000e+02	3.200000e+02	1.672743e-04	3.668288e-07	3.668288e-07
3.200000e+02	3.600000e+02	1.363783e-04	3.606154e-07	3.606154e-07
3.600000e+02	4.000000e+02	1.120457e-04	2.850897e-07	2.850897e-07
4.000000e+02	4.400000e+02	9.373707e-05	2.640225e-07	2.640225e-07
4.400000e+02	4.800000e+02	7.879495e-05	2.481468e-07	2.481468e-07
4.800000e+02	5.200000e+02	6.641113e-05	2.290859e-07	2.290859e-07
5.200000e+02	5.600000e+02	5.689962e-05	2.185502e-07	2.185502e-07
5.600000e+02	6.000000e+02	4.864040e-05	2.236900e-07	2.236900e-07
6.000000e+02	6.400000e+02	4.215255e-05	1.874626e-07	1.874626e-07
6.400000e+02	6.800000e+02	3.633905e-05	1.975015e-07	1.975015e-07
6.800000e+02	7.200000e+02	3.129045e-05	1.537952e-07	1.537952e-07
7.200000e+02	7.600000e+02	2.763480e-05	1.987565e-07	1.987565e-07
7.600000e+02	8.000000e+02	2.366771e-05	1.328996e-07	1.328996e-07
8.000000e+02	8.400000e+02	2.093667e-05	1.150015e-07	1.150015e-07
8.400000e+02	8.800000e+02	1.817978e-05	1.215551e-07	1.215551e-07
8.800000e+02	9.200000e+02	1.601924e-05	1.092149e-07	1.092149e-07
9.200000e+02	9.600000e+02	1.404751e-05	1.142356e-07	1.142356e-07
9.600000e+02	1.000000e+03	1.266318e-05	8.922237e-08	8.922237e-08
1.000000e+03	1.040000e+03	1.108615e-05	1.393240e-07	1.393240e-07
1.040000e+03	1.080000e+03	9.812905e-06	8.375429e-08	8.375429e-08
1.080000e+03	1.120000e+03	8.639060e-06	9.476629e-08	9.476629e-08
1.120000e+03	1.160000e+03	7.796183e-06	9.785860e-08	9.785860e-08
1.160000e+03	1.200000e+03	6.902817e-06	6.635268e-08	6.635268e-08
1.200000e+03	1.240000e+03	6.198828e-06	6.314575e-08	6.314575e-08
1.240000e+03	1.280000e+03	5.575028e-06	5.920866e-08	5.920866e-08
1.280000e+03	1.320000e+03	4.940190e-06	5.521272e-08	5.521272e-08
1.320000e+03	1.360000e+03	4.439135e-06	4.943324e-08	4.943324e-08
1.360000e+03	1.400000e+03	3.865552e-06	5.484042e-08	5.484042e-08
1.400000e+03	1.440000e+03	3.623978e-06	4.255775e-08	4.255775e-08
1.440000e+03	1.480000e+03	3.125957e-06	4.927841e-08	4.927841e-08
1.480000e+03	1.520000e+03	2.879670e-06	3.697884e-08	3.697884e-08
1.520000e+03	1.560000e+03	2.662135e-06	3.652658e-08	3.652658e-08
1.560000e+03	1.600000e+03	2.366748e-06	2.965465e-08	2.965465e-08
1.600000e+03	1.640000e+03	2.126255e-06	3.587878e-08	3.587878e-08
1.640000e+03	1.680000e+03	1.903070e-06	2.868353e-08	2.868353e-08
1.680000e+03	1.720000e+03	1.707402e-06	4.115274e-08	4.115274e-08
1.720000e+03	1.760000e+03	1.554075e-06	4.088826e-08	4.088826e-08
1.760000e+03	1.800000e+03	1.359316e-06	4.018524e-08	4.018524e-08
1.800000e+03	1.840000e+03	1.233427e-06	2.858776e-08	2.858776e-08
1.840000e+03	1.880000e+03	1.152709e-06	2.092300e-08	2.092300e-08
1.880000e+03	1.920000e+03	9.946185e-07	3.238021e-08	3.238021e-08
1.920000e+03	1.960000e+03	9.247295e-07	2.263769e-08	2.263769e-08
1.960000e+03	2.000000e+03	8.813695e-07	1.802041e-08	1.802041e-08
2.000000e+03	2.040000e+03	7.694337e-07	2.148352e-08	2.148352e-08
2.040000e+03	2.080000e+03	7.143735e-07	1.857571e-08	1.857571e-08
2.080000e+03	2.120000e+03	6.245600e-07	1.810039e-08	1.810039e-08
2.120000e+03	2.160000e+03	5.582850e-07	2.579857e-08	2.579857e-08
2.160000e+03	2.200000e+03	5.796490e-07	1.665927e-08	1.665927e-08
2.200000e+03	2.240000e+03	4.777672e-07	1.482234e-08	1.482234e-08
2.240000e+03	2.280000e+03	4.486400e-07	2.526559e-08	2.526559e-08
2.280000e+03	2.320000e+03	3.990387e-07	1.330718e-08	1.330718e-08
2.320000e+03	2.360000e+03	3.795882e-07	1.541693e-08	1.541693e-08
2.360000e+03	2.400000e+03	3.446187e-07	2.482078e-08	2.482078e-08
2.400000e+03	2.440000e+03	3.134445e-07	1.094653e-08	1.094653e-08
2.440000e+03	2.480000e+03	3.046333e-07	1.522574e-08	1.522574e-08
2.480000e+03	2.520000e+03	2.411114e-07	1.176376e-08	1.176376e-08
2.520000e+03	2.560000e+03	2.205584e-07	8.489004e-09	8.489004e-09
2.560000e+03	2.600000e+03	2.145356e-07	1.251799e-08	1.251799e-08
2.600000e+03	2.640000e+03	1.755607e-07	8.189460e-09	8.189460e-09
2.640000e+03	2.680000e+03	1.829423e-07	1.503330e-08	1.503330e-08
2.680000e+03	2.720000e+03	1.589839e-07	8.551071e-09	8.551071e-09
2.720000e+03	2.760000e+03	1.427529e-07	1.239878e-08	1.239878e-08
2.760000e+03	2.800000e+03	1.321010e-07	7.533906e-09	7.533906e-09
2.800000e+03	2.840000e+03	1.271255e-07	6.505073e-09	6.505073e-09
2.840000e+03	2.880000e+03	1.178593e-07	6.345107e-09	6.345107e-09
2.880000e+03	2.920000e+03	1.173280e-07	1.844708e-08	1.844708e-08
2.920000e+03	2.960000e+03	9.496620e-08	5.040515e-09	5.040515e-09
2.960000e+03	3.000000e+03	9.360145e-08	5.484940e-09	5.484940e-09
3.000000e+03	3.040000e+03	8.498217e-08	7.219168e-09	7.219168e-09
3.040000e+03	3.080000e+03	8.403358e-08	5.056191e-09	5.056191e-09
3.080000e+03	3.120000e+03	6.950100e-08	3.785762e-09	3.785762e-09
3.120000e+03	3.160000e+03	6.318567e-08	3.925966e-09	3.925966e-09
3.160000e+03	3.200000e+03	5.840810e-08	5.662052e-09	5.662052e-09
3.200000e+03	3.240000e+03	4.604320e-08	5.324321e-09	5.324321e-09
3.240000e+03	3.280000e+03	4.609103e-08	3.294623e-09	3.294623e-09
3.280000e+03	3.320000e+03	2.561482e-08	2.084544e-08	2.084544e-08
3.320000e+03	3.360000e+03	4.043615e-08	3.178013e-09	3.178013e-09
3.360000e+03	3.400000e+03	3.579240e-08	2.827950e-09	2.827950e-09
3.400000e+03	3.440000e+03	3.277043e-08	2.444625e-09	2.444625e-09
3.440000e+03	3.480000e+03	3.185927e-08	2.278405e-09	2.278405e-09
3.480000e+03	3.520000e+03	2.453823e-08	5.042466e-09	5.042466e-09
3.520000e+03	3.560000e+03	2.499838e-08	2.349103e-09	2.349103e-09
3.560000e+03	3.600000e+03	2.554045e-08	1.845667e-09	1.845667e-09
3.600000e+03	3.640000e+03	2.316422e-08	2.360994e-09	2.360994e-09
3.640000e+03	3.680000e+03	2.049184e-08	2.584289e-09	2.584289e-09
3.680000e+03	3.720000e+03	2.323842e-08	2.957829e-09	2.957829e-09
3.720000e+03	3.760000e+03	2.004486e-08	1.986902e-09	1.986902e-09
3.760000e+03	3.800000e+03	1.442348e-08	1.482719e-09	1.482719e-09
3.800000e+03	3.840000e+03	1.716750e-08	1.920308e-09	1.920308e-09
3.840000e+03	3.880000e+03	1.343362e-08	1.286899e-09	1.286899e-09
3.880000e+03	3.920000e+03	1.598138e-08	2.902649e-09	2.902649e-09
3.920000e+03	3.960000e+03	1.125888e-08	1.401700e-09	1.401700e-09
3.960000e+03	4.000000e+03	1.123331e-08	1.533791e-09	1.533791e-09
4.000000e+03	4.040000e+03	1.017981e-08	1.575911e-09	1.575911e-09
4.040000e+03	4.080000e+03	9.929627e-09	1.486660e-09	1.486660e-09
4.080000e+03	4.120000e+03	7.731295e-09	1.304680e-09	1.304680e-09
4.120000e+03	4.160000e+03	1.149973e-08	2.238249e-09	2.238249e-09
4.160000e+03	4.200000e+03	9.142375e-09	1.947181e-09	1.947181e-09
4.200000e+03	4.240000e+03	6.357008e-09	1.115259e-09	1.115259e-09
4.240000e+03	4.280000e+03	4.742402e-09	7.324814e-10	7.324814e-10
4.280000e+03	4.320000e+03	4.856982e-09	5.919640e-10	5.919640e-10
4.320000e+03	4.360000e+03	5.489402e-09	1.013323e-09	1.013323e-09
4.360000e+03	4.400000e+03	4.256870e-09	1.297751e-09	1.297751e-09
4.400000e+03	4.440000e+03	5.871610e-09	9.359076e-10	9.359076e-10
4.440000e+03	4.480000e+03	1.776020e-09	1.490999e-09	1.490999e-09
4.480000e+03	4.520000e+03	2.516147e-09	4.629823e-10	4.629823e-10
4.520000e+03	4.560000e+03	2.661945e-09	4.634183e-10	4.634183e-10
4.560000e+03	4.600000e+03	2.881947e-09	4.883457e-10	4.883457e-10
4.600000e+03	4.640000e+03	2.661933e-09	5.468002e-10	5.468002e-10
4.640000e+03	4.680000e+03	1.657448e-09	6.085195e-10	6.085195e-10
4.680000e+03	4.720000e+03	2.254356e-09	4.895902e-10	4.895902e-10
4.720000e+03	4.760000e+03	2.333374e-09	4.777172e-10	4.777172e-10
4.760000e+03	4.800000e+03	6.054152e-09	4.050951e-09	4.050951e-09
4.800000e+03	4.840000e+03	2.286775e-09	5.991990e-10	5.991990e-10
4.840000e+03	4.880000e+03	1.578771e-09	3.372985e-10	3.372985e-10
4.880000e+03	4.920000e+03	1.517484e-09	4.482647e-10	4.482647e-10
4.920000e+03	4.960000e+03	1.433118e-09	3.424808e-10	3.424808e-10
4.960000e+03	5.000000e+03	2.705457e-09	6.695089e-10	6.695089e-10
5.000000e+03	5.040000e+03	9.097817e-10	2.099704e-10	2.099704e-10
5.040000e+03	5.080000e+03	5.225892e-10	5.323763e-10	5.323763e-10
5.080000e+03	5.120000e+03	1.062572e-09	2.597187e-10	2.597187e-10
5.120000e+03	5.160000e+03	9.368265e-10	4.283079e-10	4.283079e-10
5.160000e+03	5.200000e+03	3.612545e-10	3.396371e-10	3.396371e-10
5.200000e+03	5.240000e+03	6.069648e-10	2.272101e-10	2.272101e-10
5.240000e+03	5.280000e+03	3.409232e-10	3.065631e-10	3.065631e-10
5.280000e+03	5.320000e+03	4.384718e-10	1.670277e-10	1.670277e-10
5.320000e+03	5.360000e+03	5.963745e-10	2.395945e-10	2.395945e-10
5.360000e+03	5.400000e+03	5.612770e-10	1.588940e-10	1.588940e-10
5.400000e+03	5.440000e+03	-3.061870e-10	8.976354e-10	8.976354e-10
5.440000e+03	5.480000e+03	4.935210e-10	2.228997e-10	2.228997e-10
5.480000e+03	5.520000e+03	3.504630e-10	1.275825e-10	1.275825e-10
5.520000e+03	5.560000e+03	1.841164e-10	8.939603e-11	8.939603e-11
5.560000e+03	5.600000e+03	2.222942e-10	7.469577e-11	7.469577e-11
5.600000e+03	5.640000e+03	1.254663e-10	6.085163e-11	6.085163e-11
5.640000e+03	5.680000e+03	2.599265e-10	8.645468e-11	8.645468e-11
5.680000e+03	5.720000e+03	2.010101e-10	9.581460e-11	9.581460e-11
5.720000e+03	5.760000e+03	3.030567e-10	2.154254e-10	2.154254e-10
5.760000e+03	5.800000e+03	2.478503e-10	1.347581e-10	1.347581e-10
5.800000e+03	5.840000e+03	1.673171e-10	7.984274e-11	7.984274e-11
5.840000e+03	5.880000e+03	2.550750e-10	1.354539e-10	1.354539e-10
5.880000e+03	5.920000e+03	1.047538e-10	5.829439e-11	5.829439e-11
5.920000e+03	5.960000e+03	3.124905e-10	1.790856e-10	1.790856e-10
5.960000e+03	6.000000e+03	5.831848e-11	3.273187e-11	3.273187e-11
# END HISTO1D


# BEGIN HISTO1D //homes/n597m389/Formfactor/ffac-plots/H2Jets-NLOPS-mixed-ffac.yoda/MC_H2JETS_04_INC/j3j4_mass
ErrorBars=1
LineColor=blue
LineStyle=solid
Path=//homes/n597m389/Formfactor/ffac-plots/H2Jets-NLOPS-mixed-ffac.yoda/MC_H2JETS_04_INC/j3j4_mass
ScaledBy=2.18319152661033333e-07
Title=h(2*) $\oplus$ PS-ffac
# xlow	 xhigh	 val	 errminus	 errplus
0.000000e+00	4.000000e+01	2.806905e-05	2.901507e-08	2.901507e-08
4.000000e+01	8.000000e+01	3.800165e-05	3.598267e-08	3.598267e-08
8.000000e+01	1.200000e+02	2.418035e-05	3.122382e-08	3.122382e-08
1.200000e+02	1.600000e+02	1.409783e-05	2.329045e-08	2.329045e-08
1.600000e+02	2.000000e+02	9.773018e-06	1.631605e-08	1.631605e-08
2.000000e+02	2.400000e+02	7.491220e-06	1.429608e-08	1.429608e-08
2.400000e+02	2.800000e+02	6.062922e-06	1.332711e-08	1.332711e-08
2.800000e+02	3.200000e+02	5.002097e-06	1.190840e-08	1.190840e-08
3.200000e+02	3.600000e+02	4.217025e-06	1.025432e-08	1.025432e-08
3.600000e+02	4.000000e+02	3.566533e-06	9.615320e-09	9.615320e-09
4.000000e+02	4.400000e+02	3.047785e-06	9.701189e-09	9.701189e-09
4.400000e+02	4.800000e+02	2.604230e-06	8.208985e-09	8.208985e-09
4.800000e+02	5.200000e+02	2.259178e-06	8.002293e-09	8.002293e-09
5.200000e+02	5.600000e+02	1.945130e-06	7.308142e-09	7.308142e-09
5.600000e+02	6.000000e+02	1.692601e-06	6.912945e-09	6.912945e-09
6.000000e+02	6.400000e+02	1.481562e-06	6.384460e-09	6.384460e-09
6.400000e+02	6.800000e+02	1.278198e-06	6.437852e-09	6.437852e-09
6.800000e+02	7.200000e+02	1.136625e-06	5.605528e-09	5.605528e-09
7.200000e+02	7.600000e+02	1.000869e-06	5.299261e-09	5.299261e-09
7.600000e+02	8.000000e+02	8.791863e-07	4.763789e-09	4.763789e-09
8.000000e+02	8.400000e+02	7.795363e-07	4.809112e-09	4.809112e-09
8.400000e+02	8.800000e+02	6.874170e-07	4.324660e-09	4.324660e-09
8.800000e+02	9.200000e+02	6.105565e-07	4.124708e-09	4.124708e-09
9.200000e+02	9.600000e+02	5.321485e-07	3.703284e-09	3.703284e-09
9.600000e+02	1.000000e+03	4.902545e-07	4.177743e-09	4.177743e-09
1.000000e+03	1.040000e+03	4.305290e-07	3.517982e-09	3.517982e-09
1.040000e+03	1.080000e+03	3.904543e-07	4.093646e-09	4.093646e-09
1.080000e+03	1.120000e+03	3.420125e-07	3.006582e-09	3.006582e-09
1.120000e+03	1.160000e+03	3.124242e-07	2.996595e-09	2.996595e-09
1.160000e+03	1.200000e+03	2.794677e-07	3.629923e-09	3.629923e-09
1.200000e+03	1.240000e+03	2.403909e-07	2.685822e-09	2.685822e-09
1.240000e+03	1.280000e+03	2.247039e-07	2.848952e-09	2.848952e-09
1.280000e+03	1.320000e+03	1.935012e-07	2.717598e-09	2.717598e-09
1.320000e+03	1.360000e+03	1.780789e-07	2.290432e-09	2.290432e-09
1.360000e+03	1.400000e+03	1.632976e-07	2.120189e-09	2.120189e-09
1.400000e+03	1.440000e+03	1.395977e-07	2.032630e-09	2.032630e-09
1.440000e+03	1.480000e+03	1.300768e-07	2.515697e-09	2.515697e-09
1.480000e+03	1.520000e+03	1.172774e-07	1.621803e-09	1.621803e-09
1.520000e+03	1.560000e+03	1.079652e-07	1.645839e-09	1.645839e-09
1.560000e+03	1.600000e+03	9.487432e-08	1.573102e-09	1.573102e-09
1.600000e+03	1.640000e+03	8.689515e-08	1.587363e-09	1.587363e-09
1.640000e+03	1.680000e+03	7.933267e-08	1.438206e-09	1.438206e-09
1.680000e+03	1.720000e+03	7.045972e-08	1.757444e-09	1.757444e-09
1.720000e+03	1.760000e+03	6.490825e-08	1.145556e-09	1.145556e-09
1.760000e+03	1.800000e+03	5.874220e-08	1.188850e-09	1.188850e-09
1.800000e+03	1.840000e+03	5.457283e-08	1.126956e-09	1.126956e-09
1.840000e+03	1.880000e+03	4.671030e-08	1.182009e-09	1.182009e-09
1.880000e+03	1.920000e+03	4.571787e-08	1.316137e-09	1.316137e-09
1.920000e+03	1.960000e+03	3.890205e-08	9.262961e-10	9.262961e-10
1.960000e+03	2.000000e+03	3.392238e-08	8.491742e-10	8.491742e-10
2.000000e+03	2.040000e+03	3.253970e-08	1.063108e-09	1.063108e-09
2.040000e+03	2.080000e+03	2.951300e-08	7.902693e-10	7.902693e-10
2.080000e+03	2.120000e+03	2.879135e-08	7.602159e-10	7.602159e-10
2.120000e+03	2.160000e+03	2.555057e-08	8.316741e-10	8.316741e-10
2.160000e+03	2.200000e+03	2.339404e-08	8.922037e-10	8.922037e-10
2.200000e+03	2.240000e+03	2.100859e-08	5.945252e-10	5.945252e-10
2.240000e+03	2.280000e+03	1.671489e-08	1.282840e-09	1.282840e-09
2.280000e+03	2.320000e+03	1.692488e-08	6.969343e-10	6.969343e-10
2.320000e+03	2.360000e+03	1.407951e-08	6.910827e-10	6.910827e-10
2.360000e+03	2.400000e+03	1.297610e-08	5.839511e-10	5.839511e-10
2.400000e+03	2.440000e+03	1.281719e-08	5.582550e-10	5.582550e-10
2.440000e+03	2.480000e+03	1.185335e-08	4.717402e-10	4.717402e-10
2.480000e+03	2.520000e+03	1.004465e-08	5.021365e-10	5.021365e-10
2.520000e+03	2.560000e+03	9.746427e-09	5.398181e-10	5.398181e-10
2.560000e+03	2.600000e+03	9.100320e-09	3.856454e-10	3.856454e-10
2.600000e+03	2.640000e+03	7.781810e-09	3.879069e-10	3.879069e-10
2.640000e+03	2.680000e+03	7.887100e-09	4.015407e-10	4.015407e-10
2.680000e+03	2.720000e+03	6.932553e-09	3.875076e-10	3.875076e-10
2.720000e+03	2.760000e+03	6.378032e-09	4.057394e-10	4.057394e-10
2.760000e+03	2.800000e+03	5.942127e-09	2.698754e-10	2.698754e-10
2.800000e+03	2.840000e+03	5.142000e-09	3.697934e-10	3.697934e-10
2.840000e+03	2.880000e+03	4.878528e-09	3.012353e-10	3.012353e-10
2.880000e+03	2.920000e+03	3.858248e-09	2.413295e-10	2.413295e-10
2.920000e+03	2.960000e+03	4.046992e-09	2.471815e-10	2.471815e-10
2.960000e+03	3.000000e+03	3.334137e-09	2.474653e-10	2.474653e-10
3.000000e+03	3.040000e+03	2.715460e-09	3.448748e-10	3.448748e-10
3.040000e+03	3.080000e+03	2.810265e-09	2.186346e-10	2.186346e-10
3.080000e+03	3.120000e+03	2.808203e-09	2.127350e-10	2.127350e-10
3.120000e+03	3.160000e+03	2.498759e-09	1.520984e-10	1.520984e-10
3.160000e+03	3.200000e+03	2.211275e-09	1.819363e-10	1.819363e-10
3.200000e+03	3.240000e+03	2.006782e-09	1.744358e-10	1.744358e-10
3.240000e+03	3.280000e+03	1.698720e-09	1.460133e-10	1.460133e-10
3.280000e+03	3.320000e+03	1.740566e-09	1.414794e-10	1.414794e-10
3.320000e+03	3.360000e+03	1.685594e-09	1.917581e-10	1.917581e-10
3.360000e+03	3.400000e+03	1.329419e-09	9.872316e-11	9.872316e-11
3.400000e+03	3.440000e+03	1.456455e-09	1.458065e-10	1.458065e-10
3.440000e+03	3.480000e+03	1.158275e-09	1.482358e-10	1.482358e-10
3.480000e+03	3.520000e+03	1.060773e-09	1.273122e-10	1.273122e-10
3.520000e+03	3.560000e+03	8.311083e-10	8.554399e-11	8.554399e-11
3.560000e+03	3.600000e+03	1.045707e-09	1.713184e-10	1.713184e-10
3.600000e+03	3.640000e+03	8.777278e-10	8.790848e-11	8.790848e-11
3.640000e+03	3.680000e+03	1.010142e-09	1.476175e-10	1.476175e-10
3.680000e+03	3.720000e+03	6.645948e-10	9.579206e-11	9.579206e-11
3.720000e+03	3.760000e+03	4.083750e-10	9.576625e-11	9.576625e-11
3.760000e+03	3.800000e+03	5.644233e-10	6.616070e-11	6.616070e-11
3.800000e+03	3.840000e+03	5.139528e-10	6.369653e-11	6.369653e-11
3.840000e+03	3.880000e+03	4.376687e-10	4.816562e-11	4.816562e-11
3.880000e+03	3.920000e+03	4.851688e-10	1.165656e-10	1.165656e-10
3.920000e+03	3.960000e+03	3.350055e-10	4.414991e-11	4.414991e-11
3.960000e+03	4.000000e+03	3.742368e-10	9.041944e-11	9.041944e-11
4.000000e+03	4.040000e+03	4.200705e-10	6.590961e-11	6.590961e-11
4.040000e+03	4.080000e+03	3.047115e-10	4.606132e-11	4.606132e-11
4.080000e+03	4.120000e+03	3.344617e-10	7.570742e-11	7.570742e-11
4.120000e+03	4.160000e+03	2.494687e-10	4.816312e-11	4.816312e-11
4.160000e+03	4.200000e+03	2.600428e-10	4.324504e-11	4.324504e-11
4.200000e+03	4.240000e+03	1.915460e-10	3.720353e-11	3.720353e-11
4.240000e+03	4.280000e+03	2.640053e-10	5.790527e-11	5.790527e-11
4.280000e+03	4.320000e+03	1.388185e-10	2.780549e-11	2.780549e-11
4.320000e+03	4.360000e+03	1.378890e-10	2.682767e-11	2.682767e-11
4.360000e+03	4.400000e+03	1.426643e-10	2.999483e-11	2.999483e-11
4.400000e+03	4.440000e+03	1.348250e-10	3.850383e-11	3.850383e-11
4.440000e+03	4.480000e+03	1.774633e-10	4.603574e-11	4.603574e-11
4.480000e+03	4.520000e+03	1.039593e-10	2.614780e-11	2.614780e-11
4.520000e+03	4.560000e+03	9.428390e-11	1.978701e-11	1.978701e-11
4.560000e+03	4.600000e+03	7.237700e-11	2.900960e-11	2.900960e-11
4.600000e+03	4.640000e+03	9.444905e-11	2.480190e-11	2.480190e-11
4.640000e+03	4.680000e+03	5.754180e-11	4.190541e-11	4.190541e-11
4.680000e+03	4.720000e+03	6.100318e-11	1.623973e-11	1.623973e-11
4.720000e+03	4.760000e+03	8.606740e-11	2.580802e-11	2.580802e-11
4.760000e+03	4.800000e+03	8.843670e-11	2.320152e-11	2.320152e-11
4.800000e+03	4.840000e+03	6.003965e-11	1.799619e-11	1.799619e-11
4.840000e+03	4.880000e+03	4.851983e-11	1.135250e-11	1.135250e-11
4.880000e+03	4.920000e+03	4.192908e-11	1.051572e-11	1.051572e-11
4.920000e+03	4.960000e+03	5.843213e-11	3.022640e-11	3.022640e-11
4.960000e+03	5.000000e+03	1.715698e-11	4.341466e-12	4.341466e-12
5.000000e+03	5.040000e+03	2.494814e-11	1.065456e-11	1.065456e-11
5.040000e+03	5.080000e+03	5.662652e-11	2.379766e-11	2.379766e-11
5.080000e+03	5.120000e+03	2.055076e-11	6.752277e-12	6.752277e-12
5.120000e+03	5.160000e+03	2.018276e-11	5.760344e-12	5.760344e-12
5.160000e+03	5.200000e+03	2.424670e-11	7.301840e-12	7.301840e-12
5.200000e+03	5.240000e+03	7.042083e-12	5.163686e-12	5.163686e-12
5.240000e+03	5.280000e+03	-9.676887e-12	2.367774e-11	2.367774e-11
5.280000e+03	5.320000e+03	1.019762e-11	3.348627e-12	3.348627e-12
5.320000e+03	5.360000e+03	2.860355e-11	2.103644e-11	2.103644e-11
5.360000e+03	5.400000e+03	7.002720e-11	5.337274e-11	5.337274e-11
5.400000e+03	5.440000e+03	1.393068e-11	4.326727e-12	4.326727e-12
5.440000e+03	5.480000e+03	1.091278e-11	4.475827e-12	4.475827e-12
5.480000e+03	5.520000e+03	2.454845e-11	9.698499e-12	9.698499e-12
5.520000e+03	5.560000e+03	1.514958e-11	6.798256e-12	6.798256e-12
5.560000e+03	5.600000e+03	4.678052e-12	1.915871e-12	1.915871e-12
5.600000e+03	5.640000e+03	7.129175e-12	3.649003e-12	3.649003e-12
5.640000e+03	5.680000e+03	1.550352e-12	8.067256e-13	8.067256e-13
5.680000e+03	5.720000e+03	6.781150e-12	4.388493e-12	4.388493e-12
5.720000e+03	5.760000e+03	4.240430e-12	1.913927e-12	1.913927e-12
5.760000e+03	5.800000e+03	2.969448e-11	2.353185e-11	2.353185e-11
5.800000e+03	5.840000e+03	6.896568e-12	3.790626e-12	3.790626e-12
5.840000e+03	5.880000e+03	3.024823e-12	2.770327e-12	2.770327e-12
5.880000e+03	5.920000e+03	4.362445e-12	2.857244e-12	2.857244e-12
5.920000e+03	5.960000e+03	6.273260e-12	3.923724e-12	3.923724e-12
5.960000e+03	6.000000e+03	1.582656e-12	7.833390e-13	7.833390e-13
# END HISTO1D

