# BEGIN PLOT
LegendOnly=//homes/n597m389/Formfactor/ffac-plots/H-N2-N3-4-25gev-mixed.yoda/MC_H2JETS_04_LOOSE/deltaR_H_jj_incl //homes/n597m389/Formfactor/ffac-plots/H-N2-N3-4-25gev-mixed-ffac.yoda/MC_H2JETS_04_LOOSE/deltaR_H_jj_incl
DrawOnly=//homes/n597m389/Formfactor/ffac-plots/H-N2-N3-4-25gev-mixed.yoda/MC_H2JETS_04_LOOSE/deltaR_H_jj_incl //homes/n597m389/Formfactor/ffac-plots/H-N2-N3-4-25gev-mixed-ffac.yoda/MC_H2JETS_04_LOOSE/deltaR_H_jj_incl
RightMargin=0.5
RatioPlotReference=//homes/n597m389/Formfactor/ffac-plots/H-N2-N3-4-25gev-mixed.yoda/MC_H2JETS_04_LOOSE/deltaR_H_jj_incl
Title=CP-mixed
RatioPlot=1
LogY=1
RatioPlotYLabel=Ratio
Legend=1
# END PLOT


# BEGIN SPECIAL /MC_H2JETS_04_LOOSE/deltaR_H_jj_incl
\rput[tl](0.05,0.75){\parbox{5cm}{\textcolor{gray}{{\bf Herwig 7.2.3} \\ VBFNLO 3.0.0}}}
# END SPECIAL

# BEGIN HISTO1D //homes/n597m389/Formfactor/ffac-plots/H-N2-N3-4-25gev-mixed.yoda/MC_H2JETS_04_LOOSE/deltaR_H_jj_incl
ErrorBars=1
LineColor=red
LineStyle=solid
Path=//homes/n597m389/Formfactor/ffac-plots/H-N2-N3-4-25gev-mixed.yoda/MC_H2JETS_04_LOOSE/deltaR_H_jj_incl
Title=h(2*,3*,4)
# xlow	 xhigh	 val	 errminus	 errplus
0.000000e+00	2.000000e-01	2.873998e-04	2.146950e-05	2.146950e-05
2.000000e-01	4.000000e-01	7.728250e-04	4.896122e-05	4.896122e-05
4.000000e-01	6.000000e-01	1.390130e-03	7.115497e-05	7.115497e-05
6.000000e-01	8.000000e-01	1.949816e-03	8.356752e-05	8.356752e-05
8.000000e-01	1.000000e+00	2.897395e-03	9.399447e-05	9.399447e-05
1.000000e+00	1.200000e+00	3.819889e-03	2.303340e-04	2.303340e-04
1.200000e+00	1.400000e+00	3.842453e-03	9.168090e-04	9.168090e-04
1.400000e+00	1.600000e+00	6.411590e-03	1.669827e-04	1.669827e-04
1.600000e+00	1.800000e+00	8.674740e-03	2.000931e-04	2.000931e-04
1.800000e+00	2.000000e+00	1.176519e-02	3.910688e-04	3.910688e-04
2.000000e+00	2.200000e+00	1.861722e-02	5.041528e-04	5.041528e-04
2.200000e+00	2.400000e+00	2.872350e-02	7.123089e-04	7.123089e-04
2.400000e+00	2.600000e+00	5.290075e-02	6.179953e-04	6.179953e-04
2.600000e+00	2.800000e+00	1.157452e-01	1.290428e-03	1.290428e-03
2.800000e+00	3.000000e+00	3.284271e-01	2.199828e-03	2.199828e-03
3.000000e+00	3.200000e+00	1.362606e+00	4.858825e-03	4.858825e-03
3.200000e+00	3.400000e+00	8.710235e-01	5.591650e-03	5.591650e-03
3.400000e+00	3.600000e+00	5.296490e-01	3.221861e-03	3.221861e-03
3.600000e+00	3.800000e+00	3.740645e-01	1.906252e-03	1.906252e-03
3.800000e+00	4.000000e+00	2.772662e-01	2.025747e-03	2.025747e-03
4.000000e+00	4.200000e+00	2.088504e-01	1.290317e-03	1.290317e-03
4.200000e+00	4.400000e+00	1.623214e-01	1.215398e-03	1.215398e-03
4.400000e+00	4.600000e+00	1.244154e-01	3.006902e-03	3.006902e-03
4.600000e+00	4.800000e+00	1.001957e-01	1.315441e-03	1.315441e-03
4.800000e+00	5.000000e+00	8.106310e-02	1.069346e-03	1.069346e-03
5.000000e+00	5.200000e+00	6.368260e-02	5.231931e-04	5.231931e-04
5.200000e+00	5.400000e+00	5.128430e-02	6.766707e-04	6.766707e-04
5.400000e+00	5.600000e+00	4.038869e-02	4.025051e-04	4.025051e-04
5.600000e+00	5.800000e+00	3.277824e-02	6.000427e-04	6.000427e-04
5.800000e+00	6.000000e+00	2.615705e-02	4.186779e-04	4.186779e-04
6.000000e+00	6.200000e+00	2.065181e-02	2.495104e-04	2.495104e-04
6.200000e+00	6.400000e+00	1.684641e-02	2.366085e-04	2.366085e-04
6.400000e+00	6.600000e+00	1.333639e-02	2.368813e-04	2.368813e-04
6.600000e+00	6.800000e+00	1.039359e-02	1.748508e-04	1.748508e-04
6.800000e+00	7.000000e+00	8.561460e-03	2.460325e-04	2.460325e-04
7.000000e+00	7.200000e+00	6.713575e-03	1.440145e-04	1.440145e-04
7.200000e+00	7.400000e+00	5.258045e-03	9.706897e-05	9.706897e-05
7.400000e+00	7.600000e+00	4.450695e-03	3.198705e-04	3.198705e-04
7.600000e+00	7.800000e+00	3.093289e-03	8.672503e-05	8.672503e-05
7.800000e+00	8.000000e+00	2.484397e-03	3.998759e-05	3.998759e-05
# END HISTO1D


# BEGIN HISTO1D //homes/n597m389/Formfactor/ffac-plots/H-N2-N3-4-25gev-mixed-ffac.yoda/MC_H2JETS_04_LOOSE/deltaR_H_jj_incl
ErrorBars=1
LineColor=blue
LineStyle=solid
Path=//homes/n597m389/Formfactor/ffac-plots/H-N2-N3-4-25gev-mixed-ffac.yoda/MC_H2JETS_04_LOOSE/deltaR_H_jj_incl
Title=h(2*,3*,4)-ffac
# xlow	 xhigh	 val	 errminus	 errplus
0.000000e+00	2.000000e-01	7.082180e-05	4.879746e-05	4.879746e-05
2.000000e-01	4.000000e-01	4.131000e-04	7.995453e-05	7.995453e-05
4.000000e-01	6.000000e-01	7.513335e-04	1.539154e-04	1.539154e-04
6.000000e-01	8.000000e-01	9.654990e-04	1.854963e-04	1.854963e-04
8.000000e-01	1.000000e+00	9.292580e-04	3.690214e-04	3.690214e-04
1.000000e+00	1.200000e+00	3.199851e-03	1.209522e-03	1.209522e-03
1.200000e+00	1.400000e+00	2.089646e-03	5.090066e-04	5.090066e-04
1.400000e+00	1.600000e+00	3.394907e-03	3.170859e-04	3.170859e-04
1.600000e+00	1.800000e+00	3.879449e-03	3.874856e-04	3.874856e-04
1.800000e+00	2.000000e+00	5.911010e-03	5.927763e-04	5.927763e-04
2.000000e+00	2.200000e+00	7.362710e-03	1.482760e-03	1.482760e-03
2.200000e+00	2.400000e+00	1.277532e-02	8.854133e-04	8.854133e-04
2.400000e+00	2.600000e+00	2.008930e-02	1.582282e-03	1.582282e-03
2.600000e+00	2.800000e+00	4.073981e-02	2.533045e-03	2.533045e-03
2.800000e+00	3.000000e+00	8.459970e-02	4.234238e-03	4.234238e-03
3.000000e+00	3.200000e+00	1.162804e-01	9.938220e-03	9.938220e-03
3.200000e+00	3.400000e+00	7.817890e-02	7.810314e-03	7.810314e-03
3.400000e+00	3.600000e+00	5.901335e-02	5.720087e-03	5.720087e-03
3.600000e+00	3.800000e+00	4.378736e-02	3.912637e-03	3.912637e-03
3.800000e+00	4.000000e+00	3.445531e-02	3.258182e-03	3.258182e-03
4.000000e+00	4.200000e+00	2.358240e-02	5.693134e-03	5.693134e-03
4.200000e+00	4.400000e+00	2.250215e-02	2.243766e-03	2.243766e-03
4.400000e+00	4.600000e+00	1.871193e-02	4.834485e-03	4.834485e-03
4.600000e+00	4.800000e+00	1.564403e-02	1.585099e-03	1.585099e-03
4.800000e+00	5.000000e+00	1.315937e-02	1.257543e-03	1.257543e-03
5.000000e+00	5.200000e+00	9.692550e-03	1.168641e-03	1.168641e-03
5.200000e+00	5.400000e+00	9.161950e-03	8.798950e-04	8.798950e-04
5.400000e+00	5.600000e+00	7.938380e-03	1.123849e-03	1.123849e-03
5.600000e+00	5.800000e+00	4.870959e-03	1.201531e-03	1.201531e-03
5.800000e+00	6.000000e+00	4.551055e-03	6.575895e-04	6.575895e-04
6.000000e+00	6.200000e+00	3.764529e-03	4.331592e-04	4.331592e-04
6.200000e+00	6.400000e+00	3.213829e-03	3.394440e-04	3.394440e-04
6.400000e+00	6.600000e+00	2.530370e-03	2.975463e-04	2.975463e-04
6.600000e+00	6.800000e+00	1.724570e-03	4.802575e-04	4.802575e-04
6.800000e+00	7.000000e+00	1.698761e-03	2.698764e-04	2.698764e-04
7.000000e+00	7.200000e+00	5.614675e-04	4.772095e-04	4.772095e-04
7.200000e+00	7.400000e+00	9.440060e-04	1.490335e-04	1.490335e-04
7.400000e+00	7.600000e+00	9.607845e-04	1.471009e-04	1.471009e-04
7.600000e+00	7.800000e+00	4.481474e-04	1.405561e-04	1.405561e-04
7.800000e+00	8.000000e+00	3.281472e-04	2.377049e-04	2.377049e-04
# END HISTO1D

