# BEGIN PLOT
Rebin=2
DrawOnly=//homes/n597m389/Formfactor/ffac-plots/H-N2-N3-4-25gev-mixed.yoda/MC_H2JETS_04_LOOSE/log10_d_12 //homes/n597m389/Formfactor/ffac-plots/H-N2-N3-4-25gev-mixed-ffac.yoda/MC_H2JETS_04_LOOSE/log10_d_12
Title=CP-mixed
RatioPlotReference=//homes/n597m389/Formfactor/ffac-plots/H-N2-N3-4-25gev-mixed.yoda/MC_H2JETS_04_LOOSE/log10_d_12
RightMargin=0.5
RatioPlot=1
LogY=1
RatioPlotYMax=2.0
RatioPlotYLabel=Ratio
LegendOnly=//homes/n597m389/Formfactor/ffac-plots/H-N2-N3-4-25gev-mixed.yoda/MC_H2JETS_04_LOOSE/log10_d_12 //homes/n597m389/Formfactor/ffac-plots/H-N2-N3-4-25gev-mixed-ffac.yoda/MC_H2JETS_04_LOOSE/log10_d_12
XLabel=$\sqrt{d_{12}}$ (GeV)
LegendAlign=r
YLabel=$ \text{d} \sigma / \sqrt{d_{12}}$ (pb/GeV)
Legend=1
RatioPlotYMin=0.2
# END PLOT


# BEGIN SPECIAL /MC_H2JETS_04_LOOSE/log10_d_12
\rput[tl](0.05,0.75){\parbox{5cm}{\textcolor{gray}{{\bf Herwig 7.2.3} \\ VBFNLO 3.0.0}}}
# END SPECIAL

# BEGIN HISTO1D //homes/n597m389/Formfactor/ffac-plots/H-N2-N3-4-25gev-mixed.yoda/MC_H2JETS_04_LOOSE/log10_d_12
ErrorBars=1
LineColor=red
LineStyle=solid
Path=//homes/n597m389/Formfactor/ffac-plots/H-N2-N3-4-25gev-mixed.yoda/MC_H2JETS_04_LOOSE/log10_d_12
Title=h(2*,3*,4)
XLabel=~
YLabel=~
# xlow	 xhigh	 val	 errminus	 errplus
2.000000e-01	2.361291e-01	0.000000e+00	0.000000e+00	0.000000e+00
2.361291e-01	2.722583e-01	0.000000e+00	0.000000e+00	0.000000e+00
2.722583e-01	3.083874e-01	0.000000e+00	0.000000e+00	0.000000e+00
3.083874e-01	3.445165e-01	0.000000e+00	0.000000e+00	0.000000e+00
3.445165e-01	3.806457e-01	0.000000e+00	0.000000e+00	0.000000e+00
3.806457e-01	4.167748e-01	0.000000e+00	0.000000e+00	0.000000e+00
4.167748e-01	4.529039e-01	0.000000e+00	0.000000e+00	0.000000e+00
4.529039e-01	4.890331e-01	0.000000e+00	0.000000e+00	0.000000e+00
4.890331e-01	5.251622e-01	0.000000e+00	0.000000e+00	0.000000e+00
5.251622e-01	5.612913e-01	0.000000e+00	0.000000e+00	0.000000e+00
5.612913e-01	5.974205e-01	0.000000e+00	0.000000e+00	0.000000e+00
5.974205e-01	6.335496e-01	0.000000e+00	0.000000e+00	0.000000e+00
6.335496e-01	6.696787e-01	0.000000e+00	0.000000e+00	0.000000e+00
6.696787e-01	7.058079e-01	0.000000e+00	0.000000e+00	0.000000e+00
7.058079e-01	7.419370e-01	0.000000e+00	0.000000e+00	0.000000e+00
7.419370e-01	7.780661e-01	0.000000e+00	0.000000e+00	0.000000e+00
7.780661e-01	8.141953e-01	0.000000e+00	0.000000e+00	0.000000e+00
8.141953e-01	8.503244e-01	0.000000e+00	0.000000e+00	0.000000e+00
8.503244e-01	8.864535e-01	0.000000e+00	0.000000e+00	0.000000e+00
8.864535e-01	9.225827e-01	0.000000e+00	0.000000e+00	0.000000e+00
9.225827e-01	9.587118e-01	0.000000e+00	0.000000e+00	0.000000e+00
9.587118e-01	9.948409e-01	0.000000e+00	0.000000e+00	0.000000e+00
9.948409e-01	1.030970e+00	0.000000e+00	0.000000e+00	0.000000e+00
1.030970e+00	1.067099e+00	0.000000e+00	0.000000e+00	0.000000e+00
1.067099e+00	1.103228e+00	0.000000e+00	0.000000e+00	0.000000e+00
1.103228e+00	1.139357e+00	0.000000e+00	0.000000e+00	0.000000e+00
1.139357e+00	1.175487e+00	0.000000e+00	0.000000e+00	0.000000e+00
1.175487e+00	1.211616e+00	7.325271e-09	3.875346e-08	3.875346e-08
1.211616e+00	1.247745e+00	6.268931e-07	3.766826e-07	3.766826e-07
1.247745e+00	1.283874e+00	2.725144e-06	3.984717e-07	3.984717e-07
1.283874e+00	1.320003e+00	1.135178e-05	1.272479e-06	1.272479e-06
1.320003e+00	1.356132e+00	3.498386e-05	5.208266e-06	5.208266e-06
1.356132e+00	1.392261e+00	9.597041e-05	5.914088e-06	5.914088e-06
1.392261e+00	1.428391e+00	8.751835e-02	6.381867e-04	6.381867e-04
1.428391e+00	1.464520e+00	1.433982e-01	6.635445e-04	6.635445e-04
1.464520e+00	1.500649e+00	1.982497e-01	1.015528e-03	1.015528e-03
1.500649e+00	1.536778e+00	2.629818e-01	3.304793e-03	3.304793e-03
1.536778e+00	1.572907e+00	3.349719e-01	2.006620e-03	2.006620e-03
1.572907e+00	1.609036e+00	4.252877e-01	2.717496e-03	2.717496e-03
1.609036e+00	1.645165e+00	5.239276e-01	3.691046e-03	3.691046e-03
1.645165e+00	1.681294e+00	6.305749e-01	4.513816e-03	4.513816e-03
1.681294e+00	1.717424e+00	7.594603e-01	4.062908e-03	4.062908e-03
1.717424e+00	1.753553e+00	8.756581e-01	4.006542e-03	4.006542e-03
1.753553e+00	1.789682e+00	1.012645e+00	5.314536e-03	5.314536e-03
1.789682e+00	1.825811e+00	1.141986e+00	8.948979e-03	8.948979e-03
1.825811e+00	1.861940e+00	1.253246e+00	5.295007e-03	5.295007e-03
1.861940e+00	1.898069e+00	1.357628e+00	6.753133e-03	6.753133e-03
1.898069e+00	1.934198e+00	1.425292e+00	7.694870e-03	7.694870e-03
1.934198e+00	1.970328e+00	1.497349e+00	7.349294e-03	7.349294e-03
1.970328e+00	2.006457e+00	1.509074e+00	7.290668e-03	7.290668e-03
2.006457e+00	2.042586e+00	1.493077e+00	7.833122e-03	7.833122e-03
2.042586e+00	2.078715e+00	1.435758e+00	2.024600e-02	2.024600e-02
2.078715e+00	2.114844e+00	1.412832e+00	8.528641e-03	8.528641e-03
2.114844e+00	2.150973e+00	1.313264e+00	1.110858e-02	1.110858e-02
2.150973e+00	2.187102e+00	1.214788e+00	1.014965e-02	1.014965e-02
2.187102e+00	2.223231e+00	1.096417e+00	1.162206e-02	1.162206e-02
2.223231e+00	2.259361e+00	9.908450e-01	9.675435e-03	9.675435e-03
2.259361e+00	2.295490e+00	8.727526e-01	1.048298e-02	1.048298e-02
2.295490e+00	2.331619e+00	7.553182e-01	9.658212e-03	9.658212e-03
2.331619e+00	2.367748e+00	6.583764e-01	9.033520e-03	9.033520e-03
2.367748e+00	2.403877e+00	5.621152e-01	1.315356e-02	1.315356e-02
2.403877e+00	2.440006e+00	4.738772e-01	1.664796e-02	1.664796e-02
2.440006e+00	2.476135e+00	3.888563e-01	9.944593e-03	9.944593e-03
2.476135e+00	2.512265e+00	3.384503e-01	8.312153e-03	8.312153e-03
2.512265e+00	2.548394e+00	2.741297e-01	8.869153e-03	8.869153e-03
2.548394e+00	2.584523e+00	2.124483e-01	1.093287e-02	1.093287e-02
2.584523e+00	2.620652e+00	1.704667e-01	7.656830e-03	7.656830e-03
2.620652e+00	2.656781e+00	1.185852e-01	7.708238e-03	7.708238e-03
2.656781e+00	2.692910e+00	1.142802e-01	6.174602e-03	6.174602e-03
2.692910e+00	2.729039e+00	7.743583e-02	6.698376e-03	6.698376e-03
2.729039e+00	2.765168e+00	6.578939e-02	4.516489e-03	4.516489e-03
2.765168e+00	2.801298e+00	4.857041e-02	8.190338e-03	8.190338e-03
2.801298e+00	2.837427e+00	3.423139e-02	4.930210e-03	4.930210e-03
2.837427e+00	2.873556e+00	2.412704e-02	1.044469e-02	1.044469e-02
2.873556e+00	2.909685e+00	1.791277e-02	5.398754e-03	5.398754e-03
2.909685e+00	2.945814e+00	1.023235e-02	2.424905e-03	2.424905e-03
2.945814e+00	2.981943e+00	9.716524e-03	4.176648e-03	4.176648e-03
2.981943e+00	3.018072e+00	7.223806e-03	2.478210e-03	2.478210e-03
3.018072e+00	3.054202e+00	4.062798e-03	1.741064e-03	1.741064e-03
3.054202e+00	3.090331e+00	1.176841e-03	6.943854e-04	6.943854e-04
3.090331e+00	3.126460e+00	2.393162e-04	4.888374e-04	4.888374e-04
3.126460e+00	3.162589e+00	7.112469e-04	2.939939e-04	2.939939e-04
3.162589e+00	3.198718e+00	-2.640223e-04	3.769925e-04	3.769925e-04
3.198718e+00	3.234847e+00	4.149135e-04	5.719672e-04	5.719672e-04
3.234847e+00	3.270976e+00	-1.299336e-04	3.068927e-04	3.068927e-04
3.270976e+00	3.307105e+00	6.725010e-05	7.633716e-05	7.633716e-05
3.307105e+00	3.343235e+00	1.697179e-04	1.631275e-04	1.631275e-04
3.343235e+00	3.379364e+00	4.629240e-05	5.805370e-05	5.805370e-05
3.379364e+00	3.415493e+00	-4.069017e-06	4.102907e-06	4.102907e-06
3.415493e+00	3.451622e+00	2.147981e-06	9.407409e-07	9.407409e-07
3.451622e+00	3.487751e+00	-7.277694e-06	7.986664e-06	7.986664e-06
3.487751e+00	3.523880e+00	4.400559e-09	5.901454e-08	5.901454e-08
3.523880e+00	3.560009e+00	3.505256e-08	2.342737e-08	2.342737e-08
3.560009e+00	3.596139e+00	4.106200e-09	3.345388e-09	3.345388e-09
3.596139e+00	3.632268e+00	-1.264675e-11	9.847969e-12	9.847969e-12
3.632268e+00	3.668397e+00	-1.648855e-11	1.394837e-11	1.394837e-11
3.668397e+00	3.704526e+00	8.082690e-15	8.653091e-15	8.653091e-15
3.704526e+00	3.740655e+00	2.530221e-17	3.392363e-17	3.392363e-17
3.740655e+00	3.776784e+00	4.488685e-23	4.484030e-23	4.484030e-23
3.776784e+00	3.812913e+00	0.000000e+00	0.000000e+00	0.000000e+00
# END HISTO1D


# BEGIN HISTO1D //homes/n597m389/Formfactor/ffac-plots/H-N2-N3-4-25gev-mixed-ffac.yoda/MC_H2JETS_04_LOOSE/log10_d_12
ErrorBars=1
LineColor=blue
LineStyle=solid
Path=//homes/n597m389/Formfactor/ffac-plots/H-N2-N3-4-25gev-mixed-ffac.yoda/MC_H2JETS_04_LOOSE/log10_d_12
Title=h(2*,3*,4)-ffac
XLabel=~
YLabel=~
# xlow	 xhigh	 val	 errminus	 errplus
2.000000e-01	2.361291e-01	0.000000e+00	0.000000e+00	0.000000e+00
2.361291e-01	2.722583e-01	0.000000e+00	0.000000e+00	0.000000e+00
2.722583e-01	3.083874e-01	0.000000e+00	0.000000e+00	0.000000e+00
3.083874e-01	3.445165e-01	0.000000e+00	0.000000e+00	0.000000e+00
3.445165e-01	3.806457e-01	0.000000e+00	0.000000e+00	0.000000e+00
3.806457e-01	4.167748e-01	0.000000e+00	0.000000e+00	0.000000e+00
4.167748e-01	4.529039e-01	0.000000e+00	0.000000e+00	0.000000e+00
4.529039e-01	4.890331e-01	0.000000e+00	0.000000e+00	0.000000e+00
4.890331e-01	5.251622e-01	0.000000e+00	0.000000e+00	0.000000e+00
5.251622e-01	5.612913e-01	0.000000e+00	0.000000e+00	0.000000e+00
5.612913e-01	5.974205e-01	0.000000e+00	0.000000e+00	0.000000e+00
5.974205e-01	6.335496e-01	0.000000e+00	0.000000e+00	0.000000e+00
6.335496e-01	6.696787e-01	0.000000e+00	0.000000e+00	0.000000e+00
6.696787e-01	7.058079e-01	0.000000e+00	0.000000e+00	0.000000e+00
7.058079e-01	7.419370e-01	0.000000e+00	0.000000e+00	0.000000e+00
7.419370e-01	7.780661e-01	0.000000e+00	0.000000e+00	0.000000e+00
7.780661e-01	8.141953e-01	0.000000e+00	0.000000e+00	0.000000e+00
8.141953e-01	8.503244e-01	0.000000e+00	0.000000e+00	0.000000e+00
8.503244e-01	8.864535e-01	0.000000e+00	0.000000e+00	0.000000e+00
8.864535e-01	9.225827e-01	0.000000e+00	0.000000e+00	0.000000e+00
9.225827e-01	9.587118e-01	0.000000e+00	0.000000e+00	0.000000e+00
9.587118e-01	9.948409e-01	0.000000e+00	0.000000e+00	0.000000e+00
9.948409e-01	1.030970e+00	0.000000e+00	0.000000e+00	0.000000e+00
1.030970e+00	1.067099e+00	0.000000e+00	0.000000e+00	0.000000e+00
1.067099e+00	1.103228e+00	0.000000e+00	0.000000e+00	0.000000e+00
1.103228e+00	1.139357e+00	0.000000e+00	0.000000e+00	0.000000e+00
1.139357e+00	1.175487e+00	0.000000e+00	0.000000e+00	0.000000e+00
1.175487e+00	1.211616e+00	6.756456e-09	3.081917e-09	3.081917e-09
1.211616e+00	1.247745e+00	1.552476e-07	2.536590e-08	2.536590e-08
1.247745e+00	1.283874e+00	3.977724e-07	4.679492e-07	4.679492e-07
1.283874e+00	1.320003e+00	4.301351e-06	5.598549e-07	5.598549e-07
1.320003e+00	1.356132e+00	7.630596e-06	2.591812e-06	2.591812e-06
1.356132e+00	1.392261e+00	6.712309e-06	1.337197e-05	1.337197e-05
1.392261e+00	1.428391e+00	2.293318e-02	4.542128e-04	4.542128e-04
1.428391e+00	1.464520e+00	3.430131e-02	8.125356e-04	8.125356e-04
1.464520e+00	1.500649e+00	4.569091e-02	9.464388e-04	9.464388e-04
1.500649e+00	1.536778e+00	6.016173e-02	3.275705e-03	3.275705e-03
1.536778e+00	1.572907e+00	7.063473e-02	1.850596e-03	1.850596e-03
1.572907e+00	1.609036e+00	8.311860e-02	2.722745e-03	2.722745e-03
1.609036e+00	1.645165e+00	1.014062e-01	2.936162e-03	2.936162e-03
1.645165e+00	1.681294e+00	1.162806e-01	3.172102e-03	3.172102e-03
1.681294e+00	1.717424e+00	1.321601e-01	4.528416e-03	4.528416e-03
1.717424e+00	1.753553e+00	1.341477e-01	1.196591e-02	1.196591e-02
1.753553e+00	1.789682e+00	1.637406e-01	6.435311e-03	6.435311e-03
1.789682e+00	1.825811e+00	1.723205e-01	7.544152e-03	7.544152e-03
1.825811e+00	1.861940e+00	1.924506e-01	9.779526e-03	9.779526e-03
1.861940e+00	1.898069e+00	2.024006e-01	8.894464e-03	8.894464e-03
1.898069e+00	1.934198e+00	2.070708e-01	1.156007e-02	1.156007e-02
1.934198e+00	1.970328e+00	1.942948e-01	1.607971e-02	1.607971e-02
1.970328e+00	2.006457e+00	2.085155e-01	1.726250e-02	1.726250e-02
2.006457e+00	2.042586e+00	1.701075e-01	1.461657e-02	1.461657e-02
2.042586e+00	2.078715e+00	1.788948e-01	1.608354e-02	1.608354e-02
2.078715e+00	2.114844e+00	1.258200e-01	1.809273e-02	1.809273e-02
2.114844e+00	2.150973e+00	1.239441e-01	1.928873e-02	1.928873e-02
2.150973e+00	2.187102e+00	1.307623e-01	1.858447e-02	1.858447e-02
2.187102e+00	2.223231e+00	1.322018e-01	1.713549e-02	1.713549e-02
2.223231e+00	2.259361e+00	1.106200e-01	2.125137e-02	2.125137e-02
2.259361e+00	2.295490e+00	5.986318e-02	1.707006e-02	1.707006e-02
2.295490e+00	2.331619e+00	1.124488e-01	2.241588e-02	2.241588e-02
2.331619e+00	2.367748e+00	8.634274e-02	2.307001e-02	2.307001e-02
2.367748e+00	2.403877e+00	4.768632e-02	1.892831e-02	1.892831e-02
2.403877e+00	2.440006e+00	7.026591e-02	1.601129e-02	1.601129e-02
2.440006e+00	2.476135e+00	5.203410e-02	1.549252e-02	1.549252e-02
2.476135e+00	2.512265e+00	4.309087e-02	1.598106e-02	1.598106e-02
2.512265e+00	2.548394e+00	2.300635e-02	1.882409e-02	1.882409e-02
2.548394e+00	2.584523e+00	2.426191e-02	1.435467e-02	1.435467e-02
2.584523e+00	2.620652e+00	3.563279e-02	1.461249e-02	1.461249e-02
2.620652e+00	2.656781e+00	6.401257e-04	1.136040e-02	1.136040e-02
2.656781e+00	2.692910e+00	1.337486e-02	3.025390e-02	3.025390e-02
2.692910e+00	2.729039e+00	2.370598e-02	2.810884e-02	2.810884e-02
2.729039e+00	2.765168e+00	-5.338955e-03	9.322626e-03	9.322626e-03
2.765168e+00	2.801298e+00	2.417319e-02	8.785010e-03	8.785010e-03
2.801298e+00	2.837427e+00	9.614462e-03	1.145032e-02	1.145032e-02
2.837427e+00	2.873556e+00	3.025783e-03	4.608368e-03	4.608368e-03
2.873556e+00	2.909685e+00	-3.337244e-02	2.531050e-02	2.531050e-02
2.909685e+00	2.945814e+00	-4.872659e-03	6.703799e-03	6.703799e-03
2.945814e+00	2.981943e+00	-1.699950e-02	1.904414e-02	1.904414e-02
2.981943e+00	3.018072e+00	3.299842e-03	3.259205e-03	3.259205e-03
3.018072e+00	3.054202e+00	1.665220e-03	2.617602e-03	2.617602e-03
3.054202e+00	3.090331e+00	3.665817e-03	3.086118e-03	3.086118e-03
3.090331e+00	3.126460e+00	-3.529154e-05	7.395147e-04	7.395147e-04
3.126460e+00	3.162589e+00	-1.641957e-03	8.021914e-04	8.021914e-04
3.162589e+00	3.198718e+00	9.171959e-05	2.081581e-04	2.081581e-04
3.198718e+00	3.234847e+00	3.865449e-04	5.227161e-04	5.227161e-04
3.234847e+00	3.270976e+00	-3.259310e-05	1.589149e-04	1.589149e-04
3.270976e+00	3.307105e+00	4.703662e-04	5.605186e-04	5.605186e-04
3.307105e+00	3.343235e+00	9.753590e-05	8.790411e-05	8.790411e-05
3.343235e+00	3.379364e+00	3.742232e-06	2.865204e-06	2.865204e-06
3.379364e+00	3.415493e+00	6.846173e-05	5.796753e-05	5.796753e-05
3.415493e+00	3.451622e+00	1.159606e-06	9.744564e-07	9.744564e-07
3.451622e+00	3.487751e+00	-1.230304e-07	1.003892e-07	1.003892e-07
3.487751e+00	3.523880e+00	1.149707e-07	1.863936e-07	1.863936e-07
3.523880e+00	3.560009e+00	-1.400618e-07	1.484724e-07	1.484724e-07
3.560009e+00	3.596139e+00	2.104163e-09	2.038216e-09	2.038216e-09
3.596139e+00	3.632268e+00	-2.151707e-10	2.149238e-10	2.149238e-10
3.632268e+00	3.668397e+00	-1.403243e-08	1.402499e-08	1.402499e-08
3.668397e+00	3.704526e+00	-7.726851e-15	2.265852e-14	2.265852e-14
3.704526e+00	3.740655e+00	-2.796587e-18	6.641093e-18	6.641093e-18
3.740655e+00	3.776784e+00	2.081994e-23	2.082567e-23	2.082567e-23
3.776784e+00	3.812913e+00	0.000000e+00	0.000000e+00	0.000000e+00
# END HISTO1D

