# BEGIN PLOT
Rebin=2
DrawOnly=//homes/n597m389/Formfactor/ffac-plots/H-N2-N3-4-25gev-mixed.yoda/MC_H2JETS_04_LOOSE/log10_d_01 //homes/n597m389/Formfactor/ffac-plots/H-N2-N3-4-25gev-mixed-ffac.yoda/MC_H2JETS_04_LOOSE/log10_d_01
Title=CP-mixed
RatioPlotReference=//homes/n597m389/Formfactor/ffac-plots/H-N2-N3-4-25gev-mixed.yoda/MC_H2JETS_04_LOOSE/log10_d_01
RightMargin=0.5
RatioPlot=1
LogY=1
RatioPlotYMax=3.0
RatioPlotYLabel=Ratio
LegendOnly=//homes/n597m389/Formfactor/ffac-plots/H-N2-N3-4-25gev-mixed.yoda/MC_H2JETS_04_LOOSE/log10_d_01 //homes/n597m389/Formfactor/ffac-plots/H-N2-N3-4-25gev-mixed-ffac.yoda/MC_H2JETS_04_LOOSE/log10_d_01
XLabel=$\sqrt{d_{01}}$ (GeV)
LegendAlign=r
YLabel=$ \text{d} \sigma / \sqrt{d_{01}}$ (pb/GeV)
Legend=1
RatioPlotYMin=0.0
# END PLOT


# BEGIN SPECIAL /MC_H2JETS_04_LOOSE/log10_d_01
\rput[tl](0.05,0.75){\parbox{5cm}{\textcolor{gray}{{\bf Herwig 7.2.3} \\ VBFNLO 3.0.0}}}
# END SPECIAL

# BEGIN HISTO1D //homes/n597m389/Formfactor/ffac-plots/H-N2-N3-4-25gev-mixed.yoda/MC_H2JETS_04_LOOSE/log10_d_01
ErrorBars=1
LineColor=red
LineStyle=solid
Path=//homes/n597m389/Formfactor/ffac-plots/H-N2-N3-4-25gev-mixed.yoda/MC_H2JETS_04_LOOSE/log10_d_01
Title=h(2*,3*,4)
XLabel=~
YLabel=~
# xlow	 xhigh	 val	 errminus	 errplus
2.000000e-01	2.361291e-01	0.000000e+00	0.000000e+00	0.000000e+00
2.361291e-01	2.722583e-01	0.000000e+00	0.000000e+00	0.000000e+00
2.722583e-01	3.083874e-01	0.000000e+00	0.000000e+00	0.000000e+00
3.083874e-01	3.445165e-01	0.000000e+00	0.000000e+00	0.000000e+00
3.445165e-01	3.806457e-01	0.000000e+00	0.000000e+00	0.000000e+00
3.806457e-01	4.167748e-01	0.000000e+00	0.000000e+00	0.000000e+00
4.167748e-01	4.529039e-01	0.000000e+00	0.000000e+00	0.000000e+00
4.529039e-01	4.890331e-01	0.000000e+00	0.000000e+00	0.000000e+00
4.890331e-01	5.251622e-01	0.000000e+00	0.000000e+00	0.000000e+00
5.251622e-01	5.612913e-01	0.000000e+00	0.000000e+00	0.000000e+00
5.612913e-01	5.974205e-01	0.000000e+00	0.000000e+00	0.000000e+00
5.974205e-01	6.335496e-01	0.000000e+00	0.000000e+00	0.000000e+00
6.335496e-01	6.696787e-01	0.000000e+00	0.000000e+00	0.000000e+00
6.696787e-01	7.058079e-01	0.000000e+00	0.000000e+00	0.000000e+00
7.058079e-01	7.419370e-01	0.000000e+00	0.000000e+00	0.000000e+00
7.419370e-01	7.780661e-01	0.000000e+00	0.000000e+00	0.000000e+00
7.780661e-01	8.141953e-01	0.000000e+00	0.000000e+00	0.000000e+00
8.141953e-01	8.503244e-01	0.000000e+00	0.000000e+00	0.000000e+00
8.503244e-01	8.864535e-01	0.000000e+00	0.000000e+00	0.000000e+00
8.864535e-01	9.225827e-01	0.000000e+00	0.000000e+00	0.000000e+00
9.225827e-01	9.587118e-01	0.000000e+00	0.000000e+00	0.000000e+00
9.587118e-01	9.948409e-01	0.000000e+00	0.000000e+00	0.000000e+00
9.948409e-01	1.030970e+00	0.000000e+00	0.000000e+00	0.000000e+00
1.030970e+00	1.067099e+00	0.000000e+00	0.000000e+00	0.000000e+00
1.067099e+00	1.103228e+00	0.000000e+00	0.000000e+00	0.000000e+00
1.103228e+00	1.139357e+00	0.000000e+00	0.000000e+00	0.000000e+00
1.139357e+00	1.175487e+00	0.000000e+00	0.000000e+00	0.000000e+00
1.175487e+00	1.211616e+00	0.000000e+00	0.000000e+00	0.000000e+00
1.211616e+00	1.247745e+00	0.000000e+00	0.000000e+00	0.000000e+00
1.247745e+00	1.283874e+00	0.000000e+00	0.000000e+00	0.000000e+00
1.283874e+00	1.320003e+00	0.000000e+00	0.000000e+00	0.000000e+00
1.320003e+00	1.356132e+00	0.000000e+00	0.000000e+00	0.000000e+00
1.356132e+00	1.392261e+00	0.000000e+00	0.000000e+00	0.000000e+00
1.392261e+00	1.428391e+00	9.475884e-05	2.635994e-06	2.635994e-06
1.428391e+00	1.464520e+00	5.259027e-04	1.278031e-05	1.278031e-05
1.464520e+00	1.500649e+00	1.536776e-03	2.294278e-05	2.294278e-05
1.500649e+00	1.536778e+00	3.334834e-03	2.417593e-05	2.417593e-05
1.536778e+00	1.572907e+00	6.521808e-03	4.932336e-05	4.932336e-05
1.572907e+00	1.609036e+00	1.183120e-02	6.528454e-05	6.528454e-05
1.609036e+00	1.645165e+00	2.024710e-02	1.005657e-04	1.005657e-04
1.645165e+00	1.681294e+00	3.287240e-02	1.536489e-04	1.536489e-04
1.681294e+00	1.717424e+00	5.252065e-02	1.862715e-04	1.862715e-04
1.717424e+00	1.753553e+00	7.957527e-02	2.959599e-04	2.959599e-04
1.753553e+00	1.789682e+00	1.177638e-01	3.538543e-04	3.538543e-04
1.789682e+00	1.825811e+00	1.674194e-01	5.638107e-04	5.638107e-04
1.825811e+00	1.861940e+00	2.324103e-01	7.640120e-04	7.640120e-04
1.861940e+00	1.898069e+00	3.152985e-01	1.944126e-03	1.944126e-03
1.898069e+00	1.934198e+00	4.155875e-01	1.217401e-03	1.217401e-03
1.934198e+00	1.970328e+00	5.349092e-01	2.717552e-03	2.717552e-03
1.970328e+00	2.006457e+00	6.630798e-01	2.730455e-03	2.730455e-03
2.006457e+00	2.042586e+00	8.027053e-01	2.161278e-03	2.161278e-03
2.042586e+00	2.078715e+00	9.431119e-01	3.943051e-03	3.943051e-03
2.078715e+00	2.114844e+00	1.079219e+00	3.704810e-03	3.704810e-03
2.114844e+00	2.150973e+00	1.204230e+00	3.695035e-03	3.695035e-03
2.150973e+00	2.187102e+00	1.295852e+00	5.569801e-03	5.569801e-03
2.187102e+00	2.223231e+00	1.388763e+00	7.112243e-03	7.112243e-03
2.223231e+00	2.259361e+00	1.451290e+00	6.160215e-03	6.160215e-03
2.259361e+00	2.295490e+00	1.477320e+00	6.264182e-03	6.264182e-03
2.295490e+00	2.331619e+00	1.476043e+00	6.121300e-03	6.121300e-03
2.331619e+00	2.367748e+00	1.461161e+00	1.004629e-02	1.004629e-02
2.367748e+00	2.403877e+00	1.397804e+00	8.367466e-03	8.367466e-03
2.403877e+00	2.440006e+00	1.349237e+00	8.045745e-03	8.045745e-03
2.440006e+00	2.476135e+00	1.260166e+00	9.163467e-03	9.163467e-03
2.476135e+00	2.512265e+00	1.173074e+00	1.094240e-02	1.094240e-02
2.512265e+00	2.548394e+00	1.078761e+00	1.011584e-02	1.011584e-02
2.548394e+00	2.584523e+00	9.671748e-01	1.052344e-02	1.052344e-02
2.584523e+00	2.620652e+00	8.606787e-01	1.425417e-02	1.425417e-02
2.620652e+00	2.656781e+00	7.482861e-01	1.761312e-02	1.761312e-02
2.656781e+00	2.692910e+00	6.433718e-01	2.174045e-02	2.174045e-02
2.692910e+00	2.729039e+00	5.685826e-01	8.845687e-03	8.845687e-03
2.729039e+00	2.765168e+00	4.855233e-01	1.057544e-02	1.057544e-02
2.765168e+00	2.801298e+00	3.940066e-01	1.104227e-02	1.104227e-02
2.801298e+00	2.837427e+00	3.295992e-01	1.020054e-02	1.020054e-02
2.837427e+00	2.873556e+00	2.641827e-01	1.425544e-02	1.425544e-02
2.873556e+00	2.909685e+00	2.228509e-01	8.117371e-03	8.117371e-03
2.909685e+00	2.945814e+00	1.652276e-01	1.081228e-02	1.081228e-02
2.945814e+00	2.981943e+00	1.309739e-01	6.280311e-03	6.280311e-03
2.981943e+00	3.018072e+00	1.048775e-01	8.073447e-03	8.073447e-03
3.018072e+00	3.054202e+00	8.141603e-02	7.459270e-03	7.459270e-03
3.054202e+00	3.090331e+00	5.558964e-02	4.872519e-03	4.872519e-03
3.090331e+00	3.126460e+00	3.902394e-02	5.109954e-03	5.109954e-03
3.126460e+00	3.162589e+00	2.323733e-02	3.054611e-03	3.054611e-03
3.162589e+00	3.198718e+00	2.032586e-02	4.625909e-03	4.625909e-03
3.198718e+00	3.234847e+00	1.056558e-02	2.787301e-03	2.787301e-03
3.234847e+00	3.270976e+00	9.922724e-03	2.988130e-03	2.988130e-03
3.270976e+00	3.307105e+00	1.337334e-02	7.724023e-03	7.724023e-03
3.307105e+00	3.343235e+00	2.251624e-03	8.715245e-04	8.715245e-04
3.343235e+00	3.379364e+00	1.007197e-03	3.890614e-04	3.890614e-04
3.379364e+00	3.415493e+00	1.212788e-03	5.485091e-04	5.485091e-04
3.415493e+00	3.451622e+00	2.867613e-04	1.039508e-04	1.039508e-04
3.451622e+00	3.487751e+00	-2.413988e-04	3.193697e-04	3.193697e-04
3.487751e+00	3.523880e+00	3.598201e-05	1.283126e-05	1.283126e-05
3.523880e+00	3.560009e+00	1.479585e-04	1.796449e-04	1.796449e-04
3.560009e+00	3.596139e+00	-2.963795e-07	5.113960e-06	5.113960e-06
3.596139e+00	3.632268e+00	1.621868e-06	5.953888e-07	5.953888e-07
3.632268e+00	3.668397e+00	1.603333e-07	8.755252e-08	8.755252e-08
3.668397e+00	3.704526e+00	1.177534e-08	1.560135e-08	1.560135e-08
3.704526e+00	3.740655e+00	2.409768e-09	8.467607e-10	8.467607e-10
3.740655e+00	3.776784e+00	9.590130e-12	3.313240e-12	3.313240e-12
3.776784e+00	3.812913e+00	1.899927e-14	1.258271e-14	1.258271e-14
# END HISTO1D


# BEGIN HISTO1D //homes/n597m389/Formfactor/ffac-plots/H-N2-N3-4-25gev-mixed-ffac.yoda/MC_H2JETS_04_LOOSE/log10_d_01
ErrorBars=1
LineColor=blue
LineStyle=solid
Path=//homes/n597m389/Formfactor/ffac-plots/H-N2-N3-4-25gev-mixed-ffac.yoda/MC_H2JETS_04_LOOSE/log10_d_01
Title=h(2*,3*,4)-ffac
XLabel=~
YLabel=~
# xlow	 xhigh	 val	 errminus	 errplus
2.000000e-01	2.361291e-01	0.000000e+00	0.000000e+00	0.000000e+00
2.361291e-01	2.722583e-01	0.000000e+00	0.000000e+00	0.000000e+00
2.722583e-01	3.083874e-01	0.000000e+00	0.000000e+00	0.000000e+00
3.083874e-01	3.445165e-01	0.000000e+00	0.000000e+00	0.000000e+00
3.445165e-01	3.806457e-01	0.000000e+00	0.000000e+00	0.000000e+00
3.806457e-01	4.167748e-01	0.000000e+00	0.000000e+00	0.000000e+00
4.167748e-01	4.529039e-01	0.000000e+00	0.000000e+00	0.000000e+00
4.529039e-01	4.890331e-01	0.000000e+00	0.000000e+00	0.000000e+00
4.890331e-01	5.251622e-01	0.000000e+00	0.000000e+00	0.000000e+00
5.251622e-01	5.612913e-01	0.000000e+00	0.000000e+00	0.000000e+00
5.612913e-01	5.974205e-01	0.000000e+00	0.000000e+00	0.000000e+00
5.974205e-01	6.335496e-01	0.000000e+00	0.000000e+00	0.000000e+00
6.335496e-01	6.696787e-01	0.000000e+00	0.000000e+00	0.000000e+00
6.696787e-01	7.058079e-01	0.000000e+00	0.000000e+00	0.000000e+00
7.058079e-01	7.419370e-01	0.000000e+00	0.000000e+00	0.000000e+00
7.419370e-01	7.780661e-01	0.000000e+00	0.000000e+00	0.000000e+00
7.780661e-01	8.141953e-01	0.000000e+00	0.000000e+00	0.000000e+00
8.141953e-01	8.503244e-01	0.000000e+00	0.000000e+00	0.000000e+00
8.503244e-01	8.864535e-01	0.000000e+00	0.000000e+00	0.000000e+00
8.864535e-01	9.225827e-01	0.000000e+00	0.000000e+00	0.000000e+00
9.225827e-01	9.587118e-01	0.000000e+00	0.000000e+00	0.000000e+00
9.587118e-01	9.948409e-01	0.000000e+00	0.000000e+00	0.000000e+00
9.948409e-01	1.030970e+00	0.000000e+00	0.000000e+00	0.000000e+00
1.030970e+00	1.067099e+00	0.000000e+00	0.000000e+00	0.000000e+00
1.067099e+00	1.103228e+00	0.000000e+00	0.000000e+00	0.000000e+00
1.103228e+00	1.139357e+00	0.000000e+00	0.000000e+00	0.000000e+00
1.139357e+00	1.175487e+00	0.000000e+00	0.000000e+00	0.000000e+00
1.175487e+00	1.211616e+00	0.000000e+00	0.000000e+00	0.000000e+00
1.211616e+00	1.247745e+00	0.000000e+00	0.000000e+00	0.000000e+00
1.247745e+00	1.283874e+00	0.000000e+00	0.000000e+00	0.000000e+00
1.283874e+00	1.320003e+00	0.000000e+00	0.000000e+00	0.000000e+00
1.320003e+00	1.356132e+00	0.000000e+00	0.000000e+00	0.000000e+00
1.356132e+00	1.392261e+00	0.000000e+00	0.000000e+00	0.000000e+00
1.392261e+00	1.428391e+00	6.414852e-05	1.496528e-06	1.496528e-06
1.428391e+00	1.464520e+00	3.675441e-04	7.342296e-06	7.342296e-06
1.464520e+00	1.500649e+00	1.014191e-03	1.921232e-05	1.921232e-05
1.500649e+00	1.536778e+00	2.051919e-03	8.380179e-05	8.380179e-05
1.536778e+00	1.572907e+00	3.985721e-03	5.789365e-05	5.789365e-05
1.572907e+00	1.609036e+00	7.065643e-03	5.329032e-05	5.329032e-05
1.609036e+00	1.645165e+00	1.155237e-02	1.092243e-04	1.092243e-04
1.645165e+00	1.681294e+00	1.822042e-02	1.694781e-04	1.694781e-04
1.681294e+00	1.717424e+00	2.708306e-02	3.122680e-04	3.122680e-04
1.717424e+00	1.753553e+00	4.041053e-02	4.231994e-04	4.231994e-04
1.753553e+00	1.789682e+00	5.641302e-02	4.324609e-04	4.324609e-04
1.789682e+00	1.825811e+00	7.609220e-02	9.686417e-04	9.686417e-04
1.825811e+00	1.861940e+00	1.001666e-01	1.327273e-03	1.327273e-03
1.861940e+00	1.898069e+00	1.239844e-01	1.270268e-03	1.270268e-03
1.898069e+00	1.934198e+00	1.516065e-01	1.556053e-03	1.556053e-03
1.934198e+00	1.970328e+00	1.759687e-01	2.634233e-03	2.634233e-03
1.970328e+00	2.006457e+00	1.945113e-01	3.082638e-03	3.082638e-03
2.006457e+00	2.042586e+00	2.202776e-01	5.893206e-03	5.893206e-03
2.042586e+00	2.078715e+00	2.371172e-01	4.703980e-03	4.703980e-03
2.078715e+00	2.114844e+00	2.329808e-01	5.868169e-03	5.868169e-03
2.114844e+00	2.150973e+00	2.425637e-01	6.617267e-03	6.617267e-03
2.150973e+00	2.187102e+00	2.277193e-01	1.140554e-02	1.140554e-02
2.187102e+00	2.223231e+00	2.249214e-01	1.287184e-02	1.287184e-02
2.223231e+00	2.259361e+00	2.009988e-01	1.037870e-02	1.037870e-02
2.259361e+00	2.295490e+00	1.592169e-01	1.169044e-02	1.169044e-02
2.295490e+00	2.331619e+00	1.715866e-01	1.863832e-02	1.863832e-02
2.331619e+00	2.367748e+00	1.244837e-01	1.680057e-02	1.680057e-02
2.367748e+00	2.403877e+00	1.114330e-01	1.429487e-02	1.429487e-02
2.403877e+00	2.440006e+00	1.020485e-01	1.696600e-02	1.696600e-02
2.440006e+00	2.476135e+00	8.390971e-02	1.896919e-02	1.896919e-02
2.476135e+00	2.512265e+00	8.499184e-02	1.792801e-02	1.792801e-02
2.512265e+00	2.548394e+00	5.528022e-02	1.877086e-02	1.877086e-02
2.548394e+00	2.584523e+00	6.131133e-02	1.769357e-02	1.769357e-02
2.584523e+00	2.620652e+00	4.489205e-02	2.003341e-02	2.003341e-02
2.620652e+00	2.656781e+00	6.874785e-02	2.095935e-02	2.095935e-02
2.656781e+00	2.692910e+00	2.686696e-02	1.624268e-02	1.624268e-02
2.692910e+00	2.729039e+00	6.685134e-03	2.189045e-02	2.189045e-02
2.729039e+00	2.765168e+00	3.329555e-02	2.052282e-02	2.052282e-02
2.765168e+00	2.801298e+00	3.342779e-02	2.900454e-02	2.900454e-02
2.801298e+00	2.837427e+00	1.717597e-02	3.117740e-02	3.117740e-02
2.837427e+00	2.873556e+00	9.847449e-03	1.835146e-02	1.835146e-02
2.873556e+00	2.909685e+00	-2.984633e-02	1.688093e-02	1.688093e-02
2.909685e+00	2.945814e+00	1.759541e-02	2.035011e-02	2.035011e-02
2.945814e+00	2.981943e+00	-5.564104e-03	1.280685e-02	1.280685e-02
2.981943e+00	3.018072e+00	-2.047330e-02	2.209590e-02	2.209590e-02
3.018072e+00	3.054202e+00	1.001105e-02	1.389595e-02	1.389595e-02
3.054202e+00	3.090331e+00	-1.341026e-02	8.136868e-03	8.136868e-03
3.090331e+00	3.126460e+00	-2.798483e-02	2.553904e-02	2.553904e-02
3.126460e+00	3.162589e+00	-1.013080e-02	1.365541e-02	1.365541e-02
3.162589e+00	3.198718e+00	-5.497534e-03	6.741067e-03	6.741067e-03
3.198718e+00	3.234847e+00	2.920764e-03	3.808910e-03	3.808910e-03
3.234847e+00	3.270976e+00	3.124498e-03	5.491509e-03	5.491509e-03
3.270976e+00	3.307105e+00	-7.922204e-04	2.121550e-03	2.121550e-03
3.307105e+00	3.343235e+00	-9.799100e-04	1.390654e-03	1.390654e-03
3.343235e+00	3.379364e+00	-1.041018e-05	7.934867e-04	7.934867e-04
3.379364e+00	3.415493e+00	-6.248092e-04	6.977362e-04	6.977362e-04
3.415493e+00	3.451622e+00	1.996026e-04	1.464792e-04	1.464792e-04
3.451622e+00	3.487751e+00	-1.645057e-04	6.810983e-05	6.810983e-05
3.487751e+00	3.523880e+00	-6.588178e-05	6.248004e-05	6.248004e-05
3.523880e+00	3.560009e+00	-1.880763e-05	1.522731e-05	1.522731e-05
3.560009e+00	3.596139e+00	-2.989748e-06	2.061618e-06	2.061618e-06
3.596139e+00	3.632268e+00	2.360301e-07	3.139008e-07	3.139008e-07
3.632268e+00	3.668397e+00	-2.349053e-07	3.416711e-07	3.416711e-07
3.668397e+00	3.704526e+00	-4.001863e-09	1.767001e-08	1.767001e-08
3.704526e+00	3.740655e+00	5.580249e-10	9.481602e-10	9.481602e-10
3.740655e+00	3.776784e+00	-4.530469e-14	9.389655e-13	9.389655e-13
3.776784e+00	3.812913e+00	5.826524e-18	3.227570e-18	3.227570e-18
# END HISTO1D

