# BEGIN PLOT
LegendOnly=//homes/n597m389/Formfactor/ffac-plots/H-N2-N3-4-25gev-mixed.yoda/MC_H2JETS_04_TIGHT/avgNGapJets_ht //homes/n597m389/Formfactor/ffac-plots/H-N2-N3-4-25gev-mixed-ffac.yoda/MC_H2JETS_04_TIGHT/avgNGapJets_ht
DrawOnly=//homes/n597m389/Formfactor/ffac-plots/H-N2-N3-4-25gev-mixed.yoda/MC_H2JETS_04_TIGHT/avgNGapJets_ht //homes/n597m389/Formfactor/ffac-plots/H-N2-N3-4-25gev-mixed-ffac.yoda/MC_H2JETS_04_TIGHT/avgNGapJets_ht
Title=CP-mixed
RatioPlot=1
LogY=1
RatioPlotYLabel=Ratio
RightMargin=0.5
RatioPlotReference=//homes/n597m389/Formfactor/ffac-plots/H-N2-N3-4-25gev-mixed.yoda/MC_H2JETS_04_TIGHT/avgNGapJets_ht
XLabel=$H_{T}$ (GeV)
LegendAlign=r
YLabel=$\langle N_{gap} \rangle$
Legend=1
# END PLOT


# BEGIN SPECIAL /MC_H2JETS_04_TIGHT/avgNGapJets_ht
\rput[tl](0.05,0.75){\parbox{5cm}{\textcolor{gray}{{\bf Herwig 7.2.3} \\ VBFNLO 3.0.0}}}
# END SPECIAL

# BEGIN HISTO1D //homes/n597m389/Formfactor/ffac-plots/H-N2-N3-4-25gev-mixed.yoda/MC_H2JETS_04_TIGHT/avgNGapJets_ht
ErrorBars=1
LineColor=red
LineStyle=solid
Path=//homes/n597m389/Formfactor/ffac-plots/H-N2-N3-4-25gev-mixed.yoda/MC_H2JETS_04_TIGHT/avgNGapJets_ht
Title=h(2*,3*,4)
XLabel=ht
YLabel=~
# xlow	 xhigh	 val	 errminus	 errplus
0.000000e+00	1.000000e+01	nan	nan	nan
1.000000e+01	2.000000e+01	nan	nan	nan
2.000000e+01	3.000000e+01	1.000000e+00	0.000000e+00	0.000000e+00
3.000000e+01	4.000000e+01	1.000000e+00	0.000000e+00	0.000000e+00
4.000000e+01	5.000000e+01	1.000000e+00	0.000000e+00	0.000000e+00
5.000000e+01	6.000000e+01	1.098579e+00	5.595095e-03	5.595095e-03
6.000000e+01	7.000000e+01	1.207642e+00	1.330261e-02	1.330261e-02
7.000000e+01	8.000000e+01	1.261585e+00	1.425539e-02	1.425539e-02
8.000000e+01	9.000000e+01	1.270638e+00	3.826064e-02	3.826064e-02
9.000000e+01	1.000000e+02	1.395970e+00	1.825440e-02	1.825440e-02
1.000000e+02	1.100000e+02	1.447792e+00	2.590255e-02	2.590255e-02
1.100000e+02	1.200000e+02	1.517328e+00	2.124907e-02	2.124907e-02
1.200000e+02	1.300000e+02	1.619358e+00	3.599901e-02	3.599901e-02
1.300000e+02	1.400000e+02	1.621124e+00	3.120532e-02	3.120532e-02
1.400000e+02	1.500000e+02	1.688084e+00	4.512467e-02	4.512467e-02
1.500000e+02	1.600000e+02	1.855485e+00	4.091361e-02	4.091361e-02
1.600000e+02	1.700000e+02	1.875922e+00	1.675722e-01	1.675722e-01
1.700000e+02	1.800000e+02	1.842936e+00	5.576687e-02	5.576687e-02
1.800000e+02	1.900000e+02	1.911474e+00	6.165376e-02	6.165376e-02
1.900000e+02	2.000000e+02	2.290625e+00	1.498583e-01	1.498583e-01
2.000000e+02	2.100000e+02	1.707097e+00	2.717052e-01	2.717052e-01
2.100000e+02	2.200000e+02	2.195792e+00	1.842910e-01	1.842910e-01
2.200000e+02	2.300000e+02	2.123868e+00	2.636178e-01	2.636178e-01
2.300000e+02	2.400000e+02	2.388794e+00	1.058042e-01	1.058042e-01
2.400000e+02	2.500000e+02	2.383688e+00	1.164720e-01	1.164720e-01
2.500000e+02	2.600000e+02	2.535360e+00	9.667256e-02	9.667256e-02
2.600000e+02	2.700000e+02	2.390092e+00	1.276057e-01	1.276057e-01
2.700000e+02	2.800000e+02	2.704034e+00	9.161172e-01	9.161172e-01
2.800000e+02	2.900000e+02	3.050287e+00	2.420147e-01	2.420147e-01
2.900000e+02	3.000000e+02	2.585554e+00	1.765100e-01	1.765100e-01
3.000000e+02	3.100000e+02	5.756571e+01	nan	nan
3.100000e+02	3.200000e+02	2.776343e+00	1.536954e-01	1.536954e-01
3.200000e+02	3.300000e+02	2.932902e+00	1.375904e-01	1.375904e-01
3.300000e+02	3.400000e+02	3.083551e+00	3.201816e-01	3.201816e-01
3.400000e+02	3.500000e+02	3.216387e+00	2.808203e-01	2.808203e-01
3.500000e+02	3.600000e+02	2.709071e+00	2.111042e-01	2.111042e-01
3.600000e+02	3.700000e+02	2.808457e+00	1.192106e+00	1.192106e+00
3.700000e+02	3.800000e+02	3.288683e+00	2.439196e-01	2.439196e-01
3.800000e+02	3.900000e+02	3.109074e+00	3.196983e-01	3.196983e-01
3.900000e+02	4.000000e+02	3.262095e+00	1.418170e-01	1.418170e-01
4.000000e+02	4.100000e+02	3.500154e+00	3.335437e-01	3.335437e-01
4.100000e+02	4.200000e+02	3.079250e+00	2.161029e-01	2.161029e-01
4.200000e+02	4.300000e+02	1.744919e+00	nan	nan
4.300000e+02	4.400000e+02	3.443482e+00	3.603922e-01	3.603922e-01
4.400000e+02	4.500000e+02	3.674460e+00	nan	nan
4.500000e+02	4.600000e+02	2.746649e+00	2.772590e-01	2.772590e-01
4.600000e+02	4.700000e+02	3.526225e+00	3.013845e-01	3.013845e-01
4.700000e+02	4.800000e+02	3.784442e+00	2.658688e-01	2.658688e-01
4.800000e+02	4.900000e+02	4.346541e+00	7.023211e-01	7.023211e-01
4.900000e+02	5.000000e+02	5.382151e+00	5.191653e-01	5.191653e-01
# END HISTO1D


# BEGIN HISTO1D //homes/n597m389/Formfactor/ffac-plots/H-N2-N3-4-25gev-mixed-ffac.yoda/MC_H2JETS_04_TIGHT/avgNGapJets_ht
ErrorBars=1
LineColor=blue
LineStyle=solid
Path=//homes/n597m389/Formfactor/ffac-plots/H-N2-N3-4-25gev-mixed-ffac.yoda/MC_H2JETS_04_TIGHT/avgNGapJets_ht
Title=h(2*,3*,4)-ffac
XLabel=ht
YLabel=~
# xlow	 xhigh	 val	 errminus	 errplus
0.000000e+00	1.000000e+01	nan	nan	nan
1.000000e+01	2.000000e+01	nan	nan	nan
2.000000e+01	3.000000e+01	1.000000e+00	0.000000e+00	0.000000e+00
3.000000e+01	4.000000e+01	1.000000e+00	0.000000e+00	0.000000e+00
4.000000e+01	5.000000e+01	1.000000e+00	0.000000e+00	0.000000e+00
5.000000e+01	6.000000e+01	1.276485e+00	1.071513e+00	1.071513e+00
6.000000e+01	7.000000e+01	1.177453e+00	7.951992e-02	7.951992e-02
7.000000e+01	8.000000e+01	1.272776e+00	7.297077e-02	7.297077e-02
8.000000e+01	9.000000e+01	1.289979e+00	8.771505e-02	8.771505e-02
9.000000e+01	1.000000e+02	1.364097e+00	1.483096e-01	1.483096e-01
1.000000e+02	1.100000e+02	1.393507e+00	6.491307e-02	6.491307e-02
1.100000e+02	1.200000e+02	1.461474e+00	1.428665e-01	1.428665e-01
1.200000e+02	1.300000e+02	1.710228e+00	1.268799e-01	1.268799e-01
1.300000e+02	1.400000e+02	1.655683e+00	1.141745e-01	1.141745e-01
1.400000e+02	1.500000e+02	1.742139e+00	8.513577e-02	8.513577e-02
1.500000e+02	1.600000e+02	1.705177e+00	8.341385e-02	8.341385e-02
1.600000e+02	1.700000e+02	1.815412e+00	1.604807e-01	1.604807e-01
1.700000e+02	1.800000e+02	1.859054e+00	1.025627e-01	1.025627e-01
1.800000e+02	1.900000e+02	1.838067e+00	2.933696e-01	2.933696e-01
1.900000e+02	2.000000e+02	2.056169e+00	2.178533e-01	2.178533e-01
2.000000e+02	2.100000e+02	2.244392e+00	1.275311e-01	1.275311e-01
2.100000e+02	2.200000e+02	2.143795e+00	2.716022e-01	2.716022e-01
2.200000e+02	2.300000e+02	2.089924e+00	9.417242e-02	9.417242e-02
2.300000e+02	2.400000e+02	2.355114e+00	1.427586e-01	1.427586e-01
2.400000e+02	2.500000e+02	2.041755e+00	9.779871e-02	9.779871e-02
2.500000e+02	2.600000e+02	2.319559e+00	1.764253e-01	1.764253e-01
2.600000e+02	2.700000e+02	2.024559e+00	2.241052e-01	2.241052e-01
2.700000e+02	2.800000e+02	3.148133e+00	7.240223e-01	7.240223e-01
2.800000e+02	2.900000e+02	2.670650e+00	1.576233e-01	1.576233e-01
2.900000e+02	3.000000e+02	2.668301e+00	2.495926e-01	2.495926e-01
3.000000e+02	3.100000e+02	3.516482e+00	1.484555e-01	1.484555e-01
3.100000e+02	3.200000e+02	2.720196e+00	2.702211e-01	2.702211e-01
3.200000e+02	3.300000e+02	2.320242e+00	1.780098e-01	1.780098e-01
3.300000e+02	3.400000e+02	3.071160e+00	1.507877e-01	1.507877e-01
3.400000e+02	3.500000e+02	3.406872e+00	3.919098e-01	3.919098e-01
3.500000e+02	3.600000e+02	2.729089e+00	4.554654e-01	4.554654e-01
3.600000e+02	3.700000e+02	2.897627e+00	1.719527e-01	1.719527e-01
3.700000e+02	3.800000e+02	2.987985e+00	2.747298e-01	2.747298e-01
3.800000e+02	3.900000e+02	2.749549e+00	2.948500e-01	2.948500e-01
3.900000e+02	4.000000e+02	3.106238e+00	4.375739e-01	4.375739e-01
4.000000e+02	4.100000e+02	3.862614e+00	5.381987e-01	5.381987e-01
4.100000e+02	4.200000e+02	2.641747e+00	2.176691e-01	2.176691e-01
4.200000e+02	4.300000e+02	3.212074e+00	4.505712e-01	4.505712e-01
4.300000e+02	4.400000e+02	3.305679e+00	2.035667e-01	2.035667e-01
4.400000e+02	4.500000e+02	3.235284e+00	2.178271e-01	2.178271e-01
4.500000e+02	4.600000e+02	3.793744e+00	6.037806e-01	6.037806e-01
4.600000e+02	4.700000e+02	1.454013e+00	nan	nan
4.700000e+02	4.800000e+02	3.090405e+00	5.424606e-01	5.424606e-01
4.800000e+02	4.900000e+02	3.527036e+00	5.135766e-01	5.135766e-01
4.900000e+02	5.000000e+02	3.340072e+00	3.132564e-01	3.132564e-01
# END HISTO1D

