# BEGIN PLOT
LegendOnly=//homes/n597m389/Formfactor/ffac-plots/H-N2-N3-4-25gev-mixed.yoda/MC_H2JETS_04_TIGHT/deltaphi_jj_excl //homes/n597m389/Formfactor/ffac-plots/H-N2-N3-4-25gev-mixed-ffac.yoda/MC_H2JETS_04_TIGHT/deltaphi_jj_excl
DrawOnly=//homes/n597m389/Formfactor/ffac-plots/H-N2-N3-4-25gev-mixed.yoda/MC_H2JETS_04_TIGHT/deltaphi_jj_excl //homes/n597m389/Formfactor/ffac-plots/H-N2-N3-4-25gev-mixed-ffac.yoda/MC_H2JETS_04_TIGHT/deltaphi_jj_excl
Title=CP-mixed
RatioPlotReference=//homes/n597m389/Formfactor/ffac-plots/H-N2-N3-4-25gev-mixed.yoda/MC_H2JETS_04_TIGHT/deltaphi_jj_excl
RightMargin=0.5
RatioPlot=1
LogY=1
RatioPlotYMax=1.2
RatioPlotYLabel=Ratio
XLabel=$\Delta \phi_{j_1j_2}^{excl}$ 
LegendAlign=r
YLabel=$ \text{d} \sigma/ \text{d}  \Delta \phi_{j_1j_2}^{excl}$ (pb)
Legend=1
RatioPlotYMin=0.8
# END PLOT


# BEGIN SPECIAL /MC_H2JETS_04_TIGHT/deltaphi_jj_excl
\rput[tl](0.05,0.75){\parbox{5cm}{\textcolor{gray}{{\bf Herwig 7.2.3} \\ VBFNLO 3.0.0}}}
# END SPECIAL

# BEGIN HISTO1D //homes/n597m389/Formfactor/ffac-plots/H-N2-N3-4-25gev-mixed.yoda/MC_H2JETS_04_TIGHT/deltaphi_jj_excl
ErrorBars=1
LineColor=red
LineStyle=solid
Path=//homes/n597m389/Formfactor/ffac-plots/H-N2-N3-4-25gev-mixed.yoda/MC_H2JETS_04_TIGHT/deltaphi_jj_excl
Title=h(2*,3*,4)
# xlow	 xhigh	 val	 errminus	 errplus
0.000000e+00	1.047198e-01	2.597957e-02	2.482506e-04	2.482506e-04
1.047198e-01	2.094395e-01	2.597224e-02	1.272819e-04	1.272819e-04
2.094395e-01	3.141593e-01	2.603073e-02	3.378836e-04	3.378836e-04
3.141593e-01	4.188790e-01	2.618471e-02	2.017969e-04	2.017969e-04
4.188790e-01	5.235988e-01	2.565406e-02	4.558002e-04	4.558002e-04
5.235988e-01	6.283185e-01	2.647866e-02	1.494770e-04	1.494770e-04
6.283185e-01	7.330383e-01	2.685165e-02	1.877531e-04	1.877531e-04
7.330383e-01	8.377580e-01	2.763161e-02	2.273170e-04	2.273170e-04
8.377580e-01	9.424778e-01	2.725235e-02	2.115295e-04	2.115295e-04
9.424778e-01	1.047198e+00	2.789159e-02	1.504490e-04	1.504490e-04
1.047198e+00	1.151917e+00	2.839644e-02	1.852416e-04	1.852416e-04
1.151917e+00	1.256637e+00	2.905956e-02	1.925731e-04	1.925731e-04
1.256637e+00	1.361357e+00	2.958471e-02	1.849475e-04	1.849475e-04
1.361357e+00	1.466077e+00	3.021096e-02	3.341206e-04	3.341206e-04
1.466077e+00	1.570796e+00	3.100723e-02	1.814767e-04	1.814767e-04
1.570796e+00	1.675516e+00	3.159950e-02	2.976933e-04	2.976933e-04
1.675516e+00	1.780236e+00	3.206067e-02	2.514844e-04	2.514844e-04
1.780236e+00	1.884956e+00	3.352629e-02	2.977360e-04	2.977360e-04
1.884956e+00	1.989675e+00	3.381974e-02	2.050651e-04	2.050651e-04
1.989675e+00	2.094395e+00	3.473377e-02	3.498912e-04	3.498912e-04
2.094395e+00	2.199115e+00	3.594191e-02	1.826261e-04	1.826261e-04
2.199115e+00	2.303835e+00	3.631825e-02	8.210936e-04	8.210936e-04
2.303835e+00	2.408554e+00	3.768442e-02	3.961934e-04	3.961934e-04
2.408554e+00	2.513274e+00	3.866598e-02	3.892891e-04	3.892891e-04
2.513274e+00	2.617994e+00	3.928988e-02	4.394817e-04	4.394817e-04
2.617994e+00	2.722714e+00	4.089159e-02	2.921011e-04	2.921011e-04
2.722714e+00	2.827433e+00	4.146051e-02	4.122296e-04	4.122296e-04
2.827433e+00	2.932153e+00	4.156863e-02	4.337141e-04	4.337141e-04
2.932153e+00	3.036873e+00	4.241370e-02	2.443936e-04	2.443936e-04
3.036873e+00	3.141593e+00	4.320621e-02	3.868509e-04	3.868509e-04
# END HISTO1D


# BEGIN HISTO1D //homes/n597m389/Formfactor/ffac-plots/H-N2-N3-4-25gev-mixed-ffac.yoda/MC_H2JETS_04_TIGHT/deltaphi_jj_excl
ErrorBars=1
LineColor=blue
LineStyle=solid
Path=//homes/n597m389/Formfactor/ffac-plots/H-N2-N3-4-25gev-mixed-ffac.yoda/MC_H2JETS_04_TIGHT/deltaphi_jj_excl
Title=h(2*,3*,4)-ffac
# xlow	 xhigh	 val	 errminus	 errplus
0.000000e+00	1.047198e-01	7.377543e-03	5.702245e-04	5.702245e-04
1.047198e-01	2.094395e-01	6.712207e-03	2.345024e-04	2.345024e-04
2.094395e-01	3.141593e-01	5.697519e-03	7.078809e-04	7.078809e-04
3.141593e-01	4.188790e-01	3.265974e-03	3.116539e-03	3.116539e-03
4.188790e-01	5.235988e-01	6.754428e-03	2.205195e-04	2.205195e-04
5.235988e-01	6.283185e-01	6.922238e-03	1.400530e-04	1.400530e-04
6.283185e-01	7.330383e-01	6.554108e-03	4.883795e-04	4.883795e-04
7.330383e-01	8.377580e-01	6.507370e-03	2.495164e-04	2.495164e-04
8.377580e-01	9.424778e-01	7.277814e-03	2.224905e-04	2.224905e-04
9.424778e-01	1.047198e+00	7.145708e-03	1.515988e-04	1.515988e-04
1.047198e+00	1.151917e+00	7.177052e-03	1.823957e-04	1.823957e-04
1.151917e+00	1.256637e+00	8.292663e-03	5.229089e-04	5.229089e-04
1.256637e+00	1.361357e+00	7.678091e-03	1.688804e-04	1.688804e-04
1.361357e+00	1.466077e+00	7.990969e-03	1.470046e-04	1.470046e-04
1.466077e+00	1.570796e+00	7.695107e-03	1.507726e-04	1.507726e-04
1.570796e+00	1.675516e+00	7.670797e-03	4.758243e-04	4.758243e-04
1.675516e+00	1.780236e+00	8.202258e-03	2.190676e-04	2.190676e-04
1.780236e+00	1.884956e+00	8.605984e-03	1.654702e-04	1.654702e-04
1.884956e+00	1.989675e+00	8.745823e-03	5.134646e-04	5.134646e-04
1.989675e+00	2.094395e+00	8.419097e-03	3.760367e-04	3.760367e-04
2.094395e+00	2.199115e+00	9.323422e-03	1.921902e-04	1.921902e-04
2.199115e+00	2.303835e+00	7.382669e-03	1.841861e-03	1.841861e-03
2.303835e+00	2.408554e+00	9.431135e-03	3.310615e-04	3.310615e-04
2.408554e+00	2.513274e+00	9.451745e-03	4.388388e-04	4.388388e-04
2.513274e+00	2.617994e+00	9.326993e-03	7.082797e-04	7.082797e-04
2.617994e+00	2.722714e+00	1.005849e-02	3.057707e-04	3.057707e-04
2.722714e+00	2.827433e+00	9.831129e-03	3.705781e-04	3.705781e-04
2.827433e+00	2.932153e+00	1.071590e-02	3.242239e-04	3.242239e-04
2.932153e+00	3.036873e+00	1.040016e-02	3.578048e-04	3.578048e-04
3.036873e+00	3.141593e+00	1.003237e-02	3.217456e-04	3.217456e-04
# END HISTO1D

