# BEGIN PLOT
LegendOnly=//homes/tinghua1/higgs-anomalous/Herwig7/gcc11_install_test/plots/H-N2-N3-4-25gev-odd-combine.yoda/MC_H2JETS_04_LOOSE/deltaR_H_j1_incl //homes/tinghua1/higgs-anomalous/Herwig7/gcc11_install_test/plots/H2Jets-NLOPS-odd-combine.yoda/MC_H2JETS_04_LOOSE/deltaR_H_j1_incl //homes/tinghua1/higgs-anomalous/Herwig7/gcc11_install_test/plots/H2Jets-NLO-odd-combine.yoda/MC_H2JETS_04_LOOSE/deltaR_H_j1_incl
DrawOnly=//homes/tinghua1/higgs-anomalous/Herwig7/gcc11_install_test/plots/H-N2-N3-4-25gev-odd-combine.yoda/MC_H2JETS_04_LOOSE/deltaR_H_j1_incl //homes/tinghua1/higgs-anomalous/Herwig7/gcc11_install_test/plots/H2Jets-NLOPS-odd-combine.yoda/MC_H2JETS_04_LOOSE/deltaR_H_j1_incl //homes/tinghua1/higgs-anomalous/Herwig7/gcc11_install_test/plots/H2Jets-NLO-odd-combine.yoda/MC_H2JETS_04_LOOSE/deltaR_H_j1_incl
RightMargin=0.5
RatioPlotReference=//homes/tinghua1/higgs-anomalous/Herwig7/gcc11_install_test/plots/H-N2-N3-4-25gev-odd-combine.yoda/MC_H2JETS_04_LOOSE/deltaR_H_j1_incl
RatioPlot=1
LogY=1
RatioPlotYLabel=Ratio
Legend=1
# END PLOT


# BEGIN SPECIAL /MC_H2JETS_04_LOOSE/deltaR_H_j1_incl
\rput[tl](0.05,0.75){\parbox{5cm}{\textcolor{gray}{{\bf Herwig 7.2.3} \\ VBFNLO 3.0.0}}}
# END SPECIAL

# BEGIN HISTO1D //homes/tinghua1/higgs-anomalous/Herwig7/gcc11_install_test/plots/H-N2-N3-4-25gev-odd-combine.yoda/MC_H2JETS_04_LOOSE/deltaR_H_j1_incl
ErrorBandColor=red
ErrorBandOpacity=0.3
ErrorBands=1
ErrorBars=1
ErrorType=env
LineColor=red
LineStyle=solid
Path=//homes/tinghua1/higgs-anomalous/Herwig7/gcc11_install_test/plots/H-N2-N3-4-25gev-odd-combine.yoda/MC_H2JETS_04_LOOSE/deltaR_H_j1_incl
RatioPlotSameStyle=1
Title=h(2*,3*,4)
# xlow	 xhigh	 val	 errminus	 errplus
0.000000e+00	2.000000e-01	3.816743e-05	0.000000e+00	6.789390e-06
2.000000e-01	4.000000e-01	1.341483e-04	0.000000e+00	9.903000e-06
4.000000e-01	6.000000e-01	2.459497e-04	0.000000e+00	8.918950e-06
6.000000e-01	8.000000e-01	3.640858e-04	0.000000e+00	7.402900e-05
8.000000e-01	1.000000e+00	6.716065e-04	0.000000e+00	3.670350e-05
1.000000e+00	1.200000e+00	1.074296e-03	0.000000e+00	1.675830e-04
1.200000e+00	1.400000e+00	1.937250e-03	0.000000e+00	1.191905e-04
1.400000e+00	1.600000e+00	3.290270e-03	0.000000e+00	5.567980e-04
1.600000e+00	1.800000e+00	6.453690e-03	0.000000e+00	1.288440e-03
1.800000e+00	2.000000e+00	1.480321e-02	1.390200e-04	5.815900e-04
2.000000e+00	2.200000e+00	3.315209e-02	6.363500e-05	2.024480e-03
2.200000e+00	2.400000e+00	7.456535e-02	1.782000e-03	0.000000e+00
2.400000e+00	2.600000e+00	1.384796e-01	1.844400e-03	0.000000e+00
2.600000e+00	2.800000e+00	2.356192e-01	5.257000e-03	4.093150e-03
2.800000e+00	3.000000e+00	3.363447e-01	1.088700e-02	0.000000e+00
3.000000e+00	3.200000e+00	3.786790e-01	1.446015e-02	0.000000e+00
3.200000e+00	3.400000e+00	2.466885e-01	3.072950e-03	0.000000e+00
3.400000e+00	3.600000e+00	1.834062e-01	7.542500e-03	0.000000e+00
3.600000e+00	3.800000e+00	1.392003e-01	1.615050e-03	1.462800e-03
3.800000e+00	4.000000e+00	1.103585e-01	2.745200e-03	0.000000e+00
4.000000e+00	4.200000e+00	8.462735e-02	1.352100e-03	7.027000e-04
4.200000e+00	4.400000e+00	6.757280e-02	2.579750e-03	1.532000e-04
4.400000e+00	4.600000e+00	5.303730e-02	8.371500e-04	0.000000e+00
4.600000e+00	4.800000e+00	4.145828e-02	1.159285e-03	0.000000e+00
4.800000e+00	5.000000e+00	3.215907e-02	8.734700e-04	1.367200e-04
5.000000e+00	5.200000e+00	2.507772e-02	4.538300e-04	0.000000e+00
5.200000e+00	5.400000e+00	1.929300e-02	5.747700e-04	0.000000e+00
5.400000e+00	5.600000e+00	1.471373e-02	2.798200e-04	0.000000e+00
5.600000e+00	5.800000e+00	1.121266e-02	2.217200e-04	1.813450e-04
5.800000e+00	6.000000e+00	8.475360e-03	1.809250e-04	0.000000e+00
6.000000e+00	6.200000e+00	6.387610e-03	3.477050e-04	0.000000e+00
6.200000e+00	6.400000e+00	4.722348e-03	4.224455e-04	0.000000e+00
6.400000e+00	6.600000e+00	3.440974e-03	1.052450e-05	6.455000e-06
6.600000e+00	6.800000e+00	2.519636e-03	1.166105e-04	0.000000e+00
6.800000e+00	7.000000e+00	1.794119e-03	6.456100e-05	1.031100e-05
7.000000e+00	7.200000e+00	1.287573e-03	6.597500e-05	0.000000e+00
7.200000e+00	7.400000e+00	9.185325e-04	3.381750e-05	1.082500e-06
7.400000e+00	7.600000e+00	6.405385e-04	3.644100e-05	0.000000e+00
7.600000e+00	7.800000e+00	4.300524e-04	5.308715e-05	1.373200e-06
7.800000e+00	8.000000e+00	2.898454e-04	1.633575e-05	2.481550e-06
# END HISTO1D


# BEGIN HISTO1D //homes/tinghua1/higgs-anomalous/Herwig7/gcc11_install_test/plots/H2Jets-NLOPS-odd-combine.yoda/MC_H2JETS_04_LOOSE/deltaR_H_j1_incl
ErrorBandColor=green
ErrorBandOpacity=0.3
ErrorBands=1
ErrorBars=1
ErrorType=env
LineColor=green
LineStyle=solid
Path=//homes/tinghua1/higgs-anomalous/Herwig7/gcc11_install_test/plots/H2Jets-NLOPS-odd-combine.yoda/MC_H2JETS_04_LOOSE/deltaR_H_j1_incl
RatioPlotSameStyle=1
Title=h(2*) $\oplus$ PS
# xlow	 xhigh	 val	 errminus	 errplus
0.000000e+00	2.000000e-01	2.843818e-05	0.000000e+00	9.945465e-06
2.000000e-01	4.000000e-01	9.091100e-05	0.000000e+00	3.249160e-05
4.000000e-01	6.000000e-01	1.733656e-04	0.000000e+00	5.596920e-05
6.000000e-01	8.000000e-01	2.863375e-04	0.000000e+00	9.399915e-05
8.000000e-01	1.000000e+00	4.722676e-04	0.000000e+00	1.526294e-04
1.000000e+00	1.200000e+00	7.956285e-04	0.000000e+00	2.319500e-04
1.200000e+00	1.400000e+00	1.386093e-03	0.000000e+00	3.923085e-04
1.400000e+00	1.600000e+00	2.564624e-03	0.000000e+00	6.468575e-04
1.600000e+00	1.800000e+00	5.167960e-03	0.000000e+00	1.171895e-03
1.800000e+00	2.000000e+00	1.219937e-02	0.000000e+00	1.725025e-03
2.000000e+00	2.200000e+00	3.090652e-02	0.000000e+00	1.426790e-03
2.200000e+00	2.400000e+00	7.108340e-02	3.657500e-04	0.000000e+00
2.400000e+00	2.600000e+00	1.398772e-01	3.864800e-03	0.000000e+00
2.600000e+00	2.800000e+00	2.365837e-01	8.761500e-03	0.000000e+00
2.800000e+00	3.000000e+00	3.456415e-01	1.541210e-02	0.000000e+00
3.000000e+00	3.200000e+00	3.838860e-01	1.616680e-02	0.000000e+00
3.200000e+00	3.400000e+00	2.515196e-01	9.009650e-03	0.000000e+00
3.400000e+00	3.600000e+00	1.840172e-01	5.934900e-03	0.000000e+00
3.600000e+00	3.800000e+00	1.414476e-01	4.518000e-03	0.000000e+00
3.800000e+00	4.000000e+00	1.100182e-01	3.413250e-03	0.000000e+00
4.000000e+00	4.200000e+00	8.612115e-02	2.635450e-03	0.000000e+00
4.200000e+00	4.400000e+00	6.744825e-02	2.003600e-03	0.000000e+00
4.400000e+00	4.600000e+00	5.273175e-02	1.417400e-03	0.000000e+00
4.600000e+00	4.800000e+00	4.118386e-02	1.127875e-03	0.000000e+00
4.800000e+00	5.000000e+00	3.203600e-02	9.192550e-04	0.000000e+00
5.000000e+00	5.200000e+00	2.481592e-02	7.083800e-04	0.000000e+00
5.200000e+00	5.400000e+00	1.905272e-02	5.447400e-04	0.000000e+00
5.400000e+00	5.600000e+00	1.460709e-02	4.471400e-04	0.000000e+00
5.600000e+00	5.800000e+00	1.104807e-02	3.100300e-04	0.000000e+00
5.800000e+00	6.000000e+00	8.348735e-03	2.720650e-04	0.000000e+00
6.000000e+00	6.200000e+00	6.258545e-03	2.446050e-04	0.000000e+00
6.200000e+00	6.400000e+00	4.634705e-03	1.710605e-04	0.000000e+00
6.400000e+00	6.600000e+00	3.396112e-03	1.358915e-04	0.000000e+00
6.600000e+00	6.800000e+00	2.481235e-03	1.257580e-04	0.000000e+00
6.800000e+00	7.000000e+00	1.768726e-03	6.764300e-05	0.000000e+00
7.000000e+00	7.200000e+00	1.266827e-03	6.793800e-05	0.000000e+00
7.200000e+00	7.400000e+00	8.899395e-04	4.944350e-05	0.000000e+00
7.400000e+00	7.600000e+00	6.149435e-04	2.927850e-05	1.209500e-06
7.600000e+00	7.800000e+00	4.295874e-04	2.694105e-05	0.000000e+00
7.800000e+00	8.000000e+00	2.884577e-04	1.788170e-05	0.000000e+00
# END HISTO1D


# BEGIN HISTO1D //homes/tinghua1/higgs-anomalous/Herwig7/gcc11_install_test/plots/H2Jets-NLO-odd-combine.yoda/MC_H2JETS_04_LOOSE/deltaR_H_j1_incl
ErrorBandColor=orange
ErrorBandOpacity=0.3
ErrorBands=1
ErrorBars=1
ErrorType=env
LineColor=orange
LineStyle=solid
Path=//homes/tinghua1/higgs-anomalous/Herwig7/gcc11_install_test/plots/H2Jets-NLO-odd-combine.yoda/MC_H2JETS_04_LOOSE/deltaR_H_j1_incl
RatioPlotSameStyle=1
Title=h(2*)-FO
# xlow	 xhigh	 val	 errminus	 errplus
0.000000e+00	2.000000e-01	2.096767e-05	0.000000e+00	8.807850e-06
2.000000e-01	4.000000e-01	6.877445e-05	0.000000e+00	2.121595e-05
4.000000e-01	6.000000e-01	1.342959e-04	0.000000e+00	3.700290e-05
6.000000e-01	8.000000e-01	2.276198e-04	0.000000e+00	7.301390e-05
8.000000e-01	1.000000e+00	3.837790e-04	0.000000e+00	1.065230e-04
1.000000e+00	1.200000e+00	6.583490e-04	0.000000e+00	1.996550e-04
1.200000e+00	1.400000e+00	1.200969e-03	0.000000e+00	3.600965e-04
1.400000e+00	1.600000e+00	2.333708e-03	0.000000e+00	7.704080e-04
1.600000e+00	1.800000e+00	5.145030e-03	0.000000e+00	1.572445e-03
1.800000e+00	2.000000e+00	1.224638e-02	0.000000e+00	2.849330e-03
2.000000e+00	2.200000e+00	3.161683e-02	9.032000e-05	1.251040e-03
2.200000e+00	2.400000e+00	7.103740e-02	0.000000e+00	7.991500e-04
2.400000e+00	2.600000e+00	1.418507e-01	2.051450e-03	0.000000e+00
2.600000e+00	2.800000e+00	2.401239e-01	7.246300e-03	0.000000e+00
2.800000e+00	3.000000e+00	3.497029e-01	1.398695e-02	0.000000e+00
3.000000e+00	3.200000e+00	3.924031e-01	1.366275e-02	0.000000e+00
3.200000e+00	3.400000e+00	2.555849e-01	5.414900e-03	0.000000e+00
3.400000e+00	3.600000e+00	1.879274e-01	6.245250e-03	0.000000e+00
3.600000e+00	3.800000e+00	1.437797e-01	2.671650e-03	0.000000e+00
3.800000e+00	4.000000e+00	1.118278e-01	1.728200e-03	0.000000e+00
4.000000e+00	4.200000e+00	8.769295e-02	2.194850e-03	0.000000e+00
4.200000e+00	4.400000e+00	6.859100e-02	1.250350e-03	0.000000e+00
4.400000e+00	4.600000e+00	5.442970e-02	1.666050e-03	0.000000e+00
4.600000e+00	4.800000e+00	4.137768e-02	2.852000e-04	3.925100e-04
4.800000e+00	5.000000e+00	3.272285e-02	7.596600e-04	0.000000e+00
5.000000e+00	5.200000e+00	2.541385e-02	6.460900e-04	0.000000e+00
5.200000e+00	5.400000e+00	1.938491e-02	2.235700e-04	7.855500e-05
5.400000e+00	5.600000e+00	1.540778e-02	1.011700e-03	0.000000e+00
5.600000e+00	5.800000e+00	1.058103e-02	0.000000e+00	7.500600e-04
5.800000e+00	6.000000e+00	8.545640e-03	3.611450e-04	0.000000e+00
6.000000e+00	6.200000e+00	6.555150e-03	2.801300e-04	0.000000e+00
6.200000e+00	6.400000e+00	4.511951e-03	0.000000e+00	1.702375e-04
6.400000e+00	6.600000e+00	3.330810e-03	5.683000e-05	3.447100e-05
6.600000e+00	6.800000e+00	2.549717e-03	1.059785e-04	0.000000e+00
6.800000e+00	7.000000e+00	1.809883e-03	4.108850e-05	5.806650e-05
7.000000e+00	7.200000e+00	1.275957e-03	4.375400e-05	2.463600e-05
7.200000e+00	7.400000e+00	1.054689e-03	2.164825e-04	0.000000e+00
7.400000e+00	7.600000e+00	5.717320e-04	0.000000e+00	1.017955e-04
7.600000e+00	7.800000e+00	4.448411e-04	2.343710e-05	3.154500e-07
7.800000e+00	8.000000e+00	2.964342e-04	8.368950e-06	0.000000e+00
# END HISTO1D

