# BEGIN PLOT
LegendOnly=//homes/tinghua1/higgs-anomalous/Herwig7/gcc11_install_test/plots/H-N2-N3-4-25gev-odd-combine.yoda/MC_H2JETS_04_LOOSE/H_jj_pT_incl //homes/tinghua1/higgs-anomalous/Herwig7/gcc11_install_test/plots/H2Jets-NLOPS-odd-combine.yoda/MC_H2JETS_04_LOOSE/H_jj_pT_incl //homes/tinghua1/higgs-anomalous/Herwig7/gcc11_install_test/plots/H2Jets-NLO-odd-combine.yoda/MC_H2JETS_04_LOOSE/H_jj_pT_incl
DrawOnly=//homes/tinghua1/higgs-anomalous/Herwig7/gcc11_install_test/plots/H-N2-N3-4-25gev-odd-combine.yoda/MC_H2JETS_04_LOOSE/H_jj_pT_incl //homes/tinghua1/higgs-anomalous/Herwig7/gcc11_install_test/plots/H2Jets-NLOPS-odd-combine.yoda/MC_H2JETS_04_LOOSE/H_jj_pT_incl //homes/tinghua1/higgs-anomalous/Herwig7/gcc11_install_test/plots/H2Jets-NLO-odd-combine.yoda/MC_H2JETS_04_LOOSE/H_jj_pT_incl
RightMargin=0.5
RatioPlotReference=//homes/tinghua1/higgs-anomalous/Herwig7/gcc11_install_test/plots/H-N2-N3-4-25gev-odd-combine.yoda/MC_H2JETS_04_LOOSE/H_jj_pT_incl
RatioPlot=1
LogY=1
RatioPlotYMax=1.6
RatioPlotYLabel=Ratio
XLabel=$p_{T,j_1j_2}^{incl}$ (GeV)
LegendAlign=r
YLabel=$ \text{d} \sigma/ \text{d}  p_{T,j_1j_2}^{incl}$ (pb/GeV)
Legend=1
RatioPlotYMin=0.4
# END PLOT


# BEGIN SPECIAL /MC_H2JETS_04_LOOSE/H_jj_pT_incl
\rput[tl](0.05,0.75){\parbox{5cm}{\textcolor{gray}{{\bf Herwig 7.2.3} \\ VBFNLO 3.0.0}}}
# END SPECIAL

# BEGIN HISTO1D //homes/tinghua1/higgs-anomalous/Herwig7/gcc11_install_test/plots/H-N2-N3-4-25gev-odd-combine.yoda/MC_H2JETS_04_LOOSE/H_jj_pT_incl
ErrorBandColor=red
ErrorBandOpacity=0.3
ErrorBands=1
ErrorBars=1
ErrorType=env
LineColor=red
LineStyle=solid
Path=//homes/tinghua1/higgs-anomalous/Herwig7/gcc11_install_test/plots/H-N2-N3-4-25gev-odd-combine.yoda/MC_H2JETS_04_LOOSE/H_jj_pT_incl
RatioPlotSameStyle=1
Title=h(2*,3*,4)
# xlow	 xhigh	 val	 errminus	 errplus
0.000000e+00	1.000000e+01	4.149066e-05	0.000000e+00	1.673330e-06
1.000000e+01	2.000000e+01	1.248943e-04	0.000000e+00	7.942100e-06
2.000000e+01	3.000000e+01	2.172986e-04	0.000000e+00	1.349690e-05
3.000000e+01	4.000000e+01	3.386763e-04	0.000000e+00	1.610680e-05
4.000000e+01	5.000000e+01	4.830081e-04	0.000000e+00	1.952830e-05
5.000000e+01	6.000000e+01	6.425004e-04	0.000000e+00	3.197200e-05
6.000000e+01	7.000000e+01	8.085823e-04	0.000000e+00	3.439280e-05
7.000000e+01	8.000000e+01	9.856360e-04	0.000000e+00	1.762400e-05
8.000000e+01	9.000000e+01	1.138611e-03	0.000000e+00	1.154100e-05
9.000000e+01	1.000000e+02	1.286309e-03	3.714000e-06	3.415000e-06
1.000000e+02	1.100000e+02	1.387778e-03	0.000000e+00	9.172000e-06
1.100000e+02	1.200000e+02	1.471291e-03	6.229000e-06	0.000000e+00
1.200000e+02	1.300000e+02	1.523120e-03	6.719000e-06	0.000000e+00
1.300000e+02	1.400000e+02	1.563578e-03	3.608000e-05	0.000000e+00
1.400000e+02	1.500000e+02	1.567749e-03	3.198100e-05	0.000000e+00
1.500000e+02	1.600000e+02	1.551117e-03	2.321700e-05	0.000000e+00
1.600000e+02	1.700000e+02	1.534318e-03	3.675900e-05	0.000000e+00
1.700000e+02	1.800000e+02	1.479806e-03	2.186400e-05	0.000000e+00
1.800000e+02	1.900000e+02	1.452024e-03	5.323900e-05	0.000000e+00
1.900000e+02	2.000000e+02	1.415975e-03	9.084400e-05	0.000000e+00
2.000000e+02	2.100000e+02	1.341682e-03	6.175800e-05	0.000000e+00
2.100000e+02	2.200000e+02	1.277937e-03	3.374800e-05	0.000000e+00
2.200000e+02	2.300000e+02	1.205578e-03	4.535200e-05	0.000000e+00
2.300000e+02	2.400000e+02	1.182950e-03	6.857500e-05	0.000000e+00
2.400000e+02	2.500000e+02	1.096640e-03	3.957100e-05	0.000000e+00
2.500000e+02	2.600000e+02	1.026574e-03	4.805220e-05	0.000000e+00
2.600000e+02	2.700000e+02	9.715548e-04	2.194790e-05	0.000000e+00
2.700000e+02	2.800000e+02	9.022061e-04	0.000000e+00	2.244490e-05
2.800000e+02	2.900000e+02	8.786607e-04	4.098950e-05	0.000000e+00
2.900000e+02	3.000000e+02	8.322774e-04	4.568560e-05	0.000000e+00
3.000000e+02	3.100000e+02	7.690986e-04	5.404400e-05	0.000000e+00
3.100000e+02	3.200000e+02	7.293207e-04	6.789240e-05	0.000000e+00
3.200000e+02	3.300000e+02	6.858401e-04	3.482720e-05	0.000000e+00
3.300000e+02	3.400000e+02	6.555216e-04	3.193490e-05	0.000000e+00
3.400000e+02	3.500000e+02	6.088514e-04	4.096340e-05	0.000000e+00
3.500000e+02	3.600000e+02	5.722147e-04	3.361030e-05	0.000000e+00
3.600000e+02	3.700000e+02	5.460883e-04	4.726600e-05	0.000000e+00
3.700000e+02	3.800000e+02	4.971044e-04	2.722500e-05	0.000000e+00
3.800000e+02	3.900000e+02	4.963975e-04	3.957530e-05	0.000000e+00
3.900000e+02	4.000000e+02	4.584814e-04	3.922750e-05	0.000000e+00
4.000000e+02	4.100000e+02	4.205312e-04	1.128570e-05	1.367100e-06
4.100000e+02	4.200000e+02	3.890263e-04	1.282330e-05	2.475620e-05
4.200000e+02	4.300000e+02	3.812515e-04	2.076890e-05	0.000000e+00
4.300000e+02	4.400000e+02	3.528017e-04	2.687010e-05	2.106100e-06
4.400000e+02	4.500000e+02	2.907800e-04	9.244000e-07	3.460080e-05
4.500000e+02	4.600000e+02	3.249928e-04	3.433400e-05	0.000000e+00
4.600000e+02	4.700000e+02	3.023418e-04	1.011500e-05	0.000000e+00
4.700000e+02	4.800000e+02	2.780419e-04	0.000000e+00	1.784900e-06
4.800000e+02	4.900000e+02	2.548855e-04	0.000000e+00	1.318500e-05
4.900000e+02	5.000000e+02	2.420511e-04	4.869100e-06	9.635900e-06
# END HISTO1D


# BEGIN HISTO1D //homes/tinghua1/higgs-anomalous/Herwig7/gcc11_install_test/plots/H2Jets-NLOPS-odd-combine.yoda/MC_H2JETS_04_LOOSE/H_jj_pT_incl
ErrorBandColor=green
ErrorBandOpacity=0.3
ErrorBands=1
ErrorBars=1
ErrorType=env
LineColor=green
LineStyle=solid
Path=//homes/tinghua1/higgs-anomalous/Herwig7/gcc11_install_test/plots/H2Jets-NLOPS-odd-combine.yoda/MC_H2JETS_04_LOOSE/H_jj_pT_incl
RatioPlotSameStyle=1
Title=h(2*) $\oplus$ PS
# xlow	 xhigh	 val	 errminus	 errplus
0.000000e+00	1.000000e+01	3.579940e-05	0.000000e+00	3.410320e-06
1.000000e+01	2.000000e+01	1.110602e-04	0.000000e+00	9.525400e-06
2.000000e+01	3.000000e+01	2.011247e-04	0.000000e+00	1.515240e-05
3.000000e+01	4.000000e+01	3.152690e-04	0.000000e+00	1.922980e-05
4.000000e+01	5.000000e+01	4.523817e-04	0.000000e+00	2.474300e-05
5.000000e+01	6.000000e+01	6.122653e-04	0.000000e+00	2.697280e-05
6.000000e+01	7.000000e+01	7.826016e-04	0.000000e+00	2.725420e-05
7.000000e+01	8.000000e+01	9.532700e-04	0.000000e+00	2.317800e-05
8.000000e+01	9.000000e+01	1.110452e-03	0.000000e+00	1.805100e-05
9.000000e+01	1.000000e+02	1.249123e-03	0.000000e+00	7.407000e-06
1.000000e+02	1.100000e+02	1.364198e-03	2.020000e-06	0.000000e+00
1.100000e+02	1.200000e+02	1.449134e-03	1.258700e-05	0.000000e+00
1.200000e+02	1.300000e+02	1.508873e-03	2.174600e-05	0.000000e+00
1.300000e+02	1.400000e+02	1.543606e-03	3.100800e-05	0.000000e+00
1.400000e+02	1.500000e+02	1.556575e-03	3.909700e-05	0.000000e+00
1.500000e+02	1.600000e+02	1.549366e-03	4.355700e-05	0.000000e+00
1.600000e+02	1.700000e+02	1.527213e-03	4.723200e-05	0.000000e+00
1.700000e+02	1.800000e+02	1.493887e-03	5.355700e-05	0.000000e+00
1.800000e+02	1.900000e+02	1.449332e-03	5.334100e-05	0.000000e+00
1.900000e+02	2.000000e+02	1.400641e-03	5.669100e-05	0.000000e+00
2.000000e+02	2.100000e+02	1.344228e-03	5.427000e-05	0.000000e+00
2.100000e+02	2.200000e+02	1.287210e-03	5.647400e-05	0.000000e+00
2.200000e+02	2.300000e+02	1.226732e-03	5.609400e-05	0.000000e+00
2.300000e+02	2.400000e+02	1.165629e-03	5.272900e-05	0.000000e+00
2.400000e+02	2.500000e+02	1.106660e-03	5.244900e-05	0.000000e+00
2.500000e+02	2.600000e+02	1.045422e-03	4.809860e-05	0.000000e+00
2.600000e+02	2.700000e+02	9.917891e-04	4.931560e-05	0.000000e+00
2.700000e+02	2.800000e+02	9.389488e-04	4.762630e-05	0.000000e+00
2.800000e+02	2.900000e+02	8.867817e-04	4.625940e-05	0.000000e+00
2.900000e+02	3.000000e+02	8.342449e-04	4.207750e-05	0.000000e+00
3.000000e+02	3.100000e+02	7.873324e-04	4.111440e-05	0.000000e+00
3.100000e+02	3.200000e+02	7.415705e-04	3.943940e-05	0.000000e+00
3.200000e+02	3.300000e+02	6.996172e-04	3.757370e-05	0.000000e+00
3.300000e+02	3.400000e+02	6.592146e-04	3.599490e-05	0.000000e+00
3.400000e+02	3.500000e+02	6.205620e-04	2.939970e-05	0.000000e+00
3.500000e+02	3.600000e+02	5.855948e-04	3.306240e-05	0.000000e+00
3.600000e+02	3.700000e+02	5.500943e-04	2.899620e-05	0.000000e+00
3.700000e+02	3.800000e+02	5.178878e-04	2.803030e-05	0.000000e+00
3.800000e+02	3.900000e+02	4.876229e-04	2.500470e-05	0.000000e+00
3.900000e+02	4.000000e+02	4.602530e-04	2.587740e-05	0.000000e+00
4.000000e+02	4.100000e+02	4.343956e-04	2.454950e-05	0.000000e+00
4.100000e+02	4.200000e+02	4.092238e-04	2.217680e-05	0.000000e+00
4.200000e+02	4.300000e+02	3.852036e-04	2.052930e-05	0.000000e+00
4.300000e+02	4.400000e+02	3.643152e-04	2.074540e-05	0.000000e+00
4.400000e+02	4.500000e+02	3.427354e-04	1.824080e-05	0.000000e+00
4.500000e+02	4.600000e+02	3.233332e-04	1.766810e-05	0.000000e+00
4.600000e+02	4.700000e+02	3.051219e-04	1.594230e-05	0.000000e+00
4.700000e+02	4.800000e+02	2.879160e-04	1.470350e-05	0.000000e+00
4.800000e+02	4.900000e+02	2.720990e-04	1.484770e-05	0.000000e+00
4.900000e+02	5.000000e+02	2.567017e-04	1.338970e-05	0.000000e+00
# END HISTO1D


# BEGIN HISTO1D //homes/tinghua1/higgs-anomalous/Herwig7/gcc11_install_test/plots/H2Jets-NLO-odd-combine.yoda/MC_H2JETS_04_LOOSE/H_jj_pT_incl
ErrorBandColor=orange
ErrorBandOpacity=0.3
ErrorBands=1
ErrorBars=1
ErrorType=env
LineColor=orange
LineStyle=solid
Path=//homes/tinghua1/higgs-anomalous/Herwig7/gcc11_install_test/plots/H2Jets-NLO-odd-combine.yoda/MC_H2JETS_04_LOOSE/H_jj_pT_incl
RatioPlotSameStyle=1
Title=h(2*)-FO
# xlow	 xhigh	 val	 errminus	 errplus
0.000000e+00	1.000000e+01	3.417359e-05	5.596100e-07	3.031980e-06
1.000000e+01	2.000000e+01	1.045564e-04	0.000000e+00	4.883100e-06
2.000000e+01	3.000000e+01	1.886429e-04	0.000000e+00	1.258120e-05
3.000000e+01	4.000000e+01	3.004554e-04	0.000000e+00	1.622190e-05
4.000000e+01	5.000000e+01	4.425575e-04	0.000000e+00	1.199220e-05
5.000000e+01	6.000000e+01	5.894877e-04	0.000000e+00	1.694840e-05
6.000000e+01	7.000000e+01	7.704218e-04	6.795400e-06	0.000000e+00
7.000000e+01	8.000000e+01	9.069956e-04	0.000000e+00	5.926140e-05
8.000000e+01	9.000000e+01	1.074267e-03	0.000000e+00	2.354900e-05
9.000000e+01	1.000000e+02	1.244136e-03	1.351900e-05	0.000000e+00
1.000000e+02	1.100000e+02	1.351304e-03	1.965400e-05	5.158000e-06
1.100000e+02	1.200000e+02	1.446967e-03	0.000000e+00	2.853400e-05
1.200000e+02	1.300000e+02	1.491295e-03	2.652400e-05	0.000000e+00
1.300000e+02	1.400000e+02	1.577672e-03	5.406200e-05	0.000000e+00
1.400000e+02	1.500000e+02	1.576357e-03	1.790900e-05	0.000000e+00
1.500000e+02	1.600000e+02	1.509162e-03	0.000000e+00	1.902300e-05
1.600000e+02	1.700000e+02	1.519418e-03	9.575000e-06	4.268800e-05
1.700000e+02	1.800000e+02	1.542010e-03	6.693600e-05	0.000000e+00
1.800000e+02	1.900000e+02	1.463732e-03	3.670200e-05	2.771800e-05
1.900000e+02	2.000000e+02	1.419566e-03	3.858600e-05	0.000000e+00
2.000000e+02	2.100000e+02	1.362461e-03	3.130100e-05	0.000000e+00
2.100000e+02	2.200000e+02	1.338672e-03	6.401900e-05	0.000000e+00
2.200000e+02	2.300000e+02	1.212979e-03	2.984000e-06	3.964600e-05
2.300000e+02	2.400000e+02	1.187680e-03	3.219500e-05	0.000000e+00
2.400000e+02	2.500000e+02	1.132605e-03	3.860000e-06	0.000000e+00
2.500000e+02	2.600000e+02	1.149257e-03	1.689817e-04	0.000000e+00
2.600000e+02	2.700000e+02	9.710937e-04	0.000000e+00	6.013130e-05
2.700000e+02	2.800000e+02	9.741451e-04	7.467220e-05	0.000000e+00
2.800000e+02	2.900000e+02	8.931218e-04	0.000000e+00	1.384612e-04
2.900000e+02	3.000000e+02	8.817514e-04	1.475594e-04	0.000000e+00
3.000000e+02	3.100000e+02	8.056144e-04	4.078400e-05	0.000000e+00
3.100000e+02	3.200000e+02	7.706123e-04	3.503620e-05	0.000000e+00
3.200000e+02	3.300000e+02	7.276094e-04	3.428390e-05	0.000000e+00
3.300000e+02	3.400000e+02	6.474822e-04	0.000000e+00	1.989960e-05
3.400000e+02	3.500000e+02	6.847557e-04	8.086510e-05	0.000000e+00
3.500000e+02	3.600000e+02	5.612329e-04	0.000000e+00	6.296280e-05
3.600000e+02	3.700000e+02	6.067922e-04	6.680060e-05	0.000000e+00
3.700000e+02	3.800000e+02	5.402375e-04	1.805500e-05	0.000000e+00
3.800000e+02	3.900000e+02	5.024092e-04	5.930930e-05	0.000000e+00
3.900000e+02	4.000000e+02	4.858388e-04	1.995150e-05	0.000000e+00
4.000000e+02	4.100000e+02	4.085288e-04	0.000000e+00	7.136770e-05
4.100000e+02	4.200000e+02	4.527889e-04	7.856020e-05	0.000000e+00
4.200000e+02	4.300000e+02	3.906736e-04	3.563830e-05	2.810140e-05
4.300000e+02	4.400000e+02	3.602345e-04	0.000000e+00	1.224590e-05
4.400000e+02	4.500000e+02	3.737738e-04	3.517340e-05	0.000000e+00
4.500000e+02	4.600000e+02	3.263897e-04	5.151800e-06	1.764380e-05
4.600000e+02	4.700000e+02	3.014793e-04	2.620990e-05	8.641000e-06
4.700000e+02	4.800000e+02	3.106543e-04	1.520210e-05	0.000000e+00
4.800000e+02	4.900000e+02	2.811942e-04	1.860660e-05	0.000000e+00
4.900000e+02	5.000000e+02	2.991607e-04	4.730030e-05	0.000000e+00
# END HISTO1D

