# BEGIN PLOT
LegendOnly=//homes/tinghua1/higgs-anomalous/Herwig7/gcc11_install_test/plots/H-N2-N3-4-25gev-odd-combine.yoda/MC_H2JETS_04_LOOSE/j1j2j4_mass //homes/tinghua1/higgs-anomalous/Herwig7/gcc11_install_test/plots/H2Jets-NLOPS-odd-combine.yoda/MC_H2JETS_04_LOOSE/j1j2j4_mass //homes/tinghua1/higgs-anomalous/Herwig7/gcc11_install_test/plots/H2Jets-NLO-odd-combine.yoda/MC_H2JETS_04_LOOSE/j1j2j4_mass
DrawOnly=//homes/tinghua1/higgs-anomalous/Herwig7/gcc11_install_test/plots/H-N2-N3-4-25gev-odd-combine.yoda/MC_H2JETS_04_LOOSE/j1j2j4_mass //homes/tinghua1/higgs-anomalous/Herwig7/gcc11_install_test/plots/H2Jets-NLOPS-odd-combine.yoda/MC_H2JETS_04_LOOSE/j1j2j4_mass //homes/tinghua1/higgs-anomalous/Herwig7/gcc11_install_test/plots/H2Jets-NLO-odd-combine.yoda/MC_H2JETS_04_LOOSE/j1j2j4_mass
RightMargin=0.5
RatioPlotReference=//homes/tinghua1/higgs-anomalous/Herwig7/gcc11_install_test/plots/H-N2-N3-4-25gev-odd-combine.yoda/MC_H2JETS_04_LOOSE/j1j2j4_mass
RatioPlot=1
LogY=1
RatioPlotYMax=2.0
RatioPlotYLabel=Ratio
XLabel=$m_{j_1j_2j_4}$ (GeV)
LegendAlign=r
YLabel=$ \text{d} \sigma/ \text{d}  m_{j_1j_2j_4}$ (pb/GeV)
Legend=1
RatioPlotYMin=0.0
# END PLOT


# BEGIN SPECIAL /MC_H2JETS_04_LOOSE/j1j2j4_mass
\rput[tl](0.05,0.75){\parbox{5cm}{\textcolor{gray}{{\bf Herwig 7.2.3} \\ VBFNLO 3.0.0}}}
# END SPECIAL

# BEGIN HISTO1D //homes/tinghua1/higgs-anomalous/Herwig7/gcc11_install_test/plots/H-N2-N3-4-25gev-odd-combine.yoda/MC_H2JETS_04_LOOSE/j1j2j4_mass
ErrorBandColor=red
ErrorBandOpacity=0.3
ErrorBands=1
ErrorBars=1
ErrorType=env
LineColor=red
LineStyle=solid
Path=//homes/tinghua1/higgs-anomalous/Herwig7/gcc11_install_test/plots/H-N2-N3-4-25gev-odd-combine.yoda/MC_H2JETS_04_LOOSE/j1j2j4_mass
RatioPlotSameStyle=1
Title=h(2*,3*,4)
# xlow	 xhigh	 val	 errminus	 errplus
0.000000e+00	2.000000e+01	0.000000e+00	0.000000e+00	0.000000e+00
2.000000e+01	4.000000e+01	0.000000e+00	0.000000e+00	0.000000e+00
4.000000e+01	6.000000e+01	0.000000e+00	0.000000e+00	0.000000e+00
6.000000e+01	8.000000e+01	0.000000e+00	0.000000e+00	0.000000e+00
8.000000e+01	1.000000e+02	0.000000e+00	0.000000e+00	0.000000e+00
1.000000e+02	1.200000e+02	0.000000e+00	0.000000e+00	0.000000e+00
1.200000e+02	1.400000e+02	0.000000e+00	0.000000e+00	0.000000e+00
1.400000e+02	1.600000e+02	0.000000e+00	0.000000e+00	0.000000e+00
1.600000e+02	1.800000e+02	0.000000e+00	0.000000e+00	0.000000e+00
1.800000e+02	2.000000e+02	0.000000e+00	0.000000e+00	0.000000e+00
2.000000e+02	2.200000e+02	4.013093e-07	5.967700e-09	1.619593e-07
2.200000e+02	2.400000e+02	6.309345e-06	0.000000e+00	1.459315e-06
2.400000e+02	2.600000e+02	1.646510e-05	0.000000e+00	2.623650e-06
2.600000e+02	2.800000e+02	2.613986e-05	0.000000e+00	5.066425e-06
2.800000e+02	3.000000e+02	3.344142e-05	0.000000e+00	1.295966e-05
3.000000e+02	3.200000e+02	4.053274e-05	0.000000e+00	5.561040e-06
3.200000e+02	3.400000e+02	4.712226e-05	1.485650e-06	3.427635e-06
3.400000e+02	3.600000e+02	4.810745e-05	0.000000e+00	9.585345e-06
3.600000e+02	3.800000e+02	4.943367e-05	0.000000e+00	1.078128e-05
3.800000e+02	4.000000e+02	5.724655e-05	0.000000e+00	5.973000e-06
4.000000e+02	4.200000e+02	5.753850e-05	0.000000e+00	5.566650e-06
4.200000e+02	4.400000e+02	5.841625e-05	0.000000e+00	6.456250e-06
4.400000e+02	4.600000e+02	5.888420e-05	0.000000e+00	1.313945e-05
4.600000e+02	4.800000e+02	5.852800e-05	0.000000e+00	1.257015e-05
4.800000e+02	5.000000e+02	6.192140e-05	0.000000e+00	6.892500e-06
5.000000e+02	5.200000e+02	6.382050e-05	0.000000e+00	8.022350e-06
5.200000e+02	5.400000e+02	6.457400e-05	7.397500e-07	4.063850e-06
5.400000e+02	5.600000e+02	6.261580e-05	0.000000e+00	7.817450e-06
5.600000e+02	5.800000e+02	5.943115e-05	0.000000e+00	8.723850e-06
5.800000e+02	6.000000e+02	6.051640e-05	0.000000e+00	4.209300e-06
6.000000e+02	6.200000e+02	5.839360e-05	0.000000e+00	1.045565e-05
6.200000e+02	6.400000e+02	5.940860e-05	0.000000e+00	5.194800e-06
6.400000e+02	6.600000e+02	5.926835e-05	0.000000e+00	1.114015e-05
6.600000e+02	6.800000e+02	5.952170e-05	0.000000e+00	3.238950e-06
6.800000e+02	7.000000e+02	5.801600e-05	0.000000e+00	6.485450e-06
7.000000e+02	7.200000e+02	5.572470e-05	0.000000e+00	8.552100e-06
7.200000e+02	7.400000e+02	5.911425e-05	0.000000e+00	5.865100e-06
7.400000e+02	7.600000e+02	5.409130e-05	0.000000e+00	6.970100e-06
7.600000e+02	7.800000e+02	5.508950e-05	0.000000e+00	9.711500e-06
7.800000e+02	8.000000e+02	4.995566e-05	0.000000e+00	9.987135e-06
8.000000e+02	8.200000e+02	5.437785e-05	0.000000e+00	7.658500e-06
8.200000e+02	8.400000e+02	5.184070e-05	0.000000e+00	4.650000e-06
8.400000e+02	8.600000e+02	5.012445e-05	0.000000e+00	1.002560e-05
8.600000e+02	8.800000e+02	4.993481e-05	0.000000e+00	1.143360e-04
8.800000e+02	9.000000e+02	4.579870e-05	0.000000e+00	6.756595e-06
9.000000e+02	9.200000e+02	4.491991e-05	0.000000e+00	5.306735e-06
9.200000e+02	9.400000e+02	4.265132e-05	0.000000e+00	7.446330e-06
9.400000e+02	9.600000e+02	4.385334e-05	0.000000e+00	6.304405e-06
9.600000e+02	9.800000e+02	4.040567e-05	0.000000e+00	5.189445e-06
9.800000e+02	1.000000e+03	4.285718e-05	0.000000e+00	4.785150e-06
# END HISTO1D


# BEGIN HISTO1D //homes/tinghua1/higgs-anomalous/Herwig7/gcc11_install_test/plots/H2Jets-NLOPS-odd-combine.yoda/MC_H2JETS_04_LOOSE/j1j2j4_mass
ErrorBandColor=green
ErrorBandOpacity=0.3
ErrorBands=1
ErrorBars=1
ErrorType=env
LineColor=green
LineStyle=solid
Path=//homes/tinghua1/higgs-anomalous/Herwig7/gcc11_install_test/plots/H2Jets-NLOPS-odd-combine.yoda/MC_H2JETS_04_LOOSE/j1j2j4_mass
RatioPlotSameStyle=1
Title=h(2*) $\oplus$ PS
# xlow	 xhigh	 val	 errminus	 errplus
0.000000e+00	2.000000e+01	0.000000e+00	0.000000e+00	0.000000e+00
2.000000e+01	4.000000e+01	0.000000e+00	0.000000e+00	0.000000e+00
4.000000e+01	6.000000e+01	0.000000e+00	0.000000e+00	0.000000e+00
6.000000e+01	8.000000e+01	0.000000e+00	0.000000e+00	0.000000e+00
8.000000e+01	1.000000e+02	0.000000e+00	0.000000e+00	0.000000e+00
1.000000e+02	1.200000e+02	0.000000e+00	0.000000e+00	0.000000e+00
1.200000e+02	1.400000e+02	0.000000e+00	0.000000e+00	0.000000e+00
1.400000e+02	1.600000e+02	0.000000e+00	0.000000e+00	0.000000e+00
1.600000e+02	1.800000e+02	0.000000e+00	0.000000e+00	0.000000e+00
1.800000e+02	2.000000e+02	0.000000e+00	0.000000e+00	0.000000e+00
2.000000e+02	2.200000e+02	2.986451e-07	0.000000e+00	8.848630e-08
2.200000e+02	2.400000e+02	4.920905e-06	0.000000e+00	1.578000e-06
2.400000e+02	2.600000e+02	1.238084e-05	0.000000e+00	4.309170e-06
2.600000e+02	2.800000e+02	1.893261e-05	0.000000e+00	6.041205e-06
2.800000e+02	3.000000e+02	2.397512e-05	0.000000e+00	7.759055e-06
3.000000e+02	3.200000e+02	2.793269e-05	0.000000e+00	9.049025e-06
3.200000e+02	3.400000e+02	3.103961e-05	0.000000e+00	1.025932e-05
3.400000e+02	3.600000e+02	3.356386e-05	0.000000e+00	1.093118e-05
3.600000e+02	3.800000e+02	3.605522e-05	0.000000e+00	1.118414e-05
3.800000e+02	4.000000e+02	3.737207e-05	0.000000e+00	1.247137e-05
4.000000e+02	4.200000e+02	3.866977e-05	0.000000e+00	1.219268e-05
4.200000e+02	4.400000e+02	3.964440e-05	0.000000e+00	1.287225e-05
4.400000e+02	4.600000e+02	4.037084e-05	0.000000e+00	1.290366e-05
4.600000e+02	4.800000e+02	4.082622e-05	0.000000e+00	1.327353e-05
4.800000e+02	5.000000e+02	4.124333e-05	0.000000e+00	1.323283e-05
5.000000e+02	5.200000e+02	4.154248e-05	0.000000e+00	1.301157e-05
5.200000e+02	5.400000e+02	4.167581e-05	0.000000e+00	1.282118e-05
5.400000e+02	5.600000e+02	4.146500e-05	0.000000e+00	1.330900e-05
5.600000e+02	5.800000e+02	4.111079e-05	0.000000e+00	1.348765e-05
5.800000e+02	6.000000e+02	4.100801e-05	0.000000e+00	1.278044e-05
6.000000e+02	6.200000e+02	4.041810e-05	0.000000e+00	1.309320e-05
6.200000e+02	6.400000e+02	4.012323e-05	0.000000e+00	1.274562e-05
6.400000e+02	6.600000e+02	3.972965e-05	0.000000e+00	1.248780e-05
6.600000e+02	6.800000e+02	3.931639e-05	0.000000e+00	1.215501e-05
6.800000e+02	7.000000e+02	3.852961e-05	0.000000e+00	1.230288e-05
7.000000e+02	7.200000e+02	3.781109e-05	0.000000e+00	1.216702e-05
7.200000e+02	7.400000e+02	3.775053e-05	0.000000e+00	1.133794e-05
7.400000e+02	7.600000e+02	3.632664e-05	0.000000e+00	1.209324e-05
7.600000e+02	7.800000e+02	3.575148e-05	0.000000e+00	1.148639e-05
7.800000e+02	8.000000e+02	3.534772e-05	0.000000e+00	1.089414e-05
8.000000e+02	8.200000e+02	3.429629e-05	0.000000e+00	1.100955e-05
8.200000e+02	8.400000e+02	3.385724e-05	0.000000e+00	1.075484e-05
8.400000e+02	8.600000e+02	3.291754e-05	0.000000e+00	1.067063e-05
8.600000e+02	8.800000e+02	3.235646e-05	0.000000e+00	1.015044e-05
8.800000e+02	9.000000e+02	3.161192e-05	0.000000e+00	1.006446e-05
9.000000e+02	9.200000e+02	3.090760e-05	0.000000e+00	9.815275e-06
9.200000e+02	9.400000e+02	3.018164e-05	0.000000e+00	9.837495e-06
9.400000e+02	9.600000e+02	2.940583e-05	0.000000e+00	9.705145e-06
9.600000e+02	9.800000e+02	2.889284e-05	0.000000e+00	9.136570e-06
9.800000e+02	1.000000e+03	2.810806e-05	0.000000e+00	8.962410e-06
# END HISTO1D


# BEGIN HISTO1D //homes/tinghua1/higgs-anomalous/Herwig7/gcc11_install_test/plots/H2Jets-NLO-odd-combine.yoda/MC_H2JETS_04_LOOSE/j1j2j4_mass
ErrorBandColor=orange
ErrorBandOpacity=0.3
ErrorBands=1
ErrorBars=1
ErrorType=env
LineColor=orange
LineStyle=solid
Path=//homes/tinghua1/higgs-anomalous/Herwig7/gcc11_install_test/plots/H2Jets-NLO-odd-combine.yoda/MC_H2JETS_04_LOOSE/j1j2j4_mass
RatioPlotSameStyle=1
Title=h(2*)-FO
# xlow	 xhigh	 val	 errminus	 errplus
0.000000e+00	2.000000e+01	0.000000e+00	0.000000e+00	0.000000e+00
2.000000e+01	4.000000e+01	0.000000e+00	0.000000e+00	0.000000e+00
4.000000e+01	6.000000e+01	0.000000e+00	0.000000e+00	0.000000e+00
6.000000e+01	8.000000e+01	0.000000e+00	0.000000e+00	0.000000e+00
8.000000e+01	1.000000e+02	0.000000e+00	0.000000e+00	0.000000e+00
1.000000e+02	1.200000e+02	0.000000e+00	0.000000e+00	0.000000e+00
1.200000e+02	1.400000e+02	0.000000e+00	0.000000e+00	0.000000e+00
1.400000e+02	1.600000e+02	0.000000e+00	0.000000e+00	0.000000e+00
1.600000e+02	1.800000e+02	0.000000e+00	0.000000e+00	0.000000e+00
1.800000e+02	2.000000e+02	0.000000e+00	0.000000e+00	0.000000e+00
2.000000e+02	2.200000e+02	0.000000e+00	0.000000e+00	0.000000e+00
2.200000e+02	2.400000e+02	0.000000e+00	0.000000e+00	0.000000e+00
2.400000e+02	2.600000e+02	0.000000e+00	0.000000e+00	0.000000e+00
2.600000e+02	2.800000e+02	0.000000e+00	0.000000e+00	0.000000e+00
2.800000e+02	3.000000e+02	0.000000e+00	0.000000e+00	0.000000e+00
3.000000e+02	3.200000e+02	0.000000e+00	0.000000e+00	0.000000e+00
3.200000e+02	3.400000e+02	0.000000e+00	0.000000e+00	0.000000e+00
3.400000e+02	3.600000e+02	0.000000e+00	0.000000e+00	0.000000e+00
3.600000e+02	3.800000e+02	0.000000e+00	0.000000e+00	0.000000e+00
3.800000e+02	4.000000e+02	0.000000e+00	0.000000e+00	0.000000e+00
4.000000e+02	4.200000e+02	0.000000e+00	0.000000e+00	0.000000e+00
4.200000e+02	4.400000e+02	0.000000e+00	0.000000e+00	0.000000e+00
4.400000e+02	4.600000e+02	0.000000e+00	0.000000e+00	0.000000e+00
4.600000e+02	4.800000e+02	0.000000e+00	0.000000e+00	0.000000e+00
4.800000e+02	5.000000e+02	0.000000e+00	0.000000e+00	0.000000e+00
5.000000e+02	5.200000e+02	0.000000e+00	0.000000e+00	0.000000e+00
5.200000e+02	5.400000e+02	0.000000e+00	0.000000e+00	0.000000e+00
5.400000e+02	5.600000e+02	0.000000e+00	0.000000e+00	0.000000e+00
5.600000e+02	5.800000e+02	0.000000e+00	0.000000e+00	0.000000e+00
5.800000e+02	6.000000e+02	0.000000e+00	0.000000e+00	0.000000e+00
6.000000e+02	6.200000e+02	0.000000e+00	0.000000e+00	0.000000e+00
6.200000e+02	6.400000e+02	0.000000e+00	0.000000e+00	0.000000e+00
6.400000e+02	6.600000e+02	0.000000e+00	0.000000e+00	0.000000e+00
6.600000e+02	6.800000e+02	0.000000e+00	0.000000e+00	0.000000e+00
6.800000e+02	7.000000e+02	0.000000e+00	0.000000e+00	0.000000e+00
7.000000e+02	7.200000e+02	0.000000e+00	0.000000e+00	0.000000e+00
7.200000e+02	7.400000e+02	0.000000e+00	0.000000e+00	0.000000e+00
7.400000e+02	7.600000e+02	0.000000e+00	0.000000e+00	0.000000e+00
7.600000e+02	7.800000e+02	0.000000e+00	0.000000e+00	0.000000e+00
7.800000e+02	8.000000e+02	0.000000e+00	0.000000e+00	0.000000e+00
8.000000e+02	8.200000e+02	0.000000e+00	0.000000e+00	0.000000e+00
8.200000e+02	8.400000e+02	0.000000e+00	0.000000e+00	0.000000e+00
8.400000e+02	8.600000e+02	0.000000e+00	0.000000e+00	0.000000e+00
8.600000e+02	8.800000e+02	0.000000e+00	0.000000e+00	0.000000e+00
8.800000e+02	9.000000e+02	0.000000e+00	0.000000e+00	0.000000e+00
9.000000e+02	9.200000e+02	0.000000e+00	0.000000e+00	0.000000e+00
9.200000e+02	9.400000e+02	0.000000e+00	0.000000e+00	0.000000e+00
9.400000e+02	9.600000e+02	0.000000e+00	0.000000e+00	0.000000e+00
9.600000e+02	9.800000e+02	0.000000e+00	0.000000e+00	0.000000e+00
9.800000e+02	1.000000e+03	0.000000e+00	0.000000e+00	0.000000e+00
# END HISTO1D

