# BEGIN PLOT
LegendOnly=//homes/tinghua1/higgs-anomalous/Herwig7/gcc11_install_test/plots/H-N2-N3-4-25gev-odd-combine.yoda/MC_H2JETS_04_LOOSE/j2j4_mass //homes/tinghua1/higgs-anomalous/Herwig7/gcc11_install_test/plots/H2Jets-NLOPS-odd-combine.yoda/MC_H2JETS_04_LOOSE/j2j4_mass //homes/tinghua1/higgs-anomalous/Herwig7/gcc11_install_test/plots/H2Jets-NLO-odd-combine.yoda/MC_H2JETS_04_LOOSE/j2j4_mass
DrawOnly=//homes/tinghua1/higgs-anomalous/Herwig7/gcc11_install_test/plots/H-N2-N3-4-25gev-odd-combine.yoda/MC_H2JETS_04_LOOSE/j2j4_mass //homes/tinghua1/higgs-anomalous/Herwig7/gcc11_install_test/plots/H2Jets-NLOPS-odd-combine.yoda/MC_H2JETS_04_LOOSE/j2j4_mass //homes/tinghua1/higgs-anomalous/Herwig7/gcc11_install_test/plots/H2Jets-NLO-odd-combine.yoda/MC_H2JETS_04_LOOSE/j2j4_mass
RightMargin=0.5
RatioPlotReference=//homes/tinghua1/higgs-anomalous/Herwig7/gcc11_install_test/plots/H-N2-N3-4-25gev-odd-combine.yoda/MC_H2JETS_04_LOOSE/j2j4_mass
RatioPlot=1
LogY=1
RatioPlotYMax=2.0
RatioPlotYLabel=Ratio
XLabel=$m_{j_2j_4}$ (GeV)
LegendAlign=r
XMax=1000
YLabel=$ \text{d} \sigma/ \text{d}  m_{j_2j_4}$ (pb/GeV)
Legend=1
RatioPlotYMin=0.0
# END PLOT


# BEGIN SPECIAL /MC_H2JETS_04_LOOSE/j2j4_mass
\rput[tl](0.05,0.75){\parbox{5cm}{\textcolor{gray}{{\bf Herwig 7.2.3} \\ VBFNLO 3.0.0}}}
# END SPECIAL

# BEGIN HISTO1D //homes/tinghua1/higgs-anomalous/Herwig7/gcc11_install_test/plots/H-N2-N3-4-25gev-odd-combine.yoda/MC_H2JETS_04_LOOSE/j2j4_mass
ErrorBandColor=red
ErrorBandOpacity=0.3
ErrorBands=1
ErrorBars=1
ErrorType=env
LineColor=red
LineStyle=solid
Path=//homes/tinghua1/higgs-anomalous/Herwig7/gcc11_install_test/plots/H-N2-N3-4-25gev-odd-combine.yoda/MC_H2JETS_04_LOOSE/j2j4_mass
RatioPlotSameStyle=1
Title=h(2*,3*,4)
# xlow	 xhigh	 val	 errminus	 errplus
0.000000e+00	4.000000e+01	1.012581e-04	0.000000e+00	1.407995e-05
4.000000e+01	8.000000e+01	2.446148e-04	0.000000e+00	4.907568e-05
8.000000e+01	1.200000e+02	2.184309e-04	0.000000e+00	7.927763e-05
1.200000e+02	1.600000e+02	1.720764e-04	0.000000e+00	2.468627e-05
1.600000e+02	2.000000e+02	1.343354e-04	0.000000e+00	1.883520e-05
2.000000e+02	2.400000e+02	1.094057e-04	0.000000e+00	1.652685e-05
2.400000e+02	2.800000e+02	8.948770e-05	0.000000e+00	9.152575e-06
2.800000e+02	3.200000e+02	7.533110e-05	0.000000e+00	8.147250e-06
3.200000e+02	3.600000e+02	6.470138e-05	0.000000e+00	1.119462e-05
3.600000e+02	4.000000e+02	5.604432e-05	0.000000e+00	7.683550e-06
4.000000e+02	4.400000e+02	5.097308e-05	0.000000e+00	4.068075e-06
4.400000e+02	4.800000e+02	4.315090e-05	0.000000e+00	5.994150e-06
4.800000e+02	5.200000e+02	3.857178e-05	0.000000e+00	5.471750e-06
5.200000e+02	5.600000e+02	3.808900e-05	1.906175e-06	1.286025e-06
5.600000e+02	6.000000e+02	3.226620e-05	2.444000e-07	1.121050e-06
6.000000e+02	6.400000e+02	2.530512e-05	0.000000e+00	5.641400e-06
6.400000e+02	6.800000e+02	2.099340e-05	0.000000e+00	6.593800e-06
6.800000e+02	7.200000e+02	2.173378e-05	0.000000e+00	2.055448e-06
7.200000e+02	7.600000e+02	1.945641e-05	8.914627e-06	2.102455e-06
7.600000e+02	8.000000e+02	1.235043e-05	0.000000e+00	6.554087e-06
8.000000e+02	8.400000e+02	1.419794e-05	0.000000e+00	2.478825e-06
8.400000e+02	8.800000e+02	1.181717e-05	0.000000e+00	4.625870e-06
8.800000e+02	9.200000e+02	1.220648e-05	0.000000e+00	2.072935e-06
9.200000e+02	9.600000e+02	1.179429e-05	0.000000e+00	6.389705e-06
9.600000e+02	1.000000e+03	1.024732e-05	0.000000e+00	1.080072e-06
1.000000e+03	1.040000e+03	9.198075e-06	0.000000e+00	1.643983e-06
1.040000e+03	1.080000e+03	7.911087e-06	0.000000e+00	9.608350e-07
1.080000e+03	1.120000e+03	7.246565e-06	0.000000e+00	1.204897e-06
1.120000e+03	1.160000e+03	6.626230e-06	0.000000e+00	1.043428e-06
1.160000e+03	1.200000e+03	6.248765e-06	7.535125e-07	0.000000e+00
1.200000e+03	1.240000e+03	5.210075e-06	0.000000e+00	2.094478e-06
1.240000e+03	1.280000e+03	4.982085e-06	0.000000e+00	1.014675e-06
1.280000e+03	1.320000e+03	4.767523e-06	0.000000e+00	1.177637e-06
1.320000e+03	1.360000e+03	4.515112e-06	7.183575e-07	0.000000e+00
1.360000e+03	1.400000e+03	3.810945e-06	0.000000e+00	2.813700e-07
1.400000e+03	1.440000e+03	3.214473e-06	0.000000e+00	3.963625e-07
1.440000e+03	1.480000e+03	3.062425e-06	0.000000e+00	9.744000e-07
1.480000e+03	1.520000e+03	2.910070e-06	0.000000e+00	1.805750e-07
1.520000e+03	1.560000e+03	2.624705e-06	0.000000e+00	1.243680e-06
1.560000e+03	1.600000e+03	2.407256e-06	2.802332e-07	4.308412e-07
1.600000e+03	1.640000e+03	2.037726e-06	0.000000e+00	4.319338e-07
1.640000e+03	1.680000e+03	2.203162e-06	0.000000e+00	7.729000e-07
1.680000e+03	1.720000e+03	1.897721e-06	0.000000e+00	2.563870e-07
1.720000e+03	1.760000e+03	1.446859e-06	0.000000e+00	4.340642e-07
1.760000e+03	1.800000e+03	1.516436e-06	0.000000e+00	2.971607e-07
1.800000e+03	1.840000e+03	8.857652e-07	0.000000e+00	8.286137e-07
1.840000e+03	1.880000e+03	1.474977e-06	2.684896e-06	0.000000e+00
1.880000e+03	1.920000e+03	1.142537e-06	0.000000e+00	2.926433e-07
1.920000e+03	1.960000e+03	1.000299e-06	3.702335e-07	3.568483e-07
1.960000e+03	2.000000e+03	9.594480e-07	0.000000e+00	1.833795e-07
2.000000e+03	2.040000e+03	7.619383e-07	0.000000e+00	3.172060e-07
2.040000e+03	2.080000e+03	9.370260e-07	0.000000e+00	3.474045e-07
2.080000e+03	2.120000e+03	7.342455e-07	2.925772e-07	2.108780e-07
2.120000e+03	2.160000e+03	7.079042e-07	0.000000e+00	2.115075e-07
2.160000e+03	2.200000e+03	8.031427e-07	2.160635e-07	0.000000e+00
2.200000e+03	2.240000e+03	6.243807e-07	0.000000e+00	1.320708e-07
2.240000e+03	2.280000e+03	5.564485e-07	0.000000e+00	1.277950e-07
2.280000e+03	2.320000e+03	5.120290e-07	1.981375e-08	7.797925e-08
2.320000e+03	2.360000e+03	5.749200e-07	6.857275e-08	7.131250e-08
2.360000e+03	2.400000e+03	3.911203e-07	0.000000e+00	2.907970e-07
2.400000e+03	2.440000e+03	4.783933e-07	6.755000e-08	0.000000e+00
2.440000e+03	2.480000e+03	3.556440e-07	0.000000e+00	4.849000e-08
2.480000e+03	2.520000e+03	3.031865e-07	3.136383e-07	1.160300e-07
2.520000e+03	2.560000e+03	3.642957e-07	1.183950e-08	1.911650e-08
2.560000e+03	2.600000e+03	2.919567e-07	0.000000e+00	4.885175e-08
2.600000e+03	2.640000e+03	2.649655e-07	2.426723e-08	1.685725e-08
2.640000e+03	2.680000e+03	2.418748e-07	1.813040e-08	3.464818e-08
2.680000e+03	2.720000e+03	2.404584e-07	0.000000e+00	4.098482e-08
2.720000e+03	2.760000e+03	2.401304e-07	1.753870e-08	5.698175e-09
2.760000e+03	2.800000e+03	1.609602e-07	0.000000e+00	1.034605e-07
2.800000e+03	2.840000e+03	1.894947e-07	0.000000e+00	2.929340e-08
2.840000e+03	2.880000e+03	1.674525e-07	0.000000e+00	4.891292e-08
2.880000e+03	2.920000e+03	1.544500e-07	4.738965e-08	6.790200e-08
2.920000e+03	2.960000e+03	1.411134e-07	0.000000e+00	3.550835e-08
2.960000e+03	3.000000e+03	1.413728e-07	0.000000e+00	8.574465e-08
3.000000e+03	3.040000e+03	1.255132e-07	3.914950e-09	1.248133e-07
3.040000e+03	3.080000e+03	9.986410e-08	0.000000e+00	3.210205e-08
3.080000e+03	3.120000e+03	6.332207e-08	0.000000e+00	7.652483e-08
3.120000e+03	3.160000e+03	8.757832e-08	0.000000e+00	3.735625e-09
3.160000e+03	3.200000e+03	8.431772e-08	3.395595e-08	5.437353e-08
3.200000e+03	3.240000e+03	7.449688e-08	0.000000e+00	7.141047e-08
3.240000e+03	3.280000e+03	6.793162e-08	1.207982e-08	6.859068e-08
3.280000e+03	3.320000e+03	6.998132e-08	0.000000e+00	1.793400e-08
3.320000e+03	3.360000e+03	7.011583e-08	0.000000e+00	3.585097e-08
3.360000e+03	3.400000e+03	8.708185e-08	2.579352e-08	0.000000e+00
3.400000e+03	3.440000e+03	6.884705e-08	2.660238e-08	9.007312e-08
3.440000e+03	3.480000e+03	4.091200e-08	0.000000e+00	1.045862e-06
3.480000e+03	3.520000e+03	5.254810e-08	2.246923e-08	5.050500e-09
3.520000e+03	3.560000e+03	2.981330e-08	1.154505e-07	1.568382e-08
3.560000e+03	3.600000e+03	4.659832e-08	1.017075e-08	9.182825e-09
3.600000e+03	3.640000e+03	2.461011e-08	4.910990e-09	3.421789e-08
3.640000e+03	3.680000e+03	2.744608e-08	9.362250e-10	1.190855e-08
3.680000e+03	3.720000e+03	2.808013e-08	0.000000e+00	8.894450e-09
3.720000e+03	3.760000e+03	2.582573e-08	1.208823e-09	6.594625e-09
3.760000e+03	3.800000e+03	-2.970505e-08	0.000000e+00	6.358135e-08
3.800000e+03	3.840000e+03	2.684693e-08	1.504993e-08	1.075875e-09
3.840000e+03	3.880000e+03	1.766657e-08	0.000000e+00	1.751241e-08
3.880000e+03	3.920000e+03	2.557287e-08	1.204381e-08	0.000000e+00
3.920000e+03	3.960000e+03	1.396619e-08	2.952975e-09	1.418331e-08
3.960000e+03	4.000000e+03	5.137392e-08	4.433990e-08	0.000000e+00
4.000000e+03	4.040000e+03	1.479484e-08	9.750067e-09	2.799543e-09
4.040000e+03	4.080000e+03	3.601567e-08	3.064908e-08	0.000000e+00
4.080000e+03	4.120000e+03	1.264006e-08	0.000000e+00	3.540557e-09
4.120000e+03	4.160000e+03	1.126068e-08	2.344307e-09	4.615555e-09
4.160000e+03	4.200000e+03	1.101765e-08	2.132405e-09	7.916250e-10
4.200000e+03	4.240000e+03	4.886330e-09	0.000000e+00	7.781570e-09
4.240000e+03	4.280000e+03	7.866197e-09	5.467325e-10	7.622800e-10
4.280000e+03	4.320000e+03	5.986210e-09	4.856900e-10	8.336788e-09
4.320000e+03	4.360000e+03	1.339436e-08	4.148137e-09	0.000000e+00
4.360000e+03	4.400000e+03	1.177347e-08	5.308240e-09	7.087743e-09
4.400000e+03	4.440000e+03	7.294835e-09	1.776100e-10	8.775050e-10
4.440000e+03	4.480000e+03	1.237880e-09	0.000000e+00	5.675115e-09
4.480000e+03	4.520000e+03	4.131868e-09	1.775825e-10	4.299835e-09
4.520000e+03	4.560000e+03	4.702970e-09	1.015618e-09	0.000000e+00
4.560000e+03	4.600000e+03	4.244737e-09	1.601163e-09	1.404850e-10
4.600000e+03	4.640000e+03	3.443603e-09	3.345118e-09	1.201967e-09
4.640000e+03	4.680000e+03	3.965915e-09	0.000000e+00	2.212345e-09
4.680000e+03	4.720000e+03	5.186037e-09	1.512995e-09	1.284909e-08
4.720000e+03	4.760000e+03	2.355287e-09	0.000000e+00	2.981471e-09
4.760000e+03	4.800000e+03	1.731028e-09	0.000000e+00	2.942545e-10
4.800000e+03	4.840000e+03	2.018802e-09	0.000000e+00	1.367468e-09
4.840000e+03	4.880000e+03	2.151447e-09	6.161642e-09	1.170645e-10
4.880000e+03	4.920000e+03	2.708675e-09	7.595540e-10	0.000000e+00
4.920000e+03	4.960000e+03	1.582511e-09	5.233458e-10	1.375192e-09
4.960000e+03	5.000000e+03	1.581588e-09	1.821193e-10	0.000000e+00
5.000000e+03	5.040000e+03	1.424236e-09	0.000000e+00	1.217089e-09
5.040000e+03	5.080000e+03	9.349032e-10	0.000000e+00	1.328523e-09
5.080000e+03	5.120000e+03	1.637280e-09	5.765488e-09	0.000000e+00
5.120000e+03	5.160000e+03	1.397347e-09	1.367340e-10	2.101955e-10
5.160000e+03	5.200000e+03	7.269835e-10	1.120760e-10	9.017190e-10
5.200000e+03	5.240000e+03	7.813730e-10	0.000000e+00	6.304300e-10
5.240000e+03	5.280000e+03	7.703767e-10	2.806575e-11	1.740945e-10
5.280000e+03	5.320000e+03	1.120996e-09	1.548313e-09	0.000000e+00
5.320000e+03	5.360000e+03	4.399738e-10	7.347472e-08	9.247207e-10
5.360000e+03	5.400000e+03	8.359372e-11	0.000000e+00	1.730874e-09
5.400000e+03	5.440000e+03	3.971247e-10	4.503556e-10	1.110457e-10
5.440000e+03	5.480000e+03	4.930652e-10	1.995472e-10	3.279560e-10
5.480000e+03	5.520000e+03	5.690063e-10	2.779264e-09	1.254352e-10
5.520000e+03	5.560000e+03	3.697158e-10	0.000000e+00	1.622907e-09
5.560000e+03	5.600000e+03	3.691930e-10	1.214301e-10	3.106715e-10
5.600000e+03	5.640000e+03	4.977765e-10	3.242513e-10	0.000000e+00
5.640000e+03	5.680000e+03	3.307095e-10	1.917075e-11	0.000000e+00
5.680000e+03	5.720000e+03	1.078138e-10	0.000000e+00	2.375744e-10
5.720000e+03	5.760000e+03	2.963090e-10	0.000000e+00	1.375495e-10
5.760000e+03	5.800000e+03	1.448532e-10	0.000000e+00	3.759095e-10
5.800000e+03	5.840000e+03	-1.384849e-10	0.000000e+00	5.332599e-10
5.840000e+03	5.880000e+03	3.503508e-10	1.607710e-10	4.760010e-10
5.880000e+03	5.920000e+03	-2.582825e-10	0.000000e+00	5.453532e-10
5.920000e+03	5.960000e+03	1.202080e-10	1.460059e-10	2.062013e-10
5.960000e+03	6.000000e+03	1.185119e-10	0.000000e+00	3.505721e-10
# END HISTO1D


# BEGIN HISTO1D //homes/tinghua1/higgs-anomalous/Herwig7/gcc11_install_test/plots/H2Jets-NLOPS-odd-combine.yoda/MC_H2JETS_04_LOOSE/j2j4_mass
ErrorBandColor=green
ErrorBandOpacity=0.3
ErrorBands=1
ErrorBars=1
ErrorType=env
LineColor=green
LineStyle=solid
Path=//homes/tinghua1/higgs-anomalous/Herwig7/gcc11_install_test/plots/H2Jets-NLOPS-odd-combine.yoda/MC_H2JETS_04_LOOSE/j2j4_mass
RatioPlotSameStyle=1
Title=h(2*) $\oplus$ PS
# xlow	 xhigh	 val	 errminus	 errplus
0.000000e+00	4.000000e+01	7.702760e-05	0.000000e+00	2.156008e-05
4.000000e+01	8.000000e+01	1.747567e-04	0.000000e+00	6.194422e-05
8.000000e+01	1.200000e+02	1.396081e-04	0.000000e+00	4.472688e-05
1.200000e+02	1.600000e+02	1.135475e-04	0.000000e+00	3.434277e-05
1.600000e+02	2.000000e+02	9.095485e-05	0.000000e+00	2.785323e-05
2.000000e+02	2.400000e+02	7.402257e-05	0.000000e+00	2.314213e-05
2.400000e+02	2.800000e+02	6.135095e-05	0.000000e+00	1.927372e-05
2.800000e+02	3.200000e+02	5.205810e-05	0.000000e+00	1.610410e-05
3.200000e+02	3.600000e+02	4.407855e-05	0.000000e+00	1.458210e-05
3.600000e+02	4.000000e+02	3.803950e-05	0.000000e+00	1.277600e-05
4.000000e+02	4.400000e+02	3.309232e-05	0.000000e+00	1.100345e-05
4.400000e+02	4.800000e+02	2.910065e-05	0.000000e+00	9.727400e-06
4.800000e+02	5.200000e+02	2.533472e-05	0.000000e+00	8.780225e-06
5.200000e+02	5.600000e+02	2.225867e-05	0.000000e+00	7.693475e-06
5.600000e+02	6.000000e+02	1.967807e-05	0.000000e+00	6.842685e-06
6.000000e+02	6.400000e+02	1.738051e-05	0.000000e+00	5.997430e-06
6.400000e+02	6.800000e+02	1.542015e-05	0.000000e+00	5.561702e-06
6.800000e+02	7.200000e+02	1.373141e-05	0.000000e+00	4.891587e-06
7.200000e+02	7.600000e+02	1.223800e-05	0.000000e+00	4.593130e-06
7.600000e+02	8.000000e+02	1.084509e-05	0.000000e+00	3.866652e-06
8.000000e+02	8.400000e+02	9.761778e-06	0.000000e+00	3.403880e-06
8.400000e+02	8.800000e+02	8.703707e-06	0.000000e+00	3.181368e-06
8.800000e+02	9.200000e+02	7.780982e-06	0.000000e+00	2.778375e-06
9.200000e+02	9.600000e+02	7.020368e-06	0.000000e+00	2.449282e-06
9.600000e+02	1.000000e+03	6.351907e-06	0.000000e+00	2.206082e-06
1.000000e+03	1.040000e+03	5.683103e-06	0.000000e+00	2.067567e-06
1.040000e+03	1.080000e+03	5.087590e-06	0.000000e+00	1.904998e-06
1.080000e+03	1.120000e+03	4.601022e-06	0.000000e+00	1.690228e-06
1.120000e+03	1.160000e+03	4.180932e-06	0.000000e+00	1.509323e-06
1.160000e+03	1.200000e+03	3.755942e-06	0.000000e+00	1.404000e-06
1.200000e+03	1.240000e+03	3.407608e-06	0.000000e+00	1.258640e-06
1.240000e+03	1.280000e+03	3.110167e-06	0.000000e+00	1.144310e-06
1.280000e+03	1.320000e+03	2.857562e-06	0.000000e+00	9.990425e-07
1.320000e+03	1.360000e+03	2.551497e-06	0.000000e+00	1.020408e-06
1.360000e+03	1.400000e+03	2.338283e-06	0.000000e+00	8.027115e-07
1.400000e+03	1.440000e+03	2.114156e-06	0.000000e+00	7.795985e-07
1.440000e+03	1.480000e+03	1.881467e-06	0.000000e+00	7.614405e-07
1.480000e+03	1.520000e+03	1.776329e-06	0.000000e+00	6.671182e-07
1.520000e+03	1.560000e+03	1.629460e-06	0.000000e+00	5.949525e-07
1.560000e+03	1.600000e+03	1.448516e-06	0.000000e+00	5.304415e-07
1.600000e+03	1.640000e+03	1.339903e-06	0.000000e+00	4.771727e-07
1.640000e+03	1.680000e+03	1.218007e-06	0.000000e+00	4.458882e-07
1.680000e+03	1.720000e+03	1.113945e-06	0.000000e+00	4.257380e-07
1.720000e+03	1.760000e+03	1.003892e-06	0.000000e+00	4.158075e-07
1.760000e+03	1.800000e+03	9.293452e-07	0.000000e+00	3.485525e-07
1.800000e+03	1.840000e+03	8.634810e-07	0.000000e+00	3.187255e-07
1.840000e+03	1.880000e+03	7.587727e-07	0.000000e+00	2.930002e-07
1.880000e+03	1.920000e+03	7.220982e-07	0.000000e+00	2.537043e-07
1.920000e+03	1.960000e+03	6.427035e-07	0.000000e+00	2.496470e-07
1.960000e+03	2.000000e+03	6.004350e-07	0.000000e+00	2.632220e-07
2.000000e+03	2.040000e+03	5.485320e-07	0.000000e+00	2.109595e-07
2.040000e+03	2.080000e+03	5.013042e-07	0.000000e+00	1.792603e-07
2.080000e+03	2.120000e+03	4.533225e-07	0.000000e+00	1.996810e-07
2.120000e+03	2.160000e+03	4.194737e-07	0.000000e+00	1.878618e-07
2.160000e+03	2.200000e+03	3.963902e-07	0.000000e+00	1.648428e-07
2.200000e+03	2.240000e+03	3.592250e-07	0.000000e+00	1.260170e-07
2.240000e+03	2.280000e+03	3.371708e-07	0.000000e+00	1.270302e-07
2.280000e+03	2.320000e+03	2.964557e-07	0.000000e+00	1.285375e-07
2.320000e+03	2.360000e+03	2.824190e-07	0.000000e+00	1.044897e-07
2.360000e+03	2.400000e+03	2.490267e-07	0.000000e+00	1.122351e-07
2.400000e+03	2.440000e+03	2.376283e-07	0.000000e+00	9.741520e-08
2.440000e+03	2.480000e+03	2.143538e-07	0.000000e+00	9.544050e-08
2.480000e+03	2.520000e+03	1.986075e-07	0.000000e+00	7.917747e-08
2.520000e+03	2.560000e+03	1.768989e-07	0.000000e+00	8.392937e-08
2.560000e+03	2.600000e+03	1.642480e-07	0.000000e+00	7.331020e-08
2.600000e+03	2.640000e+03	1.614288e-07	0.000000e+00	5.556523e-08
2.640000e+03	2.680000e+03	1.368484e-07	0.000000e+00	5.922122e-08
2.680000e+03	2.720000e+03	1.303345e-07	0.000000e+00	4.621715e-08
2.720000e+03	2.760000e+03	1.110971e-07	0.000000e+00	5.598785e-08
2.760000e+03	2.800000e+03	1.074961e-07	0.000000e+00	4.962720e-08
2.800000e+03	2.840000e+03	9.863923e-08	0.000000e+00	4.861263e-08
2.840000e+03	2.880000e+03	9.230770e-08	0.000000e+00	3.367307e-08
2.880000e+03	2.920000e+03	8.446655e-08	0.000000e+00	3.690982e-08
2.920000e+03	2.960000e+03	8.092687e-08	0.000000e+00	2.631150e-08
2.960000e+03	3.000000e+03	7.485120e-08	0.000000e+00	3.104790e-08
3.000000e+03	3.040000e+03	6.491540e-08	0.000000e+00	2.939473e-08
3.040000e+03	3.080000e+03	5.936865e-08	0.000000e+00	2.338088e-08
3.080000e+03	3.120000e+03	5.243517e-08	0.000000e+00	2.645798e-08
3.120000e+03	3.160000e+03	4.943290e-08	0.000000e+00	2.538080e-08
3.160000e+03	3.200000e+03	4.392177e-08	0.000000e+00	2.497020e-08
3.200000e+03	3.240000e+03	4.494075e-08	0.000000e+00	1.580980e-08
3.240000e+03	3.280000e+03	4.184995e-08	0.000000e+00	1.831653e-08
3.280000e+03	3.320000e+03	3.481912e-08	0.000000e+00	1.721210e-08
3.320000e+03	3.360000e+03	3.104480e-08	0.000000e+00	1.459627e-08
3.360000e+03	3.400000e+03	3.022890e-08	0.000000e+00	1.455072e-08
3.400000e+03	3.440000e+03	2.748740e-08	0.000000e+00	1.567343e-08
3.440000e+03	3.480000e+03	2.589305e-08	0.000000e+00	1.099963e-08
3.480000e+03	3.520000e+03	2.425290e-08	0.000000e+00	7.799047e-09
3.520000e+03	3.560000e+03	1.766743e-08	0.000000e+00	1.604127e-08
3.560000e+03	3.600000e+03	1.876728e-08	0.000000e+00	1.124272e-08
3.600000e+03	3.640000e+03	2.005288e-08	0.000000e+00	7.415022e-09
3.640000e+03	3.680000e+03	1.741549e-08	0.000000e+00	4.338782e-09
3.680000e+03	3.720000e+03	1.596508e-08	0.000000e+00	7.305178e-09
3.720000e+03	3.760000e+03	1.437867e-08	0.000000e+00	5.795543e-09
3.760000e+03	3.800000e+03	1.317808e-08	0.000000e+00	4.342332e-09
3.800000e+03	3.840000e+03	1.144829e-08	0.000000e+00	9.953000e-09
3.840000e+03	3.880000e+03	1.078736e-08	0.000000e+00	4.958555e-09
3.880000e+03	3.920000e+03	9.934660e-09	0.000000e+00	2.270025e-09
3.920000e+03	3.960000e+03	8.060385e-09	0.000000e+00	4.096255e-09
3.960000e+03	4.000000e+03	8.718452e-09	0.000000e+00	4.066247e-09
4.000000e+03	4.040000e+03	7.760295e-09	0.000000e+00	2.667563e-09
4.040000e+03	4.080000e+03	6.490877e-09	0.000000e+00	4.126663e-09
4.080000e+03	4.120000e+03	4.865870e-09	0.000000e+00	8.710705e-09
4.120000e+03	4.160000e+03	6.237997e-09	0.000000e+00	3.221453e-09
4.160000e+03	4.200000e+03	5.492587e-09	0.000000e+00	3.698715e-09
4.200000e+03	4.240000e+03	4.873705e-09	0.000000e+00	2.925655e-09
4.240000e+03	4.280000e+03	6.002752e-09	0.000000e+00	2.410163e-09
4.280000e+03	4.320000e+03	3.915550e-09	0.000000e+00	2.243275e-09
4.320000e+03	4.360000e+03	3.468902e-09	0.000000e+00	2.463108e-09
4.360000e+03	4.400000e+03	3.326668e-09	0.000000e+00	3.477620e-09
4.400000e+03	4.440000e+03	3.472622e-09	0.000000e+00	1.012807e-09
4.440000e+03	4.480000e+03	2.863907e-09	0.000000e+00	1.408640e-09
4.480000e+03	4.520000e+03	2.201971e-09	0.000000e+00	1.182972e-09
4.520000e+03	4.560000e+03	2.570287e-09	0.000000e+00	8.647850e-10
4.560000e+03	4.600000e+03	1.284958e-09	0.000000e+00	1.697877e-09
4.600000e+03	4.640000e+03	2.000426e-09	0.000000e+00	1.426822e-09
4.640000e+03	4.680000e+03	1.546821e-09	0.000000e+00	1.594069e-09
4.680000e+03	4.720000e+03	1.383301e-09	0.000000e+00	1.817631e-09
4.720000e+03	4.760000e+03	1.257711e-09	0.000000e+00	1.255412e-09
4.760000e+03	4.800000e+03	1.250569e-09	0.000000e+00	1.429784e-09
4.800000e+03	4.840000e+03	1.009388e-09	0.000000e+00	5.731003e-10
4.840000e+03	4.880000e+03	1.116880e-09	0.000000e+00	1.131265e-09
4.880000e+03	4.920000e+03	1.191979e-09	1.771150e-11	3.306642e-10
4.920000e+03	4.960000e+03	1.034034e-09	0.000000e+00	5.224760e-10
4.960000e+03	5.000000e+03	8.688892e-10	8.715375e-11	6.677395e-10
5.000000e+03	5.040000e+03	8.400115e-10	0.000000e+00	6.507238e-10
5.040000e+03	5.080000e+03	5.519628e-10	0.000000e+00	7.170165e-10
5.080000e+03	5.120000e+03	7.484363e-10	1.241603e-10	6.743050e-11
5.120000e+03	5.160000e+03	5.701133e-10	0.000000e+00	6.583733e-10
5.160000e+03	5.200000e+03	2.477254e-10	0.000000e+00	7.015681e-10
5.200000e+03	5.240000e+03	5.409607e-10	1.382675e-10	0.000000e+00
5.240000e+03	5.280000e+03	5.005380e-10	4.365200e-11	7.623000e-12
5.280000e+03	5.320000e+03	4.465422e-10	0.000000e+00	3.175680e-10
5.320000e+03	5.360000e+03	2.583512e-10	0.000000e+00	4.461742e-10
5.360000e+03	5.400000e+03	4.200320e-10	0.000000e+00	1.293943e-10
5.400000e+03	5.440000e+03	2.377962e-10	0.000000e+00	3.575918e-10
5.440000e+03	5.480000e+03	1.865683e-10	0.000000e+00	2.798709e-10
5.480000e+03	5.520000e+03	1.322490e-10	0.000000e+00	4.565515e-10
5.520000e+03	5.560000e+03	1.688437e-10	4.183247e-10	1.560805e-10
5.560000e+03	5.600000e+03	2.635395e-10	6.593280e-11	0.000000e+00
5.600000e+03	5.640000e+03	1.189462e-10	0.000000e+00	9.226713e-10
5.640000e+03	5.680000e+03	1.890421e-10	0.000000e+00	2.587264e-10
5.680000e+03	5.720000e+03	9.005270e-11	2.002205e-11	1.071327e-10
5.720000e+03	5.760000e+03	1.193751e-10	0.000000e+00	2.489712e-10
5.760000e+03	5.800000e+03	1.391736e-10	1.329798e-10	0.000000e+00
5.800000e+03	5.840000e+03	1.943617e-10	5.136772e-10	2.471140e-11
5.840000e+03	5.880000e+03	1.045718e-10	1.321918e-11	1.255294e-10
5.880000e+03	5.920000e+03	1.427936e-10	2.485155e-11	3.779270e-11
5.920000e+03	5.960000e+03	1.386548e-10	1.316952e-10	1.057156e-10
5.960000e+03	6.000000e+03	7.743470e-11	0.000000e+00	7.747925e-11
# END HISTO1D


# BEGIN HISTO1D //homes/tinghua1/higgs-anomalous/Herwig7/gcc11_install_test/plots/H2Jets-NLO-odd-combine.yoda/MC_H2JETS_04_LOOSE/j2j4_mass
ErrorBandColor=orange
ErrorBandOpacity=0.3
ErrorBands=1
ErrorBars=1
ErrorType=env
LineColor=orange
LineStyle=solid
Path=//homes/tinghua1/higgs-anomalous/Herwig7/gcc11_install_test/plots/H2Jets-NLO-odd-combine.yoda/MC_H2JETS_04_LOOSE/j2j4_mass
RatioPlotSameStyle=1
Title=h(2*)-FO
# xlow	 xhigh	 val	 errminus	 errplus
0.000000e+00	4.000000e+01	0.000000e+00	0.000000e+00	0.000000e+00
4.000000e+01	8.000000e+01	0.000000e+00	0.000000e+00	0.000000e+00
8.000000e+01	1.200000e+02	0.000000e+00	0.000000e+00	0.000000e+00
1.200000e+02	1.600000e+02	0.000000e+00	0.000000e+00	0.000000e+00
1.600000e+02	2.000000e+02	0.000000e+00	0.000000e+00	0.000000e+00
2.000000e+02	2.400000e+02	0.000000e+00	0.000000e+00	0.000000e+00
2.400000e+02	2.800000e+02	0.000000e+00	0.000000e+00	0.000000e+00
2.800000e+02	3.200000e+02	0.000000e+00	0.000000e+00	0.000000e+00
3.200000e+02	3.600000e+02	0.000000e+00	0.000000e+00	0.000000e+00
3.600000e+02	4.000000e+02	0.000000e+00	0.000000e+00	0.000000e+00
4.000000e+02	4.400000e+02	0.000000e+00	0.000000e+00	0.000000e+00
4.400000e+02	4.800000e+02	0.000000e+00	0.000000e+00	0.000000e+00
4.800000e+02	5.200000e+02	0.000000e+00	0.000000e+00	0.000000e+00
5.200000e+02	5.600000e+02	0.000000e+00	0.000000e+00	0.000000e+00
5.600000e+02	6.000000e+02	0.000000e+00	0.000000e+00	0.000000e+00
6.000000e+02	6.400000e+02	0.000000e+00	0.000000e+00	0.000000e+00
6.400000e+02	6.800000e+02	0.000000e+00	0.000000e+00	0.000000e+00
6.800000e+02	7.200000e+02	0.000000e+00	0.000000e+00	0.000000e+00
7.200000e+02	7.600000e+02	0.000000e+00	0.000000e+00	0.000000e+00
7.600000e+02	8.000000e+02	0.000000e+00	0.000000e+00	0.000000e+00
8.000000e+02	8.400000e+02	0.000000e+00	0.000000e+00	0.000000e+00
8.400000e+02	8.800000e+02	0.000000e+00	0.000000e+00	0.000000e+00
8.800000e+02	9.200000e+02	0.000000e+00	0.000000e+00	0.000000e+00
9.200000e+02	9.600000e+02	0.000000e+00	0.000000e+00	0.000000e+00
9.600000e+02	1.000000e+03	0.000000e+00	0.000000e+00	0.000000e+00
1.000000e+03	1.040000e+03	0.000000e+00	0.000000e+00	0.000000e+00
1.040000e+03	1.080000e+03	0.000000e+00	0.000000e+00	0.000000e+00
1.080000e+03	1.120000e+03	0.000000e+00	0.000000e+00	0.000000e+00
1.120000e+03	1.160000e+03	0.000000e+00	0.000000e+00	0.000000e+00
1.160000e+03	1.200000e+03	0.000000e+00	0.000000e+00	0.000000e+00
1.200000e+03	1.240000e+03	0.000000e+00	0.000000e+00	0.000000e+00
1.240000e+03	1.280000e+03	0.000000e+00	0.000000e+00	0.000000e+00
1.280000e+03	1.320000e+03	0.000000e+00	0.000000e+00	0.000000e+00
1.320000e+03	1.360000e+03	0.000000e+00	0.000000e+00	0.000000e+00
1.360000e+03	1.400000e+03	0.000000e+00	0.000000e+00	0.000000e+00
1.400000e+03	1.440000e+03	0.000000e+00	0.000000e+00	0.000000e+00
1.440000e+03	1.480000e+03	0.000000e+00	0.000000e+00	0.000000e+00
1.480000e+03	1.520000e+03	0.000000e+00	0.000000e+00	0.000000e+00
1.520000e+03	1.560000e+03	0.000000e+00	0.000000e+00	0.000000e+00
1.560000e+03	1.600000e+03	0.000000e+00	0.000000e+00	0.000000e+00
1.600000e+03	1.640000e+03	0.000000e+00	0.000000e+00	0.000000e+00
1.640000e+03	1.680000e+03	0.000000e+00	0.000000e+00	0.000000e+00
1.680000e+03	1.720000e+03	0.000000e+00	0.000000e+00	0.000000e+00
1.720000e+03	1.760000e+03	0.000000e+00	0.000000e+00	0.000000e+00
1.760000e+03	1.800000e+03	0.000000e+00	0.000000e+00	0.000000e+00
1.800000e+03	1.840000e+03	0.000000e+00	0.000000e+00	0.000000e+00
1.840000e+03	1.880000e+03	0.000000e+00	0.000000e+00	0.000000e+00
1.880000e+03	1.920000e+03	0.000000e+00	0.000000e+00	0.000000e+00
1.920000e+03	1.960000e+03	0.000000e+00	0.000000e+00	0.000000e+00
1.960000e+03	2.000000e+03	0.000000e+00	0.000000e+00	0.000000e+00
2.000000e+03	2.040000e+03	0.000000e+00	0.000000e+00	0.000000e+00
2.040000e+03	2.080000e+03	0.000000e+00	0.000000e+00	0.000000e+00
2.080000e+03	2.120000e+03	0.000000e+00	0.000000e+00	0.000000e+00
2.120000e+03	2.160000e+03	0.000000e+00	0.000000e+00	0.000000e+00
2.160000e+03	2.200000e+03	0.000000e+00	0.000000e+00	0.000000e+00
2.200000e+03	2.240000e+03	0.000000e+00	0.000000e+00	0.000000e+00
2.240000e+03	2.280000e+03	0.000000e+00	0.000000e+00	0.000000e+00
2.280000e+03	2.320000e+03	0.000000e+00	0.000000e+00	0.000000e+00
2.320000e+03	2.360000e+03	0.000000e+00	0.000000e+00	0.000000e+00
2.360000e+03	2.400000e+03	0.000000e+00	0.000000e+00	0.000000e+00
2.400000e+03	2.440000e+03	0.000000e+00	0.000000e+00	0.000000e+00
2.440000e+03	2.480000e+03	0.000000e+00	0.000000e+00	0.000000e+00
2.480000e+03	2.520000e+03	0.000000e+00	0.000000e+00	0.000000e+00
2.520000e+03	2.560000e+03	0.000000e+00	0.000000e+00	0.000000e+00
2.560000e+03	2.600000e+03	0.000000e+00	0.000000e+00	0.000000e+00
2.600000e+03	2.640000e+03	0.000000e+00	0.000000e+00	0.000000e+00
2.640000e+03	2.680000e+03	0.000000e+00	0.000000e+00	0.000000e+00
2.680000e+03	2.720000e+03	0.000000e+00	0.000000e+00	0.000000e+00
2.720000e+03	2.760000e+03	0.000000e+00	0.000000e+00	0.000000e+00
2.760000e+03	2.800000e+03	0.000000e+00	0.000000e+00	0.000000e+00
2.800000e+03	2.840000e+03	0.000000e+00	0.000000e+00	0.000000e+00
2.840000e+03	2.880000e+03	0.000000e+00	0.000000e+00	0.000000e+00
2.880000e+03	2.920000e+03	0.000000e+00	0.000000e+00	0.000000e+00
2.920000e+03	2.960000e+03	0.000000e+00	0.000000e+00	0.000000e+00
2.960000e+03	3.000000e+03	0.000000e+00	0.000000e+00	0.000000e+00
3.000000e+03	3.040000e+03	0.000000e+00	0.000000e+00	0.000000e+00
3.040000e+03	3.080000e+03	0.000000e+00	0.000000e+00	0.000000e+00
3.080000e+03	3.120000e+03	0.000000e+00	0.000000e+00	0.000000e+00
3.120000e+03	3.160000e+03	0.000000e+00	0.000000e+00	0.000000e+00
3.160000e+03	3.200000e+03	0.000000e+00	0.000000e+00	0.000000e+00
3.200000e+03	3.240000e+03	0.000000e+00	0.000000e+00	0.000000e+00
3.240000e+03	3.280000e+03	0.000000e+00	0.000000e+00	0.000000e+00
3.280000e+03	3.320000e+03	0.000000e+00	0.000000e+00	0.000000e+00
3.320000e+03	3.360000e+03	0.000000e+00	0.000000e+00	0.000000e+00
3.360000e+03	3.400000e+03	0.000000e+00	0.000000e+00	0.000000e+00
3.400000e+03	3.440000e+03	0.000000e+00	0.000000e+00	0.000000e+00
3.440000e+03	3.480000e+03	0.000000e+00	0.000000e+00	0.000000e+00
3.480000e+03	3.520000e+03	0.000000e+00	0.000000e+00	0.000000e+00
3.520000e+03	3.560000e+03	0.000000e+00	0.000000e+00	0.000000e+00
3.560000e+03	3.600000e+03	0.000000e+00	0.000000e+00	0.000000e+00
3.600000e+03	3.640000e+03	0.000000e+00	0.000000e+00	0.000000e+00
3.640000e+03	3.680000e+03	0.000000e+00	0.000000e+00	0.000000e+00
3.680000e+03	3.720000e+03	0.000000e+00	0.000000e+00	0.000000e+00
3.720000e+03	3.760000e+03	0.000000e+00	0.000000e+00	0.000000e+00
3.760000e+03	3.800000e+03	0.000000e+00	0.000000e+00	0.000000e+00
3.800000e+03	3.840000e+03	0.000000e+00	0.000000e+00	0.000000e+00
3.840000e+03	3.880000e+03	0.000000e+00	0.000000e+00	0.000000e+00
3.880000e+03	3.920000e+03	0.000000e+00	0.000000e+00	0.000000e+00
3.920000e+03	3.960000e+03	0.000000e+00	0.000000e+00	0.000000e+00
3.960000e+03	4.000000e+03	0.000000e+00	0.000000e+00	0.000000e+00
4.000000e+03	4.040000e+03	0.000000e+00	0.000000e+00	0.000000e+00
4.040000e+03	4.080000e+03	0.000000e+00	0.000000e+00	0.000000e+00
4.080000e+03	4.120000e+03	0.000000e+00	0.000000e+00	0.000000e+00
4.120000e+03	4.160000e+03	0.000000e+00	0.000000e+00	0.000000e+00
4.160000e+03	4.200000e+03	0.000000e+00	0.000000e+00	0.000000e+00
4.200000e+03	4.240000e+03	0.000000e+00	0.000000e+00	0.000000e+00
4.240000e+03	4.280000e+03	0.000000e+00	0.000000e+00	0.000000e+00
4.280000e+03	4.320000e+03	0.000000e+00	0.000000e+00	0.000000e+00
4.320000e+03	4.360000e+03	0.000000e+00	0.000000e+00	0.000000e+00
4.360000e+03	4.400000e+03	0.000000e+00	0.000000e+00	0.000000e+00
4.400000e+03	4.440000e+03	0.000000e+00	0.000000e+00	0.000000e+00
4.440000e+03	4.480000e+03	0.000000e+00	0.000000e+00	0.000000e+00
4.480000e+03	4.520000e+03	0.000000e+00	0.000000e+00	0.000000e+00
4.520000e+03	4.560000e+03	0.000000e+00	0.000000e+00	0.000000e+00
4.560000e+03	4.600000e+03	0.000000e+00	0.000000e+00	0.000000e+00
4.600000e+03	4.640000e+03	0.000000e+00	0.000000e+00	0.000000e+00
4.640000e+03	4.680000e+03	0.000000e+00	0.000000e+00	0.000000e+00
4.680000e+03	4.720000e+03	0.000000e+00	0.000000e+00	0.000000e+00
4.720000e+03	4.760000e+03	0.000000e+00	0.000000e+00	0.000000e+00
4.760000e+03	4.800000e+03	0.000000e+00	0.000000e+00	0.000000e+00
4.800000e+03	4.840000e+03	0.000000e+00	0.000000e+00	0.000000e+00
4.840000e+03	4.880000e+03	0.000000e+00	0.000000e+00	0.000000e+00
4.880000e+03	4.920000e+03	0.000000e+00	0.000000e+00	0.000000e+00
4.920000e+03	4.960000e+03	0.000000e+00	0.000000e+00	0.000000e+00
4.960000e+03	5.000000e+03	0.000000e+00	0.000000e+00	0.000000e+00
5.000000e+03	5.040000e+03	0.000000e+00	0.000000e+00	0.000000e+00
5.040000e+03	5.080000e+03	0.000000e+00	0.000000e+00	0.000000e+00
5.080000e+03	5.120000e+03	0.000000e+00	0.000000e+00	0.000000e+00
5.120000e+03	5.160000e+03	0.000000e+00	0.000000e+00	0.000000e+00
5.160000e+03	5.200000e+03	0.000000e+00	0.000000e+00	0.000000e+00
5.200000e+03	5.240000e+03	0.000000e+00	0.000000e+00	0.000000e+00
5.240000e+03	5.280000e+03	0.000000e+00	0.000000e+00	0.000000e+00
5.280000e+03	5.320000e+03	0.000000e+00	0.000000e+00	0.000000e+00
5.320000e+03	5.360000e+03	0.000000e+00	0.000000e+00	0.000000e+00
5.360000e+03	5.400000e+03	0.000000e+00	0.000000e+00	0.000000e+00
5.400000e+03	5.440000e+03	0.000000e+00	0.000000e+00	0.000000e+00
5.440000e+03	5.480000e+03	0.000000e+00	0.000000e+00	0.000000e+00
5.480000e+03	5.520000e+03	0.000000e+00	0.000000e+00	0.000000e+00
5.520000e+03	5.560000e+03	0.000000e+00	0.000000e+00	0.000000e+00
5.560000e+03	5.600000e+03	0.000000e+00	0.000000e+00	0.000000e+00
5.600000e+03	5.640000e+03	0.000000e+00	0.000000e+00	0.000000e+00
5.640000e+03	5.680000e+03	0.000000e+00	0.000000e+00	0.000000e+00
5.680000e+03	5.720000e+03	0.000000e+00	0.000000e+00	0.000000e+00
5.720000e+03	5.760000e+03	0.000000e+00	0.000000e+00	0.000000e+00
5.760000e+03	5.800000e+03	0.000000e+00	0.000000e+00	0.000000e+00
5.800000e+03	5.840000e+03	0.000000e+00	0.000000e+00	0.000000e+00
5.840000e+03	5.880000e+03	0.000000e+00	0.000000e+00	0.000000e+00
5.880000e+03	5.920000e+03	0.000000e+00	0.000000e+00	0.000000e+00
5.920000e+03	5.960000e+03	0.000000e+00	0.000000e+00	0.000000e+00
5.960000e+03	6.000000e+03	0.000000e+00	0.000000e+00	0.000000e+00
# END HISTO1D

