# BEGIN PLOT
LegendOnly=//homes/tinghua1/higgs-anomalous/Herwig7/gcc11_install_test/plots/H-N2-N3-4-25gev-odd-combine.yoda/MC_H2JETS_04_LOOSE/j3j4_mass //homes/tinghua1/higgs-anomalous/Herwig7/gcc11_install_test/plots/H2Jets-NLOPS-odd-combine.yoda/MC_H2JETS_04_LOOSE/j3j4_mass //homes/tinghua1/higgs-anomalous/Herwig7/gcc11_install_test/plots/H2Jets-NLO-odd-combine.yoda/MC_H2JETS_04_LOOSE/j3j4_mass
DrawOnly=//homes/tinghua1/higgs-anomalous/Herwig7/gcc11_install_test/plots/H-N2-N3-4-25gev-odd-combine.yoda/MC_H2JETS_04_LOOSE/j3j4_mass //homes/tinghua1/higgs-anomalous/Herwig7/gcc11_install_test/plots/H2Jets-NLOPS-odd-combine.yoda/MC_H2JETS_04_LOOSE/j3j4_mass //homes/tinghua1/higgs-anomalous/Herwig7/gcc11_install_test/plots/H2Jets-NLO-odd-combine.yoda/MC_H2JETS_04_LOOSE/j3j4_mass
RightMargin=0.5
RatioPlotReference=//homes/tinghua1/higgs-anomalous/Herwig7/gcc11_install_test/plots/H-N2-N3-4-25gev-odd-combine.yoda/MC_H2JETS_04_LOOSE/j3j4_mass
RatioPlot=1
LogY=1
RatioPlotYMax=2.0
RatioPlotYLabel=Ratio
XLabel=$m_{j_3j_4}$ (GeV)
LegendAlign=r
XMax=1000
YLabel=$ \text{d} \sigma/ \text{d}  m_{j_3j_4}$ (pb/GeV)
Legend=1
RatioPlotYMin=0.0
# END PLOT


# BEGIN SPECIAL /MC_H2JETS_04_LOOSE/j3j4_mass
\rput[tl](0.05,0.75){\parbox{5cm}{\textcolor{gray}{{\bf Herwig 7.2.3} \\ VBFNLO 3.0.0}}}
# END SPECIAL

# BEGIN HISTO1D //homes/tinghua1/higgs-anomalous/Herwig7/gcc11_install_test/plots/H-N2-N3-4-25gev-odd-combine.yoda/MC_H2JETS_04_LOOSE/j3j4_mass
ErrorBandColor=red
ErrorBandOpacity=0.3
ErrorBands=1
ErrorBars=1
ErrorType=env
LineColor=red
LineStyle=solid
Path=//homes/tinghua1/higgs-anomalous/Herwig7/gcc11_install_test/plots/H-N2-N3-4-25gev-odd-combine.yoda/MC_H2JETS_04_LOOSE/j3j4_mass
RatioPlotSameStyle=1
Title=h(2*,3*,4)
# xlow	 xhigh	 val	 errminus	 errplus
0.000000e+00	4.000000e+01	2.139616e-04	0.000000e+00	3.271097e-05
4.000000e+01	8.000000e+01	3.656273e-04	0.000000e+00	5.362100e-05
8.000000e+01	1.200000e+02	2.772575e-04	0.000000e+00	3.469075e-05
1.200000e+02	1.600000e+02	1.758894e-04	0.000000e+00	3.049265e-05
1.600000e+02	2.000000e+02	1.257311e-04	0.000000e+00	6.662250e-05
2.000000e+02	2.400000e+02	9.259510e-05	0.000000e+00	4.705875e-06
2.400000e+02	2.800000e+02	7.310422e-05	0.000000e+00	1.496155e-05
2.800000e+02	3.200000e+02	5.800860e-05	0.000000e+00	8.847500e-06
3.200000e+02	3.600000e+02	4.964540e-05	0.000000e+00	5.044625e-06
3.600000e+02	4.000000e+02	4.172560e-05	0.000000e+00	5.215975e-06
4.000000e+02	4.400000e+02	3.422980e-05	0.000000e+00	6.876525e-06
4.400000e+02	4.800000e+02	3.038835e-05	0.000000e+00	2.648850e-06
4.800000e+02	5.200000e+02	2.484571e-05	0.000000e+00	3.956635e-06
5.200000e+02	5.600000e+02	2.134674e-05	0.000000e+00	3.923788e-06
5.600000e+02	6.000000e+02	1.815273e-05	0.000000e+00	2.839213e-06
6.000000e+02	6.400000e+02	1.501506e-05	0.000000e+00	3.474130e-06
6.400000e+02	6.800000e+02	1.448890e-05	4.688250e-07	1.046870e-06
6.800000e+02	7.200000e+02	1.190240e-05	0.000000e+00	8.424100e-07
7.200000e+02	7.600000e+02	4.544045e-06	0.000000e+00	7.739720e-06
7.600000e+02	8.000000e+02	9.664750e-06	0.000000e+00	8.478325e-07
8.000000e+02	8.400000e+02	8.430283e-06	4.050310e-06	1.257013e-06
8.400000e+02	8.800000e+02	6.875980e-06	0.000000e+00	1.080842e-06
8.800000e+02	9.200000e+02	5.980297e-06	0.000000e+00	1.701350e-06
9.200000e+02	9.600000e+02	6.159050e-06	6.794750e-07	4.280250e-08
9.600000e+02	1.000000e+03	4.711620e-06	0.000000e+00	9.893575e-07
1.000000e+03	1.040000e+03	4.382290e-06	0.000000e+00	6.112295e-06
1.040000e+03	1.080000e+03	3.999785e-06	0.000000e+00	1.188890e-06
1.080000e+03	1.120000e+03	3.069017e-06	0.000000e+00	8.437575e-07
1.120000e+03	1.160000e+03	3.173437e-06	1.880525e-07	1.980400e-07
1.160000e+03	1.200000e+03	2.738308e-06	9.053250e-08	1.465450e-07
1.200000e+03	1.240000e+03	2.370148e-06	0.000000e+00	6.296398e-07
1.240000e+03	1.280000e+03	1.954359e-06	0.000000e+00	7.065438e-07
1.280000e+03	1.320000e+03	2.317540e-06	1.581248e-07	0.000000e+00
1.320000e+03	1.360000e+03	1.346379e-06	0.000000e+00	6.468395e-07
1.360000e+03	1.400000e+03	1.353396e-06	0.000000e+00	5.213262e-07
1.400000e+03	1.440000e+03	1.230450e-06	0.000000e+00	8.430720e-07
1.440000e+03	1.480000e+03	1.315614e-06	2.568875e-08	0.000000e+00
1.480000e+03	1.520000e+03	9.631325e-07	0.000000e+00	2.036002e-07
1.520000e+03	1.560000e+03	8.334563e-07	0.000000e+00	3.675600e-07
1.560000e+03	1.600000e+03	8.987870e-07	0.000000e+00	1.769280e-07
1.600000e+03	1.640000e+03	8.220090e-07	2.806223e-06	0.000000e+00
1.640000e+03	1.680000e+03	2.932598e-07	0.000000e+00	6.409605e-07
1.680000e+03	1.720000e+03	6.827482e-07	1.979675e-08	6.690775e-08
1.720000e+03	1.760000e+03	5.246622e-07	3.067400e-08	2.613175e-07
1.760000e+03	1.800000e+03	4.846835e-07	0.000000e+00	1.128035e-07
1.800000e+03	1.840000e+03	5.246328e-07	1.876878e-07	1.323695e-07
1.840000e+03	1.880000e+03	4.258947e-07	3.796250e-08	2.711575e-08
1.880000e+03	1.920000e+03	3.199560e-07	0.000000e+00	9.167050e-08
1.920000e+03	1.960000e+03	3.582480e-07	0.000000e+00	2.109450e-08
1.960000e+03	2.000000e+03	2.380003e-07	0.000000e+00	1.587190e-07
2.000000e+03	2.040000e+03	3.217522e-07	2.590248e-07	1.170120e-07
2.040000e+03	2.080000e+03	2.674558e-07	0.000000e+00	3.357275e-08
2.080000e+03	2.120000e+03	2.284218e-07	0.000000e+00	7.389548e-08
2.120000e+03	2.160000e+03	1.814005e-07	4.427750e-10	4.897302e-08
2.160000e+03	2.200000e+03	1.829115e-07	0.000000e+00	1.431467e-08
2.200000e+03	2.240000e+03	1.733823e-07	8.937750e-10	2.325307e-08
2.240000e+03	2.280000e+03	1.714513e-07	3.516815e-08	1.361472e-08
2.280000e+03	2.320000e+03	2.959785e-07	1.586299e-07	0.000000e+00
2.320000e+03	2.360000e+03	7.519435e-08	0.000000e+00	8.612712e-08
2.360000e+03	2.400000e+03	1.105579e-07	2.274420e-08	0.000000e+00
2.400000e+03	2.440000e+03	8.857895e-08	0.000000e+00	9.013955e-08
2.440000e+03	2.480000e+03	6.059700e-08	0.000000e+00	2.588650e-08
2.480000e+03	2.520000e+03	1.016323e-07	8.520750e-10	9.536843e-08
2.520000e+03	2.560000e+03	7.473393e-08	0.000000e+00	4.806677e-08
2.560000e+03	2.600000e+03	7.750205e-08	4.637775e-09	4.049675e-09
2.600000e+03	2.640000e+03	6.962148e-08	0.000000e+00	9.536978e-08
2.640000e+03	2.680000e+03	5.713187e-08	0.000000e+00	2.749455e-08
2.680000e+03	2.720000e+03	5.691522e-08	1.610425e-09	3.907552e-08
2.720000e+03	2.760000e+03	5.123363e-08	0.000000e+00	5.569575e-09
2.760000e+03	2.800000e+03	1.629553e-08	0.000000e+00	7.162515e-08
2.800000e+03	2.840000e+03	5.695200e-08	1.578913e-08	0.000000e+00
2.840000e+03	2.880000e+03	3.388308e-08	4.139300e-09	2.195647e-08
2.880000e+03	2.920000e+03	4.048360e-08	2.395250e-09	7.880825e-09
2.920000e+03	2.960000e+03	2.756892e-08	0.000000e+00	8.538825e-09
2.960000e+03	3.000000e+03	-3.674958e-08	0.000000e+00	7.664878e-08
3.000000e+03	3.040000e+03	2.228636e-08	8.474377e-09	1.487272e-08
3.040000e+03	3.080000e+03	2.468187e-08	0.000000e+00	5.541910e-09
3.080000e+03	3.120000e+03	1.924882e-08	0.000000e+00	9.977583e-09
3.120000e+03	3.160000e+03	2.115166e-08	2.840650e-09	6.424362e-09
3.160000e+03	3.200000e+03	1.947330e-08	5.986733e-09	0.000000e+00
3.200000e+03	3.240000e+03	1.364232e-08	2.854290e-09	4.297780e-08
3.240000e+03	3.280000e+03	1.322202e-08	3.451035e-09	8.024435e-09
3.280000e+03	3.320000e+03	7.221413e-09	0.000000e+00	7.798908e-09
3.320000e+03	3.360000e+03	1.254973e-08	0.000000e+00	5.942115e-09
3.360000e+03	3.400000e+03	1.064276e-08	2.656839e-08	6.273013e-09
3.400000e+03	3.440000e+03	9.876560e-09	0.000000e+00	1.122959e-08
3.440000e+03	3.480000e+03	1.297632e-08	1.376010e-09	3.020115e-09
3.480000e+03	3.520000e+03	8.350900e-09	4.736490e-09	1.268178e-09
3.520000e+03	3.560000e+03	3.453845e-09	0.000000e+00	8.743745e-09
3.560000e+03	3.600000e+03	8.679948e-09	2.361093e-09	4.611853e-07
3.600000e+03	3.640000e+03	4.769737e-09	0.000000e+00	6.261213e-09
3.640000e+03	3.680000e+03	7.027660e-09	4.635090e-09	1.650720e-09
3.680000e+03	3.720000e+03	6.920333e-09	0.000000e+00	5.078750e-11
3.720000e+03	3.760000e+03	-1.061150e-08	0.000000e+00	2.125377e-08
3.760000e+03	3.800000e+03	4.769960e-09	4.968350e-10	1.737725e-10
3.800000e+03	3.840000e+03	4.784883e-09	0.000000e+00	2.789565e-09
3.840000e+03	3.880000e+03	3.145015e-09	0.000000e+00	3.480212e-09
3.880000e+03	3.920000e+03	1.381897e-11	0.000000e+00	2.416002e-08
3.920000e+03	3.960000e+03	1.126423e-09	0.000000e+00	4.018562e-09
3.960000e+03	4.000000e+03	3.350285e-09	3.975275e-09	1.011725e-10
4.000000e+03	4.040000e+03	2.795088e-09	7.805442e-10	2.351750e-11
4.040000e+03	4.080000e+03	2.970852e-09	0.000000e+00	9.107925e-10
4.080000e+03	4.120000e+03	1.193733e-09	0.000000e+00	2.329025e-09
4.120000e+03	4.160000e+03	2.670222e-09	1.161384e-09	2.050435e-09
4.160000e+03	4.200000e+03	2.470120e-09	9.126075e-11	3.297725e-10
4.200000e+03	4.240000e+03	1.709025e-09	1.420538e-10	1.605725e-10
4.240000e+03	4.280000e+03	3.162527e-10	0.000000e+00	4.036265e-09
4.280000e+03	4.320000e+03	1.322316e-09	0.000000e+00	1.258261e-09
4.320000e+03	4.360000e+03	7.366670e-10	0.000000e+00	2.187716e-09
4.360000e+03	4.400000e+03	1.391048e-09	1.915426e-09	2.070813e-10
4.400000e+03	4.440000e+03	1.520305e-09	6.418373e-10	4.412120e-10
4.440000e+03	4.480000e+03	1.257132e-09	4.132300e-11	3.993550e-10
4.480000e+03	4.520000e+03	1.218416e-09	1.577900e-11	8.427003e-10
4.520000e+03	4.560000e+03	6.247498e-10	0.000000e+00	5.976375e-10
4.560000e+03	4.600000e+03	6.661850e-10	4.767272e-10	3.724595e-10
4.600000e+03	4.640000e+03	1.752488e-10	2.133045e-09	3.616917e-10
4.640000e+03	4.680000e+03	5.995380e-10	0.000000e+00	7.360230e-10
4.680000e+03	4.720000e+03	8.787938e-10	9.719225e-11	0.000000e+00
4.720000e+03	4.760000e+03	1.028346e-09	8.066991e-10	0.000000e+00
4.760000e+03	4.800000e+03	5.373715e-10	2.546368e-09	1.217095e-10
4.800000e+03	4.840000e+03	4.862175e-10	3.033175e-11	0.000000e+00
4.840000e+03	4.880000e+03	4.530547e-10	0.000000e+00	6.875950e-11
4.880000e+03	4.920000e+03	3.674392e-10	0.000000e+00	2.667667e-10
4.920000e+03	4.960000e+03	6.787928e-10	3.325133e-10	0.000000e+00
4.960000e+03	5.000000e+03	7.553950e-10	1.130756e-09	0.000000e+00
5.000000e+03	5.040000e+03	3.744790e-10	1.333389e-10	6.303625e-11
5.040000e+03	5.080000e+03	1.626977e-10	1.713620e-10	2.994490e-11
5.080000e+03	5.120000e+03	2.527228e-10	7.998392e-10	7.298175e-11
5.120000e+03	5.160000e+03	7.431597e-10	1.081576e-09	0.000000e+00
5.160000e+03	5.200000e+03	2.425458e-10	0.000000e+00	8.750295e-11
5.200000e+03	5.240000e+03	3.226340e-10	1.140082e-10	8.402475e-11
5.240000e+03	5.280000e+03	2.014292e-09	1.692083e-09	0.000000e+00
5.280000e+03	5.320000e+03	1.662862e-10	1.666506e-10	1.207840e-09
5.320000e+03	5.360000e+03	1.959787e-10	1.137095e-11	4.170327e-11
5.360000e+03	5.400000e+03	2.094868e-10	4.911278e-11	1.271362e-11
5.400000e+03	5.440000e+03	1.659672e-10	0.000000e+00	3.480703e-10
5.440000e+03	5.480000e+03	1.330495e-10	1.362096e-10	1.973013e-11
5.480000e+03	5.520000e+03	1.640933e-10	5.882146e-10	0.000000e+00
5.520000e+03	5.560000e+03	8.123160e-11	0.000000e+00	4.195672e-11
5.560000e+03	5.600000e+03	1.680640e-10	9.385470e-11	0.000000e+00
5.600000e+03	5.640000e+03	2.813358e-11	0.000000e+00	1.514466e-10
5.640000e+03	5.680000e+03	6.715720e-11	0.000000e+00	4.182287e-11
5.680000e+03	5.720000e+03	6.697170e-11	0.000000e+00	1.347937e-10
5.720000e+03	5.760000e+03	1.130091e-10	9.673622e-11	4.077253e-11
5.760000e+03	5.800000e+03	5.527550e-11	8.256190e-11	9.624275e-11
5.800000e+03	5.840000e+03	5.420057e-11	3.743302e-11	5.530703e-11
5.840000e+03	5.880000e+03	5.645223e-11	4.881280e-10	0.000000e+00
5.880000e+03	5.920000e+03	4.494832e-11	3.953408e-10	1.961054e-10
5.920000e+03	5.960000e+03	3.244707e-10	2.872104e-10	0.000000e+00
5.960000e+03	6.000000e+03	-1.608653e-12	0.000000e+00	4.960825e-11
# END HISTO1D


# BEGIN HISTO1D //homes/tinghua1/higgs-anomalous/Herwig7/gcc11_install_test/plots/H2Jets-NLOPS-odd-combine.yoda/MC_H2JETS_04_LOOSE/j3j4_mass
ErrorBandColor=green
ErrorBandOpacity=0.3
ErrorBands=1
ErrorBars=1
ErrorType=env
LineColor=green
LineStyle=solid
Path=//homes/tinghua1/higgs-anomalous/Herwig7/gcc11_install_test/plots/H2Jets-NLOPS-odd-combine.yoda/MC_H2JETS_04_LOOSE/j3j4_mass
RatioPlotSameStyle=1
Title=h(2*) $\oplus$ PS
# xlow	 xhigh	 val	 errminus	 errplus
0.000000e+00	4.000000e+01	1.582745e-04	0.000000e+00	5.065058e-05
4.000000e+01	8.000000e+01	2.517340e-04	0.000000e+00	8.285175e-05
8.000000e+01	1.200000e+02	1.777808e-04	0.000000e+00	5.456150e-05
1.200000e+02	1.600000e+02	1.167136e-04	0.000000e+00	3.595645e-05
1.600000e+02	2.000000e+02	8.259907e-05	0.000000e+00	2.590965e-05
2.000000e+02	2.400000e+02	6.212277e-05	0.000000e+00	2.016012e-05
2.400000e+02	2.800000e+02	4.903360e-05	0.000000e+00	1.589953e-05
2.800000e+02	3.200000e+02	3.956623e-05	0.000000e+00	1.339295e-05
3.200000e+02	3.600000e+02	3.249980e-05	0.000000e+00	1.111345e-05
3.600000e+02	4.000000e+02	2.702255e-05	0.000000e+00	9.507375e-06
4.000000e+02	4.400000e+02	2.291904e-05	0.000000e+00	7.770885e-06
4.400000e+02	4.800000e+02	1.921958e-05	0.000000e+00	7.244295e-06
4.800000e+02	5.200000e+02	1.634949e-05	0.000000e+00	5.907810e-06
5.200000e+02	5.600000e+02	1.394669e-05	0.000000e+00	5.155810e-06
5.600000e+02	6.000000e+02	1.205880e-05	0.000000e+00	4.344577e-06
6.000000e+02	6.400000e+02	1.040481e-05	0.000000e+00	3.756598e-06
6.400000e+02	6.800000e+02	8.884677e-06	0.000000e+00	3.464145e-06
6.800000e+02	7.200000e+02	7.799112e-06	0.000000e+00	2.774253e-06
7.200000e+02	7.600000e+02	6.688255e-06	0.000000e+00	2.590077e-06
7.600000e+02	8.000000e+02	5.905665e-06	0.000000e+00	2.205788e-06
8.000000e+02	8.400000e+02	5.158993e-06	0.000000e+00	1.944072e-06
8.400000e+02	8.800000e+02	4.473340e-06	0.000000e+00	1.735833e-06
8.800000e+02	9.200000e+02	3.966750e-06	0.000000e+00	1.415903e-06
9.200000e+02	9.600000e+02	3.508360e-06	0.000000e+00	1.251173e-06
9.600000e+02	1.000000e+03	3.066022e-06	0.000000e+00	1.088775e-06
1.000000e+03	1.040000e+03	2.678592e-06	0.000000e+00	1.042658e-06
1.040000e+03	1.080000e+03	2.357346e-06	0.000000e+00	9.163192e-07
1.080000e+03	1.120000e+03	2.101056e-06	0.000000e+00	8.633767e-07
1.120000e+03	1.160000e+03	1.868565e-06	0.000000e+00	7.051523e-07
1.160000e+03	1.200000e+03	1.656147e-06	0.000000e+00	6.898555e-07
1.200000e+03	1.240000e+03	1.463871e-06	0.000000e+00	5.912672e-07
1.240000e+03	1.280000e+03	1.292070e-06	0.000000e+00	5.069752e-07
1.280000e+03	1.320000e+03	1.130461e-06	0.000000e+00	5.216820e-07
1.320000e+03	1.360000e+03	1.042037e-06	0.000000e+00	4.123420e-07
1.360000e+03	1.400000e+03	9.312178e-07	0.000000e+00	4.112005e-07
1.400000e+03	1.440000e+03	7.845355e-07	0.000000e+00	3.776090e-07
1.440000e+03	1.480000e+03	7.303775e-07	0.000000e+00	2.922568e-07
1.480000e+03	1.520000e+03	6.609127e-07	0.000000e+00	2.594837e-07
1.520000e+03	1.560000e+03	5.868968e-07	0.000000e+00	2.528045e-07
1.560000e+03	1.600000e+03	5.348740e-07	0.000000e+00	2.254420e-07
1.600000e+03	1.640000e+03	4.831890e-07	0.000000e+00	1.711117e-07
1.640000e+03	1.680000e+03	4.460260e-07	0.000000e+00	1.525600e-07
1.680000e+03	1.720000e+03	3.882118e-07	0.000000e+00	1.655063e-07
1.720000e+03	1.760000e+03	3.589840e-07	0.000000e+00	1.229792e-07
1.760000e+03	1.800000e+03	3.142457e-07	0.000000e+00	1.322803e-07
1.800000e+03	1.840000e+03	2.775600e-07	0.000000e+00	1.119625e-07
1.840000e+03	1.880000e+03	2.531040e-07	0.000000e+00	9.114325e-08
1.880000e+03	1.920000e+03	2.188979e-07	0.000000e+00	9.406055e-08
1.920000e+03	1.960000e+03	2.039880e-07	0.000000e+00	8.452825e-08
1.960000e+03	2.000000e+03	1.851614e-07	0.000000e+00	6.844457e-08
2.000000e+03	2.040000e+03	1.641676e-07	0.000000e+00	9.163410e-08
2.040000e+03	2.080000e+03	1.528735e-07	0.000000e+00	5.515270e-08
2.080000e+03	2.120000e+03	1.341986e-07	0.000000e+00	6.273930e-08
2.120000e+03	2.160000e+03	1.292021e-07	0.000000e+00	4.674078e-08
2.160000e+03	2.200000e+03	1.127980e-07	0.000000e+00	4.514837e-08
2.200000e+03	2.240000e+03	1.092230e-07	0.000000e+00	3.502945e-08
2.240000e+03	2.280000e+03	9.019057e-08	0.000000e+00	3.818303e-08
2.280000e+03	2.320000e+03	8.693055e-08	0.000000e+00	2.624765e-08
2.320000e+03	2.360000e+03	7.017875e-08	0.000000e+00	3.608150e-08
2.360000e+03	2.400000e+03	6.260880e-08	0.000000e+00	3.427962e-08
2.400000e+03	2.440000e+03	5.618998e-08	0.000000e+00	4.070420e-08
2.440000e+03	2.480000e+03	5.613030e-08	0.000000e+00	2.174408e-08
2.480000e+03	2.520000e+03	5.211085e-08	0.000000e+00	2.309980e-08
2.520000e+03	2.560000e+03	4.743852e-08	0.000000e+00	1.794815e-08
2.560000e+03	2.600000e+03	4.702282e-08	0.000000e+00	1.518030e-08
2.600000e+03	2.640000e+03	4.023663e-08	0.000000e+00	1.418447e-08
2.640000e+03	2.680000e+03	3.626168e-08	0.000000e+00	1.540572e-08
2.680000e+03	2.720000e+03	3.168175e-08	0.000000e+00	1.605285e-08
2.720000e+03	2.760000e+03	3.235315e-08	0.000000e+00	6.356750e-09
2.760000e+03	2.800000e+03	2.855690e-08	0.000000e+00	1.065750e-08
2.800000e+03	2.840000e+03	2.541330e-08	0.000000e+00	8.134825e-09
2.840000e+03	2.880000e+03	1.847973e-08	0.000000e+00	1.566765e-08
2.880000e+03	2.920000e+03	1.997393e-08	0.000000e+00	9.335315e-09
2.920000e+03	2.960000e+03	1.792712e-08	0.000000e+00	8.691305e-09
2.960000e+03	3.000000e+03	1.673638e-08	0.000000e+00	7.597137e-09
3.000000e+03	3.040000e+03	1.562863e-08	0.000000e+00	6.251493e-09
3.040000e+03	3.080000e+03	1.285695e-08	0.000000e+00	8.061790e-09
3.080000e+03	3.120000e+03	1.338774e-08	0.000000e+00	7.741447e-09
3.120000e+03	3.160000e+03	1.052133e-08	0.000000e+00	6.500573e-09
3.160000e+03	3.200000e+03	9.455518e-09	0.000000e+00	4.434692e-09
3.200000e+03	3.240000e+03	9.102255e-09	0.000000e+00	6.828328e-09
3.240000e+03	3.280000e+03	7.995677e-09	0.000000e+00	2.709420e-09
3.280000e+03	3.320000e+03	8.252177e-09	0.000000e+00	2.666993e-09
3.320000e+03	3.360000e+03	6.885245e-09	0.000000e+00	3.400447e-09
3.360000e+03	3.400000e+03	8.089710e-09	0.000000e+00	1.809220e-09
3.400000e+03	3.440000e+03	4.686150e-09	0.000000e+00	4.190428e-09
3.440000e+03	3.480000e+03	5.648163e-09	0.000000e+00	3.612608e-09
3.480000e+03	3.520000e+03	4.994772e-09	0.000000e+00	1.785320e-09
3.520000e+03	3.560000e+03	4.097065e-09	0.000000e+00	3.606550e-09
3.560000e+03	3.600000e+03	4.293575e-09	0.000000e+00	1.755272e-09
3.600000e+03	3.640000e+03	3.595523e-09	0.000000e+00	1.911227e-09
3.640000e+03	3.680000e+03	3.592737e-09	0.000000e+00	1.870762e-09
3.680000e+03	3.720000e+03	3.050600e-09	0.000000e+00	1.507540e-09
3.720000e+03	3.760000e+03	2.229542e-09	0.000000e+00	2.387380e-09
3.760000e+03	3.800000e+03	3.354265e-09	4.423275e-10	0.000000e+00
3.800000e+03	3.840000e+03	2.617857e-09	0.000000e+00	9.887775e-10
3.840000e+03	3.880000e+03	2.529820e-09	2.207993e-10	1.186812e-09
3.880000e+03	3.920000e+03	1.453088e-09	0.000000e+00	5.495275e-10
3.920000e+03	3.960000e+03	2.176966e-09	5.110452e-10	3.767813e-10
3.960000e+03	4.000000e+03	1.778743e-09	0.000000e+00	8.359067e-10
4.000000e+03	4.040000e+03	1.246049e-09	0.000000e+00	1.397289e-09
4.040000e+03	4.080000e+03	1.493995e-09	2.180247e-10	8.948285e-10
4.080000e+03	4.120000e+03	1.443430e-09	6.520975e-11	1.140788e-09
4.120000e+03	4.160000e+03	1.236837e-09	0.000000e+00	4.967800e-10
4.160000e+03	4.200000e+03	9.826755e-10	0.000000e+00	1.097281e-09
4.200000e+03	4.240000e+03	9.470237e-10	0.000000e+00	7.022890e-10
4.240000e+03	4.280000e+03	8.145553e-10	3.576520e-10	2.230442e-10
4.280000e+03	4.320000e+03	8.232492e-10	0.000000e+00	4.841578e-10
4.320000e+03	4.360000e+03	8.563303e-10	1.156645e-10	2.654502e-10
4.360000e+03	4.400000e+03	1.068672e-09	1.620538e-10	0.000000e+00
4.400000e+03	4.440000e+03	7.335990e-10	7.083250e-11	2.990988e-10
4.440000e+03	4.480000e+03	6.770503e-10	0.000000e+00	1.219820e-10
4.480000e+03	4.520000e+03	3.796965e-10	0.000000e+00	6.887780e-10
4.520000e+03	4.560000e+03	4.931478e-10	0.000000e+00	1.391847e-10
4.560000e+03	4.600000e+03	7.941563e-10	3.429495e-10	0.000000e+00
4.600000e+03	4.640000e+03	3.230712e-10	0.000000e+00	2.992022e-10
4.640000e+03	4.680000e+03	3.423547e-10	0.000000e+00	1.266732e-10
4.680000e+03	4.720000e+03	4.641635e-10	6.185000e-11	2.869538e-10
4.720000e+03	4.760000e+03	3.429590e-10	7.101900e-11	0.000000e+00
4.760000e+03	4.800000e+03	2.560982e-10	0.000000e+00	4.848250e-10
4.800000e+03	4.840000e+03	2.578810e-10	0.000000e+00	3.305280e-10
4.840000e+03	4.880000e+03	2.488109e-10	0.000000e+00	5.714716e-10
4.880000e+03	4.920000e+03	3.358750e-10	1.354332e-10	1.260558e-10
4.920000e+03	4.960000e+03	2.817957e-10	8.063010e-11	2.077500e-13
4.960000e+03	5.000000e+03	1.921825e-10	0.000000e+00	2.254215e-10
5.000000e+03	5.040000e+03	1.688079e-10	0.000000e+00	1.419414e-10
5.040000e+03	5.080000e+03	6.710628e-11	0.000000e+00	1.936265e-10
5.080000e+03	5.120000e+03	1.123403e-10	0.000000e+00	1.294935e-10
5.120000e+03	5.160000e+03	2.155449e-10	6.569723e-11	0.000000e+00
5.160000e+03	5.200000e+03	1.272966e-10	6.275275e-12	0.000000e+00
5.200000e+03	5.240000e+03	5.617970e-11	0.000000e+00	2.531053e-10
5.240000e+03	5.280000e+03	1.061669e-10	0.000000e+00	4.226015e-11
5.280000e+03	5.320000e+03	3.434768e-10	1.945873e-10	0.000000e+00
5.320000e+03	5.360000e+03	5.039333e-11	0.000000e+00	1.505247e-10
5.360000e+03	5.400000e+03	1.000670e-10	6.846170e-11	0.000000e+00
5.400000e+03	5.440000e+03	5.983057e-11	3.660640e-11	1.114268e-10
5.440000e+03	5.480000e+03	5.976195e-11	2.384325e-12	6.108697e-11
5.480000e+03	5.520000e+03	6.535445e-11	3.400605e-11	1.793561e-10
5.520000e+03	5.560000e+03	6.003712e-11	0.000000e+00	1.074583e-11
5.560000e+03	5.600000e+03	1.343875e-11	3.012365e-12	0.000000e+00
5.600000e+03	5.640000e+03	1.393781e-10	7.496500e-11	6.096500e-13
5.640000e+03	5.680000e+03	9.248675e-12	0.000000e+00	7.869385e-11
5.680000e+03	5.720000e+03	2.245476e-11	0.000000e+00	8.657799e-11
5.720000e+03	5.760000e+03	2.025039e-11	0.000000e+00	5.993568e-11
5.760000e+03	5.800000e+03	1.813804e-11	0.000000e+00	9.245954e-11
5.800000e+03	5.840000e+03	1.774663e-11	0.000000e+00	8.596322e-11
5.840000e+03	5.880000e+03	1.774177e-11	0.000000e+00	6.891596e-11
5.880000e+03	5.920000e+03	1.407020e-11	1.956590e-12	3.567223e-11
5.920000e+03	5.960000e+03	1.182855e-11	0.000000e+00	5.292407e-11
5.960000e+03	6.000000e+03	6.480632e-12	0.000000e+00	3.703569e-11
# END HISTO1D


# BEGIN HISTO1D //homes/tinghua1/higgs-anomalous/Herwig7/gcc11_install_test/plots/H2Jets-NLO-odd-combine.yoda/MC_H2JETS_04_LOOSE/j3j4_mass
ErrorBandColor=orange
ErrorBandOpacity=0.3
ErrorBands=1
ErrorBars=1
ErrorType=env
LineColor=orange
LineStyle=solid
Path=//homes/tinghua1/higgs-anomalous/Herwig7/gcc11_install_test/plots/H2Jets-NLO-odd-combine.yoda/MC_H2JETS_04_LOOSE/j3j4_mass
RatioPlotSameStyle=1
Title=h(2*)-FO
# xlow	 xhigh	 val	 errminus	 errplus
0.000000e+00	4.000000e+01	0.000000e+00	0.000000e+00	0.000000e+00
4.000000e+01	8.000000e+01	0.000000e+00	0.000000e+00	0.000000e+00
8.000000e+01	1.200000e+02	0.000000e+00	0.000000e+00	0.000000e+00
1.200000e+02	1.600000e+02	0.000000e+00	0.000000e+00	0.000000e+00
1.600000e+02	2.000000e+02	0.000000e+00	0.000000e+00	0.000000e+00
2.000000e+02	2.400000e+02	0.000000e+00	0.000000e+00	0.000000e+00
2.400000e+02	2.800000e+02	0.000000e+00	0.000000e+00	0.000000e+00
2.800000e+02	3.200000e+02	0.000000e+00	0.000000e+00	0.000000e+00
3.200000e+02	3.600000e+02	0.000000e+00	0.000000e+00	0.000000e+00
3.600000e+02	4.000000e+02	0.000000e+00	0.000000e+00	0.000000e+00
4.000000e+02	4.400000e+02	0.000000e+00	0.000000e+00	0.000000e+00
4.400000e+02	4.800000e+02	0.000000e+00	0.000000e+00	0.000000e+00
4.800000e+02	5.200000e+02	0.000000e+00	0.000000e+00	0.000000e+00
5.200000e+02	5.600000e+02	0.000000e+00	0.000000e+00	0.000000e+00
5.600000e+02	6.000000e+02	0.000000e+00	0.000000e+00	0.000000e+00
6.000000e+02	6.400000e+02	0.000000e+00	0.000000e+00	0.000000e+00
6.400000e+02	6.800000e+02	0.000000e+00	0.000000e+00	0.000000e+00
6.800000e+02	7.200000e+02	0.000000e+00	0.000000e+00	0.000000e+00
7.200000e+02	7.600000e+02	0.000000e+00	0.000000e+00	0.000000e+00
7.600000e+02	8.000000e+02	0.000000e+00	0.000000e+00	0.000000e+00
8.000000e+02	8.400000e+02	0.000000e+00	0.000000e+00	0.000000e+00
8.400000e+02	8.800000e+02	0.000000e+00	0.000000e+00	0.000000e+00
8.800000e+02	9.200000e+02	0.000000e+00	0.000000e+00	0.000000e+00
9.200000e+02	9.600000e+02	0.000000e+00	0.000000e+00	0.000000e+00
9.600000e+02	1.000000e+03	0.000000e+00	0.000000e+00	0.000000e+00
1.000000e+03	1.040000e+03	0.000000e+00	0.000000e+00	0.000000e+00
1.040000e+03	1.080000e+03	0.000000e+00	0.000000e+00	0.000000e+00
1.080000e+03	1.120000e+03	0.000000e+00	0.000000e+00	0.000000e+00
1.120000e+03	1.160000e+03	0.000000e+00	0.000000e+00	0.000000e+00
1.160000e+03	1.200000e+03	0.000000e+00	0.000000e+00	0.000000e+00
1.200000e+03	1.240000e+03	0.000000e+00	0.000000e+00	0.000000e+00
1.240000e+03	1.280000e+03	0.000000e+00	0.000000e+00	0.000000e+00
1.280000e+03	1.320000e+03	0.000000e+00	0.000000e+00	0.000000e+00
1.320000e+03	1.360000e+03	0.000000e+00	0.000000e+00	0.000000e+00
1.360000e+03	1.400000e+03	0.000000e+00	0.000000e+00	0.000000e+00
1.400000e+03	1.440000e+03	0.000000e+00	0.000000e+00	0.000000e+00
1.440000e+03	1.480000e+03	0.000000e+00	0.000000e+00	0.000000e+00
1.480000e+03	1.520000e+03	0.000000e+00	0.000000e+00	0.000000e+00
1.520000e+03	1.560000e+03	0.000000e+00	0.000000e+00	0.000000e+00
1.560000e+03	1.600000e+03	0.000000e+00	0.000000e+00	0.000000e+00
1.600000e+03	1.640000e+03	0.000000e+00	0.000000e+00	0.000000e+00
1.640000e+03	1.680000e+03	0.000000e+00	0.000000e+00	0.000000e+00
1.680000e+03	1.720000e+03	0.000000e+00	0.000000e+00	0.000000e+00
1.720000e+03	1.760000e+03	0.000000e+00	0.000000e+00	0.000000e+00
1.760000e+03	1.800000e+03	0.000000e+00	0.000000e+00	0.000000e+00
1.800000e+03	1.840000e+03	0.000000e+00	0.000000e+00	0.000000e+00
1.840000e+03	1.880000e+03	0.000000e+00	0.000000e+00	0.000000e+00
1.880000e+03	1.920000e+03	0.000000e+00	0.000000e+00	0.000000e+00
1.920000e+03	1.960000e+03	0.000000e+00	0.000000e+00	0.000000e+00
1.960000e+03	2.000000e+03	0.000000e+00	0.000000e+00	0.000000e+00
2.000000e+03	2.040000e+03	0.000000e+00	0.000000e+00	0.000000e+00
2.040000e+03	2.080000e+03	0.000000e+00	0.000000e+00	0.000000e+00
2.080000e+03	2.120000e+03	0.000000e+00	0.000000e+00	0.000000e+00
2.120000e+03	2.160000e+03	0.000000e+00	0.000000e+00	0.000000e+00
2.160000e+03	2.200000e+03	0.000000e+00	0.000000e+00	0.000000e+00
2.200000e+03	2.240000e+03	0.000000e+00	0.000000e+00	0.000000e+00
2.240000e+03	2.280000e+03	0.000000e+00	0.000000e+00	0.000000e+00
2.280000e+03	2.320000e+03	0.000000e+00	0.000000e+00	0.000000e+00
2.320000e+03	2.360000e+03	0.000000e+00	0.000000e+00	0.000000e+00
2.360000e+03	2.400000e+03	0.000000e+00	0.000000e+00	0.000000e+00
2.400000e+03	2.440000e+03	0.000000e+00	0.000000e+00	0.000000e+00
2.440000e+03	2.480000e+03	0.000000e+00	0.000000e+00	0.000000e+00
2.480000e+03	2.520000e+03	0.000000e+00	0.000000e+00	0.000000e+00
2.520000e+03	2.560000e+03	0.000000e+00	0.000000e+00	0.000000e+00
2.560000e+03	2.600000e+03	0.000000e+00	0.000000e+00	0.000000e+00
2.600000e+03	2.640000e+03	0.000000e+00	0.000000e+00	0.000000e+00
2.640000e+03	2.680000e+03	0.000000e+00	0.000000e+00	0.000000e+00
2.680000e+03	2.720000e+03	0.000000e+00	0.000000e+00	0.000000e+00
2.720000e+03	2.760000e+03	0.000000e+00	0.000000e+00	0.000000e+00
2.760000e+03	2.800000e+03	0.000000e+00	0.000000e+00	0.000000e+00
2.800000e+03	2.840000e+03	0.000000e+00	0.000000e+00	0.000000e+00
2.840000e+03	2.880000e+03	0.000000e+00	0.000000e+00	0.000000e+00
2.880000e+03	2.920000e+03	0.000000e+00	0.000000e+00	0.000000e+00
2.920000e+03	2.960000e+03	0.000000e+00	0.000000e+00	0.000000e+00
2.960000e+03	3.000000e+03	0.000000e+00	0.000000e+00	0.000000e+00
3.000000e+03	3.040000e+03	0.000000e+00	0.000000e+00	0.000000e+00
3.040000e+03	3.080000e+03	0.000000e+00	0.000000e+00	0.000000e+00
3.080000e+03	3.120000e+03	0.000000e+00	0.000000e+00	0.000000e+00
3.120000e+03	3.160000e+03	0.000000e+00	0.000000e+00	0.000000e+00
3.160000e+03	3.200000e+03	0.000000e+00	0.000000e+00	0.000000e+00
3.200000e+03	3.240000e+03	0.000000e+00	0.000000e+00	0.000000e+00
3.240000e+03	3.280000e+03	0.000000e+00	0.000000e+00	0.000000e+00
3.280000e+03	3.320000e+03	0.000000e+00	0.000000e+00	0.000000e+00
3.320000e+03	3.360000e+03	0.000000e+00	0.000000e+00	0.000000e+00
3.360000e+03	3.400000e+03	0.000000e+00	0.000000e+00	0.000000e+00
3.400000e+03	3.440000e+03	0.000000e+00	0.000000e+00	0.000000e+00
3.440000e+03	3.480000e+03	0.000000e+00	0.000000e+00	0.000000e+00
3.480000e+03	3.520000e+03	0.000000e+00	0.000000e+00	0.000000e+00
3.520000e+03	3.560000e+03	0.000000e+00	0.000000e+00	0.000000e+00
3.560000e+03	3.600000e+03	0.000000e+00	0.000000e+00	0.000000e+00
3.600000e+03	3.640000e+03	0.000000e+00	0.000000e+00	0.000000e+00
3.640000e+03	3.680000e+03	0.000000e+00	0.000000e+00	0.000000e+00
3.680000e+03	3.720000e+03	0.000000e+00	0.000000e+00	0.000000e+00
3.720000e+03	3.760000e+03	0.000000e+00	0.000000e+00	0.000000e+00
3.760000e+03	3.800000e+03	0.000000e+00	0.000000e+00	0.000000e+00
3.800000e+03	3.840000e+03	0.000000e+00	0.000000e+00	0.000000e+00
3.840000e+03	3.880000e+03	0.000000e+00	0.000000e+00	0.000000e+00
3.880000e+03	3.920000e+03	0.000000e+00	0.000000e+00	0.000000e+00
3.920000e+03	3.960000e+03	0.000000e+00	0.000000e+00	0.000000e+00
3.960000e+03	4.000000e+03	0.000000e+00	0.000000e+00	0.000000e+00
4.000000e+03	4.040000e+03	0.000000e+00	0.000000e+00	0.000000e+00
4.040000e+03	4.080000e+03	0.000000e+00	0.000000e+00	0.000000e+00
4.080000e+03	4.120000e+03	0.000000e+00	0.000000e+00	0.000000e+00
4.120000e+03	4.160000e+03	0.000000e+00	0.000000e+00	0.000000e+00
4.160000e+03	4.200000e+03	0.000000e+00	0.000000e+00	0.000000e+00
4.200000e+03	4.240000e+03	0.000000e+00	0.000000e+00	0.000000e+00
4.240000e+03	4.280000e+03	0.000000e+00	0.000000e+00	0.000000e+00
4.280000e+03	4.320000e+03	0.000000e+00	0.000000e+00	0.000000e+00
4.320000e+03	4.360000e+03	0.000000e+00	0.000000e+00	0.000000e+00
4.360000e+03	4.400000e+03	0.000000e+00	0.000000e+00	0.000000e+00
4.400000e+03	4.440000e+03	0.000000e+00	0.000000e+00	0.000000e+00
4.440000e+03	4.480000e+03	0.000000e+00	0.000000e+00	0.000000e+00
4.480000e+03	4.520000e+03	0.000000e+00	0.000000e+00	0.000000e+00
4.520000e+03	4.560000e+03	0.000000e+00	0.000000e+00	0.000000e+00
4.560000e+03	4.600000e+03	0.000000e+00	0.000000e+00	0.000000e+00
4.600000e+03	4.640000e+03	0.000000e+00	0.000000e+00	0.000000e+00
4.640000e+03	4.680000e+03	0.000000e+00	0.000000e+00	0.000000e+00
4.680000e+03	4.720000e+03	0.000000e+00	0.000000e+00	0.000000e+00
4.720000e+03	4.760000e+03	0.000000e+00	0.000000e+00	0.000000e+00
4.760000e+03	4.800000e+03	0.000000e+00	0.000000e+00	0.000000e+00
4.800000e+03	4.840000e+03	0.000000e+00	0.000000e+00	0.000000e+00
4.840000e+03	4.880000e+03	0.000000e+00	0.000000e+00	0.000000e+00
4.880000e+03	4.920000e+03	0.000000e+00	0.000000e+00	0.000000e+00
4.920000e+03	4.960000e+03	0.000000e+00	0.000000e+00	0.000000e+00
4.960000e+03	5.000000e+03	0.000000e+00	0.000000e+00	0.000000e+00
5.000000e+03	5.040000e+03	0.000000e+00	0.000000e+00	0.000000e+00
5.040000e+03	5.080000e+03	0.000000e+00	0.000000e+00	0.000000e+00
5.080000e+03	5.120000e+03	0.000000e+00	0.000000e+00	0.000000e+00
5.120000e+03	5.160000e+03	0.000000e+00	0.000000e+00	0.000000e+00
5.160000e+03	5.200000e+03	0.000000e+00	0.000000e+00	0.000000e+00
5.200000e+03	5.240000e+03	0.000000e+00	0.000000e+00	0.000000e+00
5.240000e+03	5.280000e+03	0.000000e+00	0.000000e+00	0.000000e+00
5.280000e+03	5.320000e+03	0.000000e+00	0.000000e+00	0.000000e+00
5.320000e+03	5.360000e+03	0.000000e+00	0.000000e+00	0.000000e+00
5.360000e+03	5.400000e+03	0.000000e+00	0.000000e+00	0.000000e+00
5.400000e+03	5.440000e+03	0.000000e+00	0.000000e+00	0.000000e+00
5.440000e+03	5.480000e+03	0.000000e+00	0.000000e+00	0.000000e+00
5.480000e+03	5.520000e+03	0.000000e+00	0.000000e+00	0.000000e+00
5.520000e+03	5.560000e+03	0.000000e+00	0.000000e+00	0.000000e+00
5.560000e+03	5.600000e+03	0.000000e+00	0.000000e+00	0.000000e+00
5.600000e+03	5.640000e+03	0.000000e+00	0.000000e+00	0.000000e+00
5.640000e+03	5.680000e+03	0.000000e+00	0.000000e+00	0.000000e+00
5.680000e+03	5.720000e+03	0.000000e+00	0.000000e+00	0.000000e+00
5.720000e+03	5.760000e+03	0.000000e+00	0.000000e+00	0.000000e+00
5.760000e+03	5.800000e+03	0.000000e+00	0.000000e+00	0.000000e+00
5.800000e+03	5.840000e+03	0.000000e+00	0.000000e+00	0.000000e+00
5.840000e+03	5.880000e+03	0.000000e+00	0.000000e+00	0.000000e+00
5.880000e+03	5.920000e+03	0.000000e+00	0.000000e+00	0.000000e+00
5.920000e+03	5.960000e+03	0.000000e+00	0.000000e+00	0.000000e+00
5.960000e+03	6.000000e+03	0.000000e+00	0.000000e+00	0.000000e+00
# END HISTO1D

