# BEGIN PLOT
LegendOnly=//homes/tinghua1/higgs-anomalous/Herwig7/gcc11_install_test/H-N2-N3-4-25gev/plots/H-N2-N3-4-25gev-SM.yoda/MC_H2JETS_04_TIGHT/deltaR_H_j1_incl //homes/tinghua1/higgs-anomalous/Herwig7/gcc11_install_test/H-N2-N3-4-25gev/plots/H-N2-N3-4-25gev-mixed-nofac.yoda/MC_H2JETS_04_TIGHT/deltaR_H_j1_incl //homes/tinghua1/higgs-anomalous/Herwig7/gcc11_install_test/H-N2-N3-4-25gev/plots/H-N2-N3-4-25gev-mixed-ffac1-400GeV.yoda/MC_H2JETS_04_TIGHT/deltaR_H_j1_incl //homes/tinghua1/higgs-anomalous/Herwig7/gcc11_install_test/H-N2-N3-4-25gev/plots/H-N2-N3-4-25gev-mixed-ffac2-400GeV.yoda/MC_H2JETS_04_TIGHT/deltaR_H_j1_incl
DrawOnly=//homes/tinghua1/higgs-anomalous/Herwig7/gcc11_install_test/H-N2-N3-4-25gev/plots/H-N2-N3-4-25gev-SM.yoda/MC_H2JETS_04_TIGHT/deltaR_H_j1_incl //homes/tinghua1/higgs-anomalous/Herwig7/gcc11_install_test/H-N2-N3-4-25gev/plots/H-N2-N3-4-25gev-mixed-nofac.yoda/MC_H2JETS_04_TIGHT/deltaR_H_j1_incl //homes/tinghua1/higgs-anomalous/Herwig7/gcc11_install_test/H-N2-N3-4-25gev/plots/H-N2-N3-4-25gev-mixed-ffac1-400GeV.yoda/MC_H2JETS_04_TIGHT/deltaR_H_j1_incl //homes/tinghua1/higgs-anomalous/Herwig7/gcc11_install_test/H-N2-N3-4-25gev/plots/H-N2-N3-4-25gev-mixed-ffac2-400GeV.yoda/MC_H2JETS_04_TIGHT/deltaR_H_j1_incl
RightMargin=0.5
RatioPlotReference=//homes/tinghua1/higgs-anomalous/Herwig7/gcc11_install_test/H-N2-N3-4-25gev/plots/H-N2-N3-4-25gev-SM.yoda/MC_H2JETS_04_TIGHT/deltaR_H_j1_incl
Title=h(2*,3*,4)
RatioPlot=1
LogY=1
RatioPlotYLabel=Ratio
Legend=1
# END PLOT


# BEGIN SPECIAL /MC_H2JETS_04_TIGHT/deltaR_H_j1_incl
\rput[tl](0.05,0.75){\parbox{5cm}{\textcolor{gray}{{\bf Herwig 7.2.3} \\ VBFNLO 3.0.0}}}
# END SPECIAL

# BEGIN HISTO1D //homes/tinghua1/higgs-anomalous/Herwig7/gcc11_install_test/H-N2-N3-4-25gev/plots/H-N2-N3-4-25gev-SM.yoda/MC_H2JETS_04_TIGHT/deltaR_H_j1_incl
ErrorBars=1
LineColor=red
LineStyle=solid
Path=//homes/tinghua1/higgs-anomalous/Herwig7/gcc11_install_test/H-N2-N3-4-25gev/plots/H-N2-N3-4-25gev-SM.yoda/MC_H2JETS_04_TIGHT/deltaR_H_j1_incl
Scale=1.23132253028
Title=SM
# xlow	 xhigh	 val	 errminus	 errplus
0.000000e+00	2.000000e-01	2.292179e-04	1.156117e-05	1.156117e-05
2.000000e-01	4.000000e-01	6.458150e-04	1.214432e-05	1.214432e-05
4.000000e-01	6.000000e-01	1.150644e-03	2.446836e-05	2.446836e-05
6.000000e-01	8.000000e-01	1.664173e-03	5.557817e-05	5.557817e-05
8.000000e-01	1.000000e+00	2.367655e-03	2.799677e-05	2.799677e-05
1.000000e+00	1.200000e+00	3.290102e-03	2.840046e-05	2.840046e-05
1.200000e+00	1.400000e+00	4.803483e-03	1.415425e-04	1.415425e-04
1.400000e+00	1.600000e+00	6.886890e-03	4.360299e-05	4.360299e-05
1.600000e+00	1.800000e+00	1.145416e-02	2.532177e-04	2.532177e-04
1.800000e+00	2.000000e+00	2.023970e-02	6.923251e-05	6.923251e-05
2.000000e+00	2.200000e+00	3.778734e-02	1.234598e-04	1.234598e-04
2.200000e+00	2.400000e+00	6.796250e-02	2.400239e-04	2.400239e-04
2.400000e+00	2.600000e+00	1.144263e-01	5.852713e-04	5.852713e-04
2.600000e+00	2.800000e+00	1.831064e-01	3.650055e-04	3.650055e-04
2.800000e+00	3.000000e+00	2.694065e-01	8.504024e-04	8.504024e-04
3.000000e+00	3.200000e+00	3.450938e-01	4.413678e-04	4.413678e-04
3.200000e+00	3.400000e+00	3.161045e-01	4.619754e-04	4.619754e-04
3.400000e+00	3.600000e+00	2.937463e-01	4.694912e-04	4.694912e-04
3.600000e+00	3.800000e+00	2.740136e-01	6.931849e-04	6.931849e-04
3.800000e+00	4.000000e+00	2.549975e-01	4.818708e-04	4.818708e-04
4.000000e+00	4.200000e+00	2.356563e-01	4.454547e-04	4.454547e-04
4.200000e+00	4.400000e+00	2.183280e-01	4.685644e-04	4.685644e-04
4.400000e+00	4.600000e+00	1.987623e-01	6.295419e-04	6.295419e-04
4.600000e+00	4.800000e+00	1.805817e-01	2.530054e-04	2.530054e-04
4.800000e+00	5.000000e+00	1.629174e-01	2.527763e-04	2.527763e-04
5.000000e+00	5.200000e+00	1.446943e-01	2.077000e-04	2.077000e-04
5.200000e+00	5.400000e+00	1.266917e-01	2.975391e-04	2.975391e-04
5.400000e+00	5.600000e+00	1.101822e-01	2.072178e-04	2.072178e-04
5.600000e+00	5.800000e+00	9.442635e-02	1.421959e-04	1.421959e-04
5.800000e+00	6.000000e+00	7.903175e-02	1.299047e-04	1.299047e-04
6.000000e+00	6.200000e+00	6.592780e-02	2.620320e-04	2.620320e-04
6.200000e+00	6.400000e+00	5.385270e-02	2.009786e-04	2.009786e-04
6.400000e+00	6.600000e+00	4.320391e-02	9.578107e-05	9.578107e-05
6.600000e+00	6.800000e+00	3.410462e-02	6.167133e-05	6.167133e-05
6.800000e+00	7.000000e+00	2.680124e-02	1.707078e-04	1.707078e-04
7.000000e+00	7.200000e+00	2.048547e-02	5.619718e-05	5.619718e-05
7.200000e+00	7.400000e+00	1.548033e-02	3.810611e-05	3.810611e-05
7.400000e+00	7.600000e+00	1.150839e-02	3.150737e-05	3.150737e-05
7.600000e+00	7.800000e+00	8.398375e-03	3.712905e-05	3.712905e-05
7.800000e+00	8.000000e+00	6.110100e-03	2.137506e-05	2.137506e-05
# END HISTO1D


# BEGIN HISTO1D //homes/tinghua1/higgs-anomalous/Herwig7/gcc11_install_test/H-N2-N3-4-25gev/plots/H-N2-N3-4-25gev-mixed-nofac.yoda/MC_H2JETS_04_TIGHT/deltaR_H_j1_incl
ErrorBars=1
LineColor=blue
LineStyle=solid
Path=//homes/tinghua1/higgs-anomalous/Herwig7/gcc11_install_test/H-N2-N3-4-25gev/plots/H-N2-N3-4-25gev-mixed-nofac.yoda/MC_H2JETS_04_TIGHT/deltaR_H_j1_incl
Scale=6.4701676744
Title=CP-mixed
# xlow	 xhigh	 val	 errminus	 errplus
0.000000e+00	2.000000e-01	4.279230e-05	4.835927e-06	4.835927e-06
2.000000e-01	4.000000e-01	1.229850e-04	6.490119e-06	6.490119e-06
4.000000e-01	6.000000e-01	2.300636e-04	2.572885e-05	2.572885e-05
6.000000e-01	8.000000e-01	3.008579e-04	1.134079e-05	1.134079e-05
8.000000e-01	1.000000e+00	4.312965e-04	1.533943e-05	1.533943e-05
1.000000e+00	1.200000e+00	5.983500e-04	5.279306e-05	5.279306e-05
1.200000e+00	1.400000e+00	8.865595e-04	2.732883e-05	2.732883e-05
1.400000e+00	1.600000e+00	1.185934e-03	9.627156e-05	9.627156e-05
1.600000e+00	1.800000e+00	2.076440e-03	5.025545e-05	5.025545e-05
1.800000e+00	2.000000e+00	3.698683e-03	1.046752e-04	1.046752e-04
2.000000e+00	2.200000e+00	6.467085e-03	2.559099e-04	2.559099e-04
2.200000e+00	2.400000e+00	1.255563e-02	1.760782e-04	1.760782e-04
2.400000e+00	2.600000e+00	2.183882e-02	1.905836e-04	1.905836e-04
2.600000e+00	2.800000e+00	3.598006e-02	2.119988e-04	2.119988e-04
2.800000e+00	3.000000e+00	5.725015e-02	6.812019e-04	6.812019e-04
3.000000e+00	3.200000e+00	7.823575e-02	5.393067e-04	5.393067e-04
3.200000e+00	3.400000e+00	6.782405e-02	5.524278e-04	5.524278e-04
3.400000e+00	3.600000e+00	6.298300e-02	3.750915e-04	3.750915e-04
3.600000e+00	3.800000e+00	5.699305e-02	3.108693e-04	3.108693e-04
3.800000e+00	4.000000e+00	5.248550e-02	2.998704e-04	2.998704e-04
4.000000e+00	4.200000e+00	4.682496e-02	3.960136e-04	3.960136e-04
4.200000e+00	4.400000e+00	4.202568e-02	2.809757e-04	2.809757e-04
4.400000e+00	4.600000e+00	3.772202e-02	2.669534e-04	2.669534e-04
4.600000e+00	4.800000e+00	3.337561e-02	3.438114e-04	3.438114e-04
4.800000e+00	5.000000e+00	2.810681e-02	2.507751e-04	2.507751e-04
5.000000e+00	5.200000e+00	2.451544e-02	1.709698e-04	1.709698e-04
5.200000e+00	5.400000e+00	2.027365e-02	1.041651e-04	1.041651e-04
5.400000e+00	5.600000e+00	1.688376e-02	9.081229e-05	9.081229e-05
5.600000e+00	5.800000e+00	1.386512e-02	1.175292e-04	1.175292e-04
5.800000e+00	6.000000e+00	1.099671e-02	9.507786e-05	9.507786e-05
6.000000e+00	6.200000e+00	8.800795e-03	4.621023e-05	4.621023e-05
6.200000e+00	6.400000e+00	6.805790e-03	7.112596e-05	7.112596e-05
6.400000e+00	6.600000e+00	5.357575e-03	3.884196e-05	3.884196e-05
6.600000e+00	6.800000e+00	4.052753e-03	4.784192e-05	4.784192e-05
6.800000e+00	7.000000e+00	3.038285e-03	2.037052e-05	2.037052e-05
7.000000e+00	7.200000e+00	2.297349e-03	1.891321e-05	1.891321e-05
7.200000e+00	7.400000e+00	1.683291e-03	1.481586e-05	1.481586e-05
7.400000e+00	7.600000e+00	1.218806e-03	1.482888e-05	1.482888e-05
7.600000e+00	7.800000e+00	8.464655e-04	2.156818e-05	2.156818e-05
7.800000e+00	8.000000e+00	5.928820e-04	1.121256e-05	1.121256e-05
# END HISTO1D


# BEGIN HISTO1D //homes/tinghua1/higgs-anomalous/Herwig7/gcc11_install_test/H-N2-N3-4-25gev/plots/H-N2-N3-4-25gev-mixed-ffac1-400GeV.yoda/MC_H2JETS_04_TIGHT/deltaR_H_j1_incl
ErrorBars=1
LineColor=green
LineStyle=solid
Path=//homes/tinghua1/higgs-anomalous/Herwig7/gcc11_install_test/H-N2-N3-4-25gev/plots/H-N2-N3-4-25gev-mixed-ffac1-400GeV.yoda/MC_H2JETS_04_TIGHT/deltaR_H_j1_incl
Scale=12.5152858573
Title=CP-mixed-ffac1
# xlow	 xhigh	 val	 errminus	 errplus
0.000000e+00	2.000000e-01	1.633344e-05	1.013840e-06	1.013840e-06
2.000000e-01	4.000000e-01	6.262275e-05	3.430107e-06	3.430107e-06
4.000000e-01	6.000000e-01	1.039301e-04	4.360955e-06	4.360955e-06
6.000000e-01	8.000000e-01	1.415988e-04	5.563039e-06	5.563039e-06
8.000000e-01	1.000000e+00	2.102035e-04	6.758182e-06	6.758182e-06
1.000000e+00	1.200000e+00	3.282641e-04	2.729245e-05	2.729245e-05
1.200000e+00	1.400000e+00	4.083950e-04	9.979792e-06	9.979792e-06
1.400000e+00	1.600000e+00	6.433240e-04	1.754170e-05	1.754170e-05
1.600000e+00	1.800000e+00	1.043843e-03	2.236549e-05	2.236549e-05
1.800000e+00	2.000000e+00	1.947422e-03	2.251210e-05	2.251210e-05
2.000000e+00	2.200000e+00	3.723539e-03	4.078565e-05	4.078565e-05
2.200000e+00	2.400000e+00	6.864345e-03	5.264573e-05	5.264573e-05
2.400000e+00	2.600000e+00	1.163248e-02	8.380583e-05	8.380583e-05
2.600000e+00	2.800000e+00	1.866879e-02	8.639902e-05	8.639902e-05
2.800000e+00	3.000000e+00	2.761141e-02	9.954933e-05	9.954933e-05
3.000000e+00	3.200000e+00	3.548336e-02	1.138509e-04	1.138509e-04
3.200000e+00	3.400000e+00	3.213998e-02	2.426977e-04	2.426977e-04
3.400000e+00	3.600000e+00	2.947402e-02	1.848749e-04	1.848749e-04
3.600000e+00	3.800000e+00	2.783508e-02	1.170455e-04	1.170455e-04
3.800000e+00	4.000000e+00	2.607880e-02	1.536296e-04	1.536296e-04
4.000000e+00	4.200000e+00	2.405281e-02	8.676390e-05	8.676390e-05
4.200000e+00	4.400000e+00	2.220179e-02	1.172175e-04	1.172175e-04
4.400000e+00	4.600000e+00	2.010997e-02	9.914260e-05	9.914260e-05
4.600000e+00	4.800000e+00	1.805767e-02	1.022966e-04	1.022966e-04
4.800000e+00	5.000000e+00	1.613778e-02	1.182939e-04	1.182939e-04
5.000000e+00	5.200000e+00	1.362618e-02	1.512695e-04	1.512695e-04
5.200000e+00	5.400000e+00	1.199167e-02	5.945095e-05	5.945095e-05
5.400000e+00	5.600000e+00	1.017978e-02	4.722799e-05	4.722799e-05
5.600000e+00	5.800000e+00	8.418650e-03	4.273915e-05	4.273915e-05
5.800000e+00	6.000000e+00	6.907650e-03	2.942547e-05	2.942547e-05
6.000000e+00	6.200000e+00	5.528060e-03	2.656330e-05	2.656330e-05
6.200000e+00	6.400000e+00	4.406022e-03	4.285735e-05	4.285735e-05
6.400000e+00	6.600000e+00	3.465646e-03	1.967210e-05	1.967210e-05
6.600000e+00	6.800000e+00	2.640598e-03	4.805315e-05	4.805315e-05
6.800000e+00	7.000000e+00	2.036766e-03	1.179502e-05	1.179502e-05
7.000000e+00	7.200000e+00	1.534501e-03	9.879757e-06	9.879757e-06
7.200000e+00	7.400000e+00	1.112526e-03	7.879351e-06	7.879351e-06
7.400000e+00	7.600000e+00	8.021960e-04	6.649363e-06	6.649363e-06
7.600000e+00	7.800000e+00	5.789440e-04	6.531158e-06	6.531158e-06
7.800000e+00	8.000000e+00	4.114100e-04	4.270725e-06	4.270725e-06
# END HISTO1D


# BEGIN HISTO1D //homes/tinghua1/higgs-anomalous/Herwig7/gcc11_install_test/H-N2-N3-4-25gev/plots/H-N2-N3-4-25gev-mixed-ffac2-400GeV.yoda/MC_H2JETS_04_TIGHT/deltaR_H_j1_incl
ErrorBars=1
LineColor=orange
LineStyle=solid
Path=//homes/tinghua1/higgs-anomalous/Herwig7/gcc11_install_test/H-N2-N3-4-25gev/plots/H-N2-N3-4-25gev-mixed-ffac2-400GeV.yoda/MC_H2JETS_04_TIGHT/deltaR_H_j1_incl
Scale=6.91285653058
Title=CP-mixed-ffac2
# xlow	 xhigh	 val	 errminus	 errplus
0.000000e+00	2.000000e-01	3.977042e-05	2.265881e-06	2.265881e-06
2.000000e-01	4.000000e-01	1.119399e-04	5.087649e-06	5.087649e-06
4.000000e-01	6.000000e-01	2.123539e-04	1.037339e-05	1.037339e-05
6.000000e-01	8.000000e-01	3.473833e-04	3.683527e-05	3.683527e-05
8.000000e-01	1.000000e+00	3.457365e-04	6.292269e-05	6.292269e-05
1.000000e+00	1.200000e+00	6.274320e-04	6.013414e-05	6.013414e-05
1.200000e+00	1.400000e+00	8.947120e-04	7.264329e-05	7.264329e-05
1.400000e+00	1.600000e+00	1.174358e-03	4.500910e-05	4.500910e-05
1.600000e+00	1.800000e+00	1.878349e-03	4.830485e-05	4.830485e-05
1.800000e+00	2.000000e+00	3.461101e-03	7.419340e-05	7.419340e-05
2.000000e+00	2.200000e+00	6.448680e-03	9.126809e-05	9.126809e-05
2.200000e+00	2.400000e+00	1.204403e-02	2.283913e-04	2.283913e-04
2.400000e+00	2.600000e+00	2.002329e-02	4.826082e-04	4.826082e-04
2.600000e+00	2.800000e+00	3.381828e-02	2.804083e-04	2.804083e-04
2.800000e+00	3.000000e+00	5.266975e-02	4.398370e-04	4.398370e-04
3.000000e+00	3.200000e+00	7.143285e-02	4.782132e-04	4.782132e-04
3.200000e+00	3.400000e+00	6.273875e-02	4.899485e-04	4.899485e-04
3.400000e+00	3.600000e+00	5.684805e-02	4.608186e-04	4.608186e-04
3.600000e+00	3.800000e+00	5.297915e-02	3.527233e-04	3.527233e-04
3.800000e+00	4.000000e+00	4.888120e-02	2.930101e-04	2.930101e-04
4.000000e+00	4.200000e+00	4.429109e-02	2.931753e-04	2.931753e-04
4.200000e+00	4.400000e+00	3.987597e-02	2.439879e-04	2.439879e-04
4.400000e+00	4.600000e+00	3.551260e-02	1.974829e-04	1.974829e-04
4.600000e+00	4.800000e+00	3.101796e-02	1.766288e-04	1.766288e-04
4.800000e+00	5.000000e+00	2.711643e-02	1.554407e-04	1.554407e-04
5.000000e+00	5.200000e+00	2.350185e-02	1.983413e-04	1.983413e-04
5.200000e+00	5.400000e+00	1.966509e-02	1.190142e-04	1.190142e-04
5.400000e+00	5.600000e+00	1.621620e-02	1.763950e-04	1.763950e-04
5.600000e+00	5.800000e+00	1.327368e-02	8.636371e-05	8.636371e-05
5.800000e+00	6.000000e+00	1.067406e-02	6.933922e-05	6.933922e-05
6.000000e+00	6.200000e+00	8.490505e-03	8.531568e-05	8.531568e-05
6.200000e+00	6.400000e+00	6.749775e-03	3.977414e-05	3.977414e-05
6.400000e+00	6.600000e+00	5.144545e-03	3.044658e-05	3.044658e-05
6.600000e+00	6.800000e+00	3.946318e-03	3.151263e-05	3.151263e-05
6.800000e+00	7.000000e+00	2.980819e-03	2.329331e-05	2.329331e-05
7.000000e+00	7.200000e+00	2.278897e-03	4.493503e-05	4.493503e-05
7.200000e+00	7.400000e+00	1.665606e-03	2.120493e-05	2.120493e-05
7.400000e+00	7.600000e+00	1.169637e-03	1.041527e-05	1.041527e-05
7.600000e+00	7.800000e+00	8.596240e-04	8.254094e-06	8.254094e-06
7.800000e+00	8.000000e+00	5.923455e-04	6.987739e-06	6.987739e-06
# END HISTO1D

