# BEGIN PLOT
LegendOnly=//homes/tinghua1/higgs-anomalous/Herwig7/gcc11_install_test/H-N2-N3-4-25gev/plots/H-N2-N3-4-25gev-SM.yoda/MC_H2JETS_04_TIGHT/Hjj_pT_excl //homes/tinghua1/higgs-anomalous/Herwig7/gcc11_install_test/H-N2-N3-4-25gev/plots/H-N2-N3-4-25gev-mixed-nofac.yoda/MC_H2JETS_04_TIGHT/Hjj_pT_excl //homes/tinghua1/higgs-anomalous/Herwig7/gcc11_install_test/H-N2-N3-4-25gev/plots/H-N2-N3-4-25gev-mixed-ffac1-400GeV.yoda/MC_H2JETS_04_TIGHT/Hjj_pT_excl //homes/tinghua1/higgs-anomalous/Herwig7/gcc11_install_test/H-N2-N3-4-25gev/plots/H-N2-N3-4-25gev-mixed-ffac2-400GeV.yoda/MC_H2JETS_04_TIGHT/Hjj_pT_excl
DrawOnly=//homes/tinghua1/higgs-anomalous/Herwig7/gcc11_install_test/H-N2-N3-4-25gev/plots/H-N2-N3-4-25gev-SM.yoda/MC_H2JETS_04_TIGHT/Hjj_pT_excl //homes/tinghua1/higgs-anomalous/Herwig7/gcc11_install_test/H-N2-N3-4-25gev/plots/H-N2-N3-4-25gev-mixed-nofac.yoda/MC_H2JETS_04_TIGHT/Hjj_pT_excl //homes/tinghua1/higgs-anomalous/Herwig7/gcc11_install_test/H-N2-N3-4-25gev/plots/H-N2-N3-4-25gev-mixed-ffac1-400GeV.yoda/MC_H2JETS_04_TIGHT/Hjj_pT_excl //homes/tinghua1/higgs-anomalous/Herwig7/gcc11_install_test/H-N2-N3-4-25gev/plots/H-N2-N3-4-25gev-mixed-ffac2-400GeV.yoda/MC_H2JETS_04_TIGHT/Hjj_pT_excl
Title=h(2*,3*,4)
RatioPlotReference=//homes/tinghua1/higgs-anomalous/Herwig7/gcc11_install_test/H-N2-N3-4-25gev/plots/H-N2-N3-4-25gev-SM.yoda/MC_H2JETS_04_TIGHT/Hjj_pT_excl
RightMargin=0.5
RatioPlot=1
LogY=1
RatioPlotYMax=4.0
RatioPlotYLabel=Ratio
XLabel=$p_{T,hj_1j_2}^{excl}$ (GeV)
LegendAlign=r
XMax=150.0
YLabel=$ \text{d} \sigma/ \text{d}  p_{T,hj_1j_2}^{excl}$ (pb/GeV)
Legend=1
RatioPlotYMin=0.0
# END PLOT


# BEGIN SPECIAL /MC_H2JETS_04_TIGHT/Hjj_pT_excl
\rput[tl](0.05,0.75){\parbox{5cm}{\textcolor{gray}{{\bf Herwig 7.2.3} \\ VBFNLO 3.0.0}}}
# END SPECIAL

# BEGIN HISTO1D //homes/tinghua1/higgs-anomalous/Herwig7/gcc11_install_test/H-N2-N3-4-25gev/plots/H-N2-N3-4-25gev-SM.yoda/MC_H2JETS_04_TIGHT/Hjj_pT_excl
ErrorBars=1
LineColor=red
LineStyle=solid
Path=//homes/tinghua1/higgs-anomalous/Herwig7/gcc11_install_test/H-N2-N3-4-25gev/plots/H-N2-N3-4-25gev-SM.yoda/MC_H2JETS_04_TIGHT/Hjj_pT_excl
Scale=1.23132253028
Title=SM
# xlow	 xhigh	 val	 errminus	 errplus
0.000000e+00	1.000000e+01	3.513136e-02	1.495618e-05	1.495618e-05
1.000000e+01	2.000000e+01	1.979585e-02	2.047955e-05	2.047955e-05
2.000000e+01	3.000000e+01	8.937440e-03	1.307622e-05	1.307622e-05
3.000000e+01	4.000000e+01	3.312497e-03	8.578938e-06	8.578938e-06
4.000000e+01	5.000000e+01	1.103709e-03	4.110356e-06	4.110356e-06
5.000000e+01	6.000000e+01	3.422996e-04	2.835813e-06	2.835813e-06
6.000000e+01	7.000000e+01	9.790340e-05	1.640136e-06	1.640136e-06
7.000000e+01	8.000000e+01	2.843485e-05	7.147665e-07	7.147665e-07
8.000000e+01	9.000000e+01	7.333973e-06	2.600522e-07	2.600522e-07
9.000000e+01	1.000000e+02	1.915369e-06	1.913414e-07	1.913414e-07
1.000000e+02	1.100000e+02	4.550330e-07	2.884202e-08	2.884202e-08
1.100000e+02	1.200000e+02	1.569639e-07	2.429879e-08	2.429879e-08
1.200000e+02	1.300000e+02	8.005824e-08	4.265174e-08	4.265174e-08
1.300000e+02	1.400000e+02	6.043008e-09	2.659379e-09	2.659379e-09
1.400000e+02	1.500000e+02	-8.801177e-11	1.213565e-09	1.213565e-09
1.500000e+02	1.600000e+02	1.006027e-10	1.562361e-10	1.562361e-10
1.600000e+02	1.700000e+02	4.204512e-10	3.230398e-10	3.230398e-10
1.700000e+02	1.800000e+02	-7.891350e-13	1.309347e-12	1.309347e-12
1.800000e+02	1.900000e+02	-2.527300e-13	2.974015e-13	2.974015e-13
1.900000e+02	2.000000e+02	6.596778e-15	4.642033e-15	4.642033e-15
2.000000e+02	2.100000e+02	3.155836e-16	3.114606e-16	3.114606e-16
2.100000e+02	2.200000e+02	6.167996e-18	6.143339e-18	6.143339e-18
2.200000e+02	2.300000e+02	1.206051e-19	1.205788e-19	1.205788e-19
2.300000e+02	2.400000e+02	1.784104e-18	1.784104e-18	1.784104e-18
2.400000e+02	2.500000e+02	0.000000e+00	0.000000e+00	0.000000e+00
2.500000e+02	2.600000e+02	0.000000e+00	0.000000e+00	0.000000e+00
2.600000e+02	2.700000e+02	0.000000e+00	0.000000e+00	0.000000e+00
2.700000e+02	2.800000e+02	0.000000e+00	0.000000e+00	0.000000e+00
2.800000e+02	2.900000e+02	0.000000e+00	0.000000e+00	0.000000e+00
2.900000e+02	3.000000e+02	0.000000e+00	0.000000e+00	0.000000e+00
3.000000e+02	3.100000e+02	0.000000e+00	0.000000e+00	0.000000e+00
3.100000e+02	3.200000e+02	0.000000e+00	0.000000e+00	0.000000e+00
3.200000e+02	3.300000e+02	0.000000e+00	0.000000e+00	0.000000e+00
3.300000e+02	3.400000e+02	0.000000e+00	0.000000e+00	0.000000e+00
3.400000e+02	3.500000e+02	0.000000e+00	0.000000e+00	0.000000e+00
3.500000e+02	3.600000e+02	0.000000e+00	0.000000e+00	0.000000e+00
3.600000e+02	3.700000e+02	0.000000e+00	0.000000e+00	0.000000e+00
3.700000e+02	3.800000e+02	0.000000e+00	0.000000e+00	0.000000e+00
3.800000e+02	3.900000e+02	0.000000e+00	0.000000e+00	0.000000e+00
3.900000e+02	4.000000e+02	0.000000e+00	0.000000e+00	0.000000e+00
4.000000e+02	4.100000e+02	0.000000e+00	0.000000e+00	0.000000e+00
4.100000e+02	4.200000e+02	0.000000e+00	0.000000e+00	0.000000e+00
4.200000e+02	4.300000e+02	0.000000e+00	0.000000e+00	0.000000e+00
4.300000e+02	4.400000e+02	0.000000e+00	0.000000e+00	0.000000e+00
4.400000e+02	4.500000e+02	0.000000e+00	0.000000e+00	0.000000e+00
4.500000e+02	4.600000e+02	0.000000e+00	0.000000e+00	0.000000e+00
4.600000e+02	4.700000e+02	0.000000e+00	0.000000e+00	0.000000e+00
4.700000e+02	4.800000e+02	0.000000e+00	0.000000e+00	0.000000e+00
4.800000e+02	4.900000e+02	0.000000e+00	0.000000e+00	0.000000e+00
4.900000e+02	5.000000e+02	0.000000e+00	0.000000e+00	0.000000e+00
# END HISTO1D


# BEGIN HISTO1D //homes/tinghua1/higgs-anomalous/Herwig7/gcc11_install_test/H-N2-N3-4-25gev/plots/H-N2-N3-4-25gev-mixed-nofac.yoda/MC_H2JETS_04_TIGHT/Hjj_pT_excl
ErrorBars=1
LineColor=blue
LineStyle=solid
Path=//homes/tinghua1/higgs-anomalous/Herwig7/gcc11_install_test/H-N2-N3-4-25gev/plots/H-N2-N3-4-25gev-mixed-nofac.yoda/MC_H2JETS_04_TIGHT/Hjj_pT_excl
Scale=6.4701676744
Title=CP-mixed
# xlow	 xhigh	 val	 errminus	 errplus
0.000000e+00	1.000000e+01	4.349988e-03	1.308921e-05	1.308921e-05
1.000000e+01	2.000000e+01	3.107454e-03	8.567720e-06	8.567720e-06
2.000000e+01	3.000000e+01	1.636072e-03	6.796907e-06	6.796907e-06
3.000000e+01	4.000000e+01	7.182150e-04	5.323677e-06	5.323677e-06
4.000000e+01	5.000000e+01	2.772131e-04	4.011566e-06	4.011566e-06
5.000000e+01	6.000000e+01	9.939645e-05	1.506283e-06	1.506283e-06
6.000000e+01	7.000000e+01	3.348794e-05	1.585711e-06	1.585711e-06
7.000000e+01	8.000000e+01	8.898276e-06	1.815069e-06	1.815069e-06
8.000000e+01	9.000000e+01	3.015097e-06	4.848332e-07	4.848332e-07
9.000000e+01	1.000000e+02	8.547275e-07	1.580082e-07	1.580082e-07
1.000000e+02	1.100000e+02	2.964627e-07	6.290635e-08	6.290635e-08
1.100000e+02	1.200000e+02	6.019992e-08	1.526139e-08	1.526139e-08
1.200000e+02	1.300000e+02	1.044775e-08	5.725782e-09	5.725782e-09
1.300000e+02	1.400000e+02	1.717338e-09	4.053222e-09	4.053222e-09
1.400000e+02	1.500000e+02	5.669784e-10	5.993526e-10	5.993526e-10
1.500000e+02	1.600000e+02	5.123826e-10	4.563960e-10	4.563960e-10
1.600000e+02	1.700000e+02	5.949552e-10	5.469508e-10	5.469508e-10
1.700000e+02	1.800000e+02	-2.942680e-12	1.702503e-11	1.702503e-11
1.800000e+02	1.900000e+02	-1.636766e-14	2.089041e-14	2.089041e-14
1.900000e+02	2.000000e+02	-1.568554e-11	1.568616e-11	1.568616e-11
2.000000e+02	2.100000e+02	1.353999e-11	1.353996e-11	1.353996e-11
2.100000e+02	2.200000e+02	8.712465e-17	6.165326e-17	6.165326e-17
2.200000e+02	2.300000e+02	1.061076e-25	1.061076e-25	1.061076e-25
2.300000e+02	2.400000e+02	0.000000e+00	0.000000e+00	0.000000e+00
2.400000e+02	2.500000e+02	0.000000e+00	0.000000e+00	0.000000e+00
2.500000e+02	2.600000e+02	0.000000e+00	0.000000e+00	0.000000e+00
2.600000e+02	2.700000e+02	0.000000e+00	0.000000e+00	0.000000e+00
2.700000e+02	2.800000e+02	0.000000e+00	0.000000e+00	0.000000e+00
2.800000e+02	2.900000e+02	0.000000e+00	0.000000e+00	0.000000e+00
2.900000e+02	3.000000e+02	0.000000e+00	0.000000e+00	0.000000e+00
3.000000e+02	3.100000e+02	0.000000e+00	0.000000e+00	0.000000e+00
3.100000e+02	3.200000e+02	0.000000e+00	0.000000e+00	0.000000e+00
3.200000e+02	3.300000e+02	0.000000e+00	0.000000e+00	0.000000e+00
3.300000e+02	3.400000e+02	0.000000e+00	0.000000e+00	0.000000e+00
3.400000e+02	3.500000e+02	0.000000e+00	0.000000e+00	0.000000e+00
3.500000e+02	3.600000e+02	0.000000e+00	0.000000e+00	0.000000e+00
3.600000e+02	3.700000e+02	0.000000e+00	0.000000e+00	0.000000e+00
3.700000e+02	3.800000e+02	0.000000e+00	0.000000e+00	0.000000e+00
3.800000e+02	3.900000e+02	0.000000e+00	0.000000e+00	0.000000e+00
3.900000e+02	4.000000e+02	0.000000e+00	0.000000e+00	0.000000e+00
4.000000e+02	4.100000e+02	0.000000e+00	0.000000e+00	0.000000e+00
4.100000e+02	4.200000e+02	0.000000e+00	0.000000e+00	0.000000e+00
4.200000e+02	4.300000e+02	0.000000e+00	0.000000e+00	0.000000e+00
4.300000e+02	4.400000e+02	0.000000e+00	0.000000e+00	0.000000e+00
4.400000e+02	4.500000e+02	0.000000e+00	0.000000e+00	0.000000e+00
4.500000e+02	4.600000e+02	0.000000e+00	0.000000e+00	0.000000e+00
4.600000e+02	4.700000e+02	0.000000e+00	0.000000e+00	0.000000e+00
4.700000e+02	4.800000e+02	0.000000e+00	0.000000e+00	0.000000e+00
4.800000e+02	4.900000e+02	0.000000e+00	0.000000e+00	0.000000e+00
4.900000e+02	5.000000e+02	0.000000e+00	0.000000e+00	0.000000e+00
# END HISTO1D


# BEGIN HISTO1D //homes/tinghua1/higgs-anomalous/Herwig7/gcc11_install_test/H-N2-N3-4-25gev/plots/H-N2-N3-4-25gev-mixed-ffac1-400GeV.yoda/MC_H2JETS_04_TIGHT/Hjj_pT_excl
ErrorBars=1
LineColor=green
LineStyle=solid
Path=//homes/tinghua1/higgs-anomalous/Herwig7/gcc11_install_test/H-N2-N3-4-25gev/plots/H-N2-N3-4-25gev-mixed-ffac1-400GeV.yoda/MC_H2JETS_04_TIGHT/Hjj_pT_excl
Scale=12.5152858573
Title=CP-mixed-ffac1
# xlow	 xhigh	 val	 errminus	 errplus
0.000000e+00	1.000000e+01	2.865590e-03	4.519939e-06	4.519939e-06
1.000000e+01	2.000000e+01	1.960270e-03	3.322398e-06	3.322398e-06
2.000000e+01	3.000000e+01	9.550546e-04	3.464210e-06	3.464210e-06
3.000000e+01	4.000000e+01	3.623639e-04	2.143759e-06	2.143759e-06
4.000000e+01	5.000000e+01	1.213727e-04	8.051692e-07	8.051692e-07
5.000000e+01	6.000000e+01	3.691638e-05	7.035888e-07	7.035888e-07
6.000000e+01	7.000000e+01	1.101430e-05	7.747462e-07	7.747462e-07
7.000000e+01	8.000000e+01	3.128258e-06	1.329117e-07	1.329117e-07
8.000000e+01	9.000000e+01	9.403089e-07	6.030654e-08	6.030654e-08
9.000000e+01	1.000000e+02	2.950248e-07	6.912753e-08	6.912753e-08
1.000000e+02	1.100000e+02	6.051009e-08	1.150462e-08	1.150462e-08
1.100000e+02	1.200000e+02	2.430055e-08	5.290649e-09	5.290649e-09
1.200000e+02	1.300000e+02	3.906053e-10	5.105991e-09	5.105991e-09
1.300000e+02	1.400000e+02	8.787205e-10	1.230018e-09	1.230018e-09
1.400000e+02	1.500000e+02	4.082467e-11	2.212072e-10	2.212072e-10
1.500000e+02	1.600000e+02	1.282221e-10	8.078483e-11	8.078483e-11
1.600000e+02	1.700000e+02	-3.935225e-12	9.781880e-12	9.781880e-12
1.700000e+02	1.800000e+02	5.899143e-13	6.083539e-13	6.083539e-13
1.800000e+02	1.900000e+02	-4.491624e-13	4.556590e-13	4.556590e-13
1.900000e+02	2.000000e+02	-3.427804e-16	3.568151e-16	3.568151e-16
2.000000e+02	2.100000e+02	1.756948e-16	1.756234e-16	1.756234e-16
2.100000e+02	2.200000e+02	4.491065e-20	4.496417e-20	4.496417e-20
2.200000e+02	2.300000e+02	-4.938655e-22	4.938656e-22	4.938656e-22
2.300000e+02	2.400000e+02	0.000000e+00	0.000000e+00	0.000000e+00
2.400000e+02	2.500000e+02	0.000000e+00	0.000000e+00	0.000000e+00
2.500000e+02	2.600000e+02	0.000000e+00	0.000000e+00	0.000000e+00
2.600000e+02	2.700000e+02	0.000000e+00	0.000000e+00	0.000000e+00
2.700000e+02	2.800000e+02	0.000000e+00	0.000000e+00	0.000000e+00
2.800000e+02	2.900000e+02	0.000000e+00	0.000000e+00	0.000000e+00
2.900000e+02	3.000000e+02	0.000000e+00	0.000000e+00	0.000000e+00
3.000000e+02	3.100000e+02	0.000000e+00	0.000000e+00	0.000000e+00
3.100000e+02	3.200000e+02	0.000000e+00	0.000000e+00	0.000000e+00
3.200000e+02	3.300000e+02	0.000000e+00	0.000000e+00	0.000000e+00
3.300000e+02	3.400000e+02	0.000000e+00	0.000000e+00	0.000000e+00
3.400000e+02	3.500000e+02	0.000000e+00	0.000000e+00	0.000000e+00
3.500000e+02	3.600000e+02	0.000000e+00	0.000000e+00	0.000000e+00
3.600000e+02	3.700000e+02	0.000000e+00	0.000000e+00	0.000000e+00
3.700000e+02	3.800000e+02	0.000000e+00	0.000000e+00	0.000000e+00
3.800000e+02	3.900000e+02	0.000000e+00	0.000000e+00	0.000000e+00
3.900000e+02	4.000000e+02	0.000000e+00	0.000000e+00	0.000000e+00
4.000000e+02	4.100000e+02	0.000000e+00	0.000000e+00	0.000000e+00
4.100000e+02	4.200000e+02	0.000000e+00	0.000000e+00	0.000000e+00
4.200000e+02	4.300000e+02	0.000000e+00	0.000000e+00	0.000000e+00
4.300000e+02	4.400000e+02	0.000000e+00	0.000000e+00	0.000000e+00
4.400000e+02	4.500000e+02	0.000000e+00	0.000000e+00	0.000000e+00
4.500000e+02	4.600000e+02	0.000000e+00	0.000000e+00	0.000000e+00
4.600000e+02	4.700000e+02	0.000000e+00	0.000000e+00	0.000000e+00
4.700000e+02	4.800000e+02	0.000000e+00	0.000000e+00	0.000000e+00
4.800000e+02	4.900000e+02	0.000000e+00	0.000000e+00	0.000000e+00
4.900000e+02	5.000000e+02	0.000000e+00	0.000000e+00	0.000000e+00
# END HISTO1D


# BEGIN HISTO1D //homes/tinghua1/higgs-anomalous/Herwig7/gcc11_install_test/H-N2-N3-4-25gev/plots/H-N2-N3-4-25gev-mixed-ffac2-400GeV.yoda/MC_H2JETS_04_TIGHT/Hjj_pT_excl
ErrorBars=1
LineColor=orange
LineStyle=solid
Path=//homes/tinghua1/higgs-anomalous/Herwig7/gcc11_install_test/H-N2-N3-4-25gev/plots/H-N2-N3-4-25gev-mixed-ffac2-400GeV.yoda/MC_H2JETS_04_TIGHT/Hjj_pT_excl
Scale=6.91285653058
Title=CP-mixed-ffac2
# xlow	 xhigh	 val	 errminus	 errplus
0.000000e+00	1.000000e+01	4.219480e-03	9.428268e-06	9.428268e-06
1.000000e+01	2.000000e+01	2.989458e-03	7.705392e-06	7.705392e-06
2.000000e+01	3.000000e+01	1.526955e-03	1.227226e-05	1.227226e-05
3.000000e+01	4.000000e+01	6.757512e-04	6.317769e-06	6.317769e-06
4.000000e+01	5.000000e+01	2.589986e-04	2.605323e-06	2.605323e-06
5.000000e+01	6.000000e+01	9.005330e-05	1.476497e-06	1.476497e-06
6.000000e+01	7.000000e+01	2.986256e-05	2.182631e-06	2.182631e-06
7.000000e+01	8.000000e+01	9.132208e-06	2.943792e-07	2.943792e-07
8.000000e+01	9.000000e+01	2.568635e-06	2.598346e-07	2.598346e-07
9.000000e+01	1.000000e+02	8.611447e-07	6.726541e-08	6.726541e-08
1.000000e+02	1.100000e+02	2.901780e-07	2.918499e-08	2.918499e-08
1.100000e+02	1.200000e+02	6.856468e-08	1.300148e-08	1.300148e-08
1.200000e+02	1.300000e+02	2.312130e-08	5.067178e-09	5.067178e-09
1.300000e+02	1.400000e+02	7.856159e-09	2.356563e-09	2.356563e-09
1.400000e+02	1.500000e+02	1.395522e-09	1.087912e-09	1.087912e-09
1.500000e+02	1.600000e+02	9.453282e-11	8.144188e-11	8.144188e-11
1.600000e+02	1.700000e+02	3.918785e-11	3.791241e-11	3.791241e-11
1.700000e+02	1.800000e+02	4.760320e-11	4.154014e-11	4.154014e-11
1.800000e+02	1.900000e+02	1.681676e-13	3.676481e-13	3.676481e-13
1.900000e+02	2.000000e+02	5.528364e-15	3.758276e-15	3.758276e-15
2.000000e+02	2.100000e+02	1.726975e-21	1.629738e-21	1.629738e-21
2.100000e+02	2.200000e+02	1.195315e-16	1.195513e-16	1.195513e-16
2.200000e+02	2.300000e+02	0.000000e+00	0.000000e+00	0.000000e+00
2.300000e+02	2.400000e+02	6.936792e-25	6.936793e-25	6.936793e-25
2.400000e+02	2.500000e+02	0.000000e+00	0.000000e+00	0.000000e+00
2.500000e+02	2.600000e+02	0.000000e+00	0.000000e+00	0.000000e+00
2.600000e+02	2.700000e+02	0.000000e+00	0.000000e+00	0.000000e+00
2.700000e+02	2.800000e+02	0.000000e+00	0.000000e+00	0.000000e+00
2.800000e+02	2.900000e+02	0.000000e+00	0.000000e+00	0.000000e+00
2.900000e+02	3.000000e+02	0.000000e+00	0.000000e+00	0.000000e+00
3.000000e+02	3.100000e+02	0.000000e+00	0.000000e+00	0.000000e+00
3.100000e+02	3.200000e+02	0.000000e+00	0.000000e+00	0.000000e+00
3.200000e+02	3.300000e+02	0.000000e+00	0.000000e+00	0.000000e+00
3.300000e+02	3.400000e+02	0.000000e+00	0.000000e+00	0.000000e+00
3.400000e+02	3.500000e+02	0.000000e+00	0.000000e+00	0.000000e+00
3.500000e+02	3.600000e+02	0.000000e+00	0.000000e+00	0.000000e+00
3.600000e+02	3.700000e+02	0.000000e+00	0.000000e+00	0.000000e+00
3.700000e+02	3.800000e+02	0.000000e+00	0.000000e+00	0.000000e+00
3.800000e+02	3.900000e+02	0.000000e+00	0.000000e+00	0.000000e+00
3.900000e+02	4.000000e+02	0.000000e+00	0.000000e+00	0.000000e+00
4.000000e+02	4.100000e+02	0.000000e+00	0.000000e+00	0.000000e+00
4.100000e+02	4.200000e+02	0.000000e+00	0.000000e+00	0.000000e+00
4.200000e+02	4.300000e+02	0.000000e+00	0.000000e+00	0.000000e+00
4.300000e+02	4.400000e+02	0.000000e+00	0.000000e+00	0.000000e+00
4.400000e+02	4.500000e+02	0.000000e+00	0.000000e+00	0.000000e+00
4.500000e+02	4.600000e+02	0.000000e+00	0.000000e+00	0.000000e+00
4.600000e+02	4.700000e+02	0.000000e+00	0.000000e+00	0.000000e+00
4.700000e+02	4.800000e+02	0.000000e+00	0.000000e+00	0.000000e+00
4.800000e+02	4.900000e+02	0.000000e+00	0.000000e+00	0.000000e+00
4.900000e+02	5.000000e+02	0.000000e+00	0.000000e+00	0.000000e+00
# END HISTO1D

