# BEGIN PLOT
LegendOnly=//homes/tinghua1/higgs-anomalous/Herwig7/gcc11_install_test/H-N2-N3-4-25gev/plots/H-N2-N3-4-25gev-SM.yoda/MC_H2JETS_04_TIGHT/HT_all //homes/tinghua1/higgs-anomalous/Herwig7/gcc11_install_test/H-N2-N3-4-25gev/plots/H-N2-N3-4-25gev-mixed-nofac.yoda/MC_H2JETS_04_TIGHT/HT_all //homes/tinghua1/higgs-anomalous/Herwig7/gcc11_install_test/H-N2-N3-4-25gev/plots/H-N2-N3-4-25gev-mixed-ffac1-400GeV.yoda/MC_H2JETS_04_TIGHT/HT_all //homes/tinghua1/higgs-anomalous/Herwig7/gcc11_install_test/H-N2-N3-4-25gev/plots/H-N2-N3-4-25gev-mixed-ffac2-400GeV.yoda/MC_H2JETS_04_TIGHT/HT_all
DrawOnly=//homes/tinghua1/higgs-anomalous/Herwig7/gcc11_install_test/H-N2-N3-4-25gev/plots/H-N2-N3-4-25gev-SM.yoda/MC_H2JETS_04_TIGHT/HT_all //homes/tinghua1/higgs-anomalous/Herwig7/gcc11_install_test/H-N2-N3-4-25gev/plots/H-N2-N3-4-25gev-mixed-nofac.yoda/MC_H2JETS_04_TIGHT/HT_all //homes/tinghua1/higgs-anomalous/Herwig7/gcc11_install_test/H-N2-N3-4-25gev/plots/H-N2-N3-4-25gev-mixed-ffac1-400GeV.yoda/MC_H2JETS_04_TIGHT/HT_all //homes/tinghua1/higgs-anomalous/Herwig7/gcc11_install_test/H-N2-N3-4-25gev/plots/H-N2-N3-4-25gev-mixed-ffac2-400GeV.yoda/MC_H2JETS_04_TIGHT/HT_all
Title=h(2*,3*,4)
RatioPlotReference=//homes/tinghua1/higgs-anomalous/Herwig7/gcc11_install_test/H-N2-N3-4-25gev/plots/H-N2-N3-4-25gev-SM.yoda/MC_H2JETS_04_TIGHT/HT_all
RightMargin=0.5
RatioPlot=1
LogY=1
RatioPlotYMax=1.2
RatioPlotYLabel=Ratio
XLabel=$H_{T}(\text{all})$ (GeV)
LegendAlign=r
XMax=500.0
YLabel=$ \text{d} \sigma/ \text{d}  H_{T}(\text{all})$ (pb/GeV)
Legend=1
RatioPlotYMin=0.9
# END PLOT


# BEGIN SPECIAL /MC_H2JETS_04_TIGHT/HT_all
\rput[tl](0.05,0.75){\parbox{5cm}{\textcolor{gray}{{\bf Herwig 7.2.3} \\ VBFNLO 3.0.0}}}
# END SPECIAL

# BEGIN HISTO1D //homes/tinghua1/higgs-anomalous/Herwig7/gcc11_install_test/H-N2-N3-4-25gev/plots/H-N2-N3-4-25gev-SM.yoda/MC_H2JETS_04_TIGHT/HT_all
ErrorBars=1
LineColor=red
LineStyle=solid
Path=//homes/tinghua1/higgs-anomalous/Herwig7/gcc11_install_test/H-N2-N3-4-25gev/plots/H-N2-N3-4-25gev-SM.yoda/MC_H2JETS_04_TIGHT/HT_all
Scale=1.23132253028
Title=SM
# xlow	 xhigh	 val	 errminus	 errplus
0.000000e+00	4.000000e+01	0.000000e+00	0.000000e+00	0.000000e+00
4.000000e+01	8.000000e+01	4.505813e-05	1.441335e-07	1.441335e-07
8.000000e+01	1.200000e+02	5.928113e-04	8.155332e-07	8.155332e-07
1.200000e+02	1.600000e+02	1.650488e-03	2.459111e-06	2.459111e-06
1.600000e+02	2.000000e+02	2.640535e-03	1.927784e-06	1.927784e-06
2.000000e+02	2.400000e+02	3.279115e-03	4.196155e-06	4.196155e-06
2.400000e+02	2.800000e+02	3.236058e-03	2.749773e-06	2.749773e-06
2.800000e+02	3.200000e+02	2.648067e-03	2.825295e-06	2.825295e-06
3.200000e+02	3.600000e+02	1.936297e-03	3.240224e-06	3.240224e-06
3.600000e+02	4.000000e+02	1.351458e-03	2.513706e-06	2.513706e-06
4.000000e+02	4.400000e+02	9.151070e-04	2.008481e-06	2.008481e-06
4.400000e+02	4.800000e+02	6.121858e-04	3.394654e-06	3.394654e-06
4.800000e+02	5.200000e+02	4.162695e-04	2.179767e-06	2.179767e-06
5.200000e+02	5.600000e+02	2.897640e-04	1.481063e-06	1.481063e-06
5.600000e+02	6.000000e+02	1.932448e-04	3.465006e-06	3.465006e-06
6.000000e+02	6.400000e+02	1.362330e-04	9.175916e-07	9.175916e-07
6.400000e+02	6.800000e+02	9.703658e-05	8.904823e-07	8.904823e-07
6.800000e+02	7.200000e+02	6.778223e-05	9.505485e-07	9.505485e-07
7.200000e+02	7.600000e+02	5.037773e-05	6.154661e-07	6.154661e-07
7.600000e+02	8.000000e+02	3.580982e-05	7.412945e-07	7.412945e-07
8.000000e+02	8.400000e+02	2.564292e-05	3.952264e-07	3.952264e-07
8.400000e+02	8.800000e+02	1.992916e-05	6.301582e-07	6.301582e-07
8.800000e+02	9.200000e+02	1.469234e-05	6.738145e-07	6.738145e-07
9.200000e+02	9.600000e+02	1.108044e-05	3.906795e-07	3.906795e-07
9.600000e+02	1.000000e+03	8.531555e-06	1.683153e-07	1.683153e-07
1.000000e+03	1.040000e+03	6.230190e-06	2.942458e-07	2.942458e-07
1.040000e+03	1.080000e+03	5.356860e-06	1.963317e-07	1.963317e-07
1.080000e+03	1.120000e+03	3.672920e-06	1.418999e-07	1.418999e-07
1.120000e+03	1.160000e+03	3.020475e-06	8.099718e-08	8.099718e-08
1.160000e+03	1.200000e+03	2.636938e-06	3.220618e-07	3.220618e-07
1.200000e+03	1.240000e+03	1.718133e-06	1.379457e-07	1.379457e-07
1.240000e+03	1.280000e+03	5.964430e-07	8.397593e-07	8.397593e-07
1.280000e+03	1.320000e+03	1.125265e-06	4.600249e-08	4.600249e-08
1.320000e+03	1.360000e+03	9.907830e-07	7.170387e-08	7.170387e-08
1.360000e+03	1.400000e+03	7.557000e-07	4.063481e-08	4.063481e-08
1.400000e+03	1.440000e+03	7.336583e-07	5.726142e-08	5.726142e-08
1.440000e+03	1.480000e+03	4.403780e-07	8.585220e-08	8.585220e-08
1.480000e+03	1.520000e+03	4.382375e-07	2.127104e-08	2.127104e-08
1.520000e+03	1.560000e+03	3.229510e-07	3.895452e-08	3.895452e-08
1.560000e+03	1.600000e+03	2.705790e-07	2.302234e-08	2.302234e-08
1.600000e+03	1.640000e+03	2.524050e-07	3.524242e-08	3.524242e-08
1.640000e+03	1.680000e+03	1.567526e-07	2.143505e-08	2.143505e-08
1.680000e+03	1.720000e+03	1.717712e-07	1.928554e-08	1.928554e-08
1.720000e+03	1.760000e+03	1.043866e-07	3.686874e-08	3.686874e-08
1.760000e+03	1.800000e+03	1.159489e-07	3.221795e-08	3.221795e-08
1.800000e+03	1.840000e+03	9.743027e-08	8.748318e-09	8.748318e-09
1.840000e+03	1.880000e+03	7.065105e-08	1.235582e-08	1.235582e-08
1.880000e+03	1.920000e+03	7.022537e-08	7.315173e-09	7.315173e-09
1.920000e+03	1.960000e+03	1.203555e-07	5.941663e-08	5.941663e-08
1.960000e+03	2.000000e+03	5.506220e-08	7.426137e-09	7.426137e-09
2.000000e+03	2.040000e+03	4.728260e-08	3.824579e-09	3.824579e-09
2.040000e+03	2.080000e+03	4.303505e-08	6.409135e-09	6.409135e-09
2.080000e+03	2.120000e+03	3.129240e-08	9.174738e-09	9.174738e-09
2.120000e+03	2.160000e+03	2.626945e-08	6.671234e-09	6.671234e-09
2.160000e+03	2.200000e+03	1.594068e-08	6.772603e-09	6.772603e-09
2.200000e+03	2.240000e+03	1.034390e-08	7.284419e-09	7.284419e-09
2.240000e+03	2.280000e+03	1.836885e-08	2.949852e-09	2.949852e-09
2.280000e+03	2.320000e+03	1.024078e-08	3.647608e-09	3.647608e-09
2.320000e+03	2.360000e+03	4.477430e-09	5.306694e-09	5.306694e-09
2.360000e+03	2.400000e+03	9.811078e-09	2.678043e-09	2.678043e-09
2.400000e+03	2.440000e+03	8.142833e-09	2.945037e-09	2.945037e-09
2.440000e+03	2.480000e+03	1.119249e-08	3.329495e-09	3.329495e-09
2.480000e+03	2.520000e+03	3.357118e-09	5.335111e-09	5.335111e-09
2.520000e+03	2.560000e+03	6.678715e-09	2.753189e-09	2.753189e-09
2.560000e+03	2.600000e+03	-2.682913e-08	3.100727e-08	3.100727e-08
2.600000e+03	2.640000e+03	4.804052e-09	9.841087e-10	9.841087e-10
2.640000e+03	2.680000e+03	4.282973e-09	1.658039e-09	1.658039e-09
2.680000e+03	2.720000e+03	3.992512e-09	6.794427e-10	6.794427e-10
2.720000e+03	2.760000e+03	1.608689e-08	1.045282e-08	1.045282e-08
2.760000e+03	2.800000e+03	6.034655e-09	1.998107e-09	1.998107e-09
2.800000e+03	2.840000e+03	1.930960e-09	6.337407e-10	6.337407e-10
2.840000e+03	2.880000e+03	1.267703e-09	8.021358e-10	8.021358e-10
2.880000e+03	2.920000e+03	2.138257e-09	4.317875e-10	4.317875e-10
2.920000e+03	2.960000e+03	1.459817e-09	2.042220e-10	2.042220e-10
2.960000e+03	3.000000e+03	-1.253815e-09	2.441522e-09	2.441522e-09
3.000000e+03	3.040000e+03	2.366796e-09	1.511194e-09	1.511194e-09
3.040000e+03	3.080000e+03	6.316452e-10	2.876023e-10	2.876023e-10
3.080000e+03	3.120000e+03	2.130754e-10	7.272967e-10	7.272967e-10
3.120000e+03	3.160000e+03	9.533855e-10	2.912988e-10	2.912988e-10
3.160000e+03	3.200000e+03	6.510462e-10	3.574455e-10	3.574455e-10
3.200000e+03	3.240000e+03	2.564010e-10	4.829319e-10	4.829319e-10
3.240000e+03	3.280000e+03	2.123489e-09	1.241921e-09	1.241921e-09
3.280000e+03	3.320000e+03	1.331420e-10	2.774400e-10	2.774400e-10
3.320000e+03	3.360000e+03	-7.764945e-12	1.912667e-10	1.912667e-10
3.360000e+03	3.400000e+03	4.879753e-10	2.773904e-10	2.773904e-10
3.400000e+03	3.440000e+03	4.661982e-11	8.393435e-10	8.393435e-10
3.440000e+03	3.480000e+03	2.388492e-10	1.330396e-10	1.330396e-10
3.480000e+03	3.520000e+03	1.166362e-10	1.297227e-10	1.297227e-10
3.520000e+03	3.560000e+03	-1.622029e-10	4.568976e-10	4.568976e-10
3.560000e+03	3.600000e+03	6.457240e-11	8.312092e-11	8.312092e-11
3.600000e+03	3.640000e+03	2.252141e-10	7.072895e-11	7.072895e-11
3.640000e+03	3.680000e+03	-2.822365e-10	3.466783e-10	3.466783e-10
3.680000e+03	3.720000e+03	1.579941e-11	8.355440e-11	8.355440e-11
3.720000e+03	3.760000e+03	7.390695e-10	6.121747e-10	6.121747e-10
3.760000e+03	3.800000e+03	1.653933e-10	4.053966e-11	4.053966e-11
3.800000e+03	3.840000e+03	1.094591e-10	2.936297e-11	2.936297e-11
3.840000e+03	3.880000e+03	1.082477e-10	7.451739e-11	7.451739e-11
3.880000e+03	3.920000e+03	8.320167e-11	1.023856e-11	1.023856e-11
3.920000e+03	3.960000e+03	1.699433e-10	7.005536e-11	7.005536e-11
3.960000e+03	4.000000e+03	5.720795e-11	2.086337e-11	2.086337e-11
4.000000e+03	4.040000e+03	4.363325e-11	2.434525e-11	2.434525e-11
4.040000e+03	4.080000e+03	7.370395e-11	1.221373e-11	1.221373e-11
4.080000e+03	4.120000e+03	4.047410e-11	2.859148e-11	2.859148e-11
4.120000e+03	4.160000e+03	6.139750e-11	1.347265e-11	1.347265e-11
4.160000e+03	4.200000e+03	1.858108e-11	8.710532e-12	8.710532e-12
4.200000e+03	4.240000e+03	3.409835e-11	6.590723e-12	6.590723e-12
4.240000e+03	4.280000e+03	1.380473e-10	1.140548e-10	1.140548e-10
4.280000e+03	4.320000e+03	6.768803e-12	1.445059e-11	1.445059e-11
4.320000e+03	4.360000e+03	2.049150e-11	3.117368e-11	3.117368e-11
4.360000e+03	4.400000e+03	1.865471e-11	7.135090e-12	7.135090e-12
4.400000e+03	4.440000e+03	1.594886e-11	3.970844e-12	3.970844e-12
4.440000e+03	4.480000e+03	-3.643070e-12	2.245366e-11	2.245366e-11
4.480000e+03	4.520000e+03	2.327445e-12	8.898307e-12	8.898307e-12
4.520000e+03	4.560000e+03	1.733084e-11	5.527724e-12	5.527724e-12
4.560000e+03	4.600000e+03	2.583548e-11	3.274849e-11	3.274849e-11
4.600000e+03	4.640000e+03	1.307667e-11	2.758340e-12	2.758340e-12
4.640000e+03	4.680000e+03	4.226365e-12	2.863308e-12	2.863308e-12
4.680000e+03	4.720000e+03	7.943905e-12	3.679724e-12	3.679724e-12
4.720000e+03	4.760000e+03	7.795482e-12	1.065443e-12	1.065443e-12
4.760000e+03	4.800000e+03	1.127058e-11	2.255359e-11	2.255359e-11
4.800000e+03	4.840000e+03	2.505275e-12	1.728643e-12	1.728643e-12
4.840000e+03	4.880000e+03	4.126043e-12	5.623349e-13	5.623349e-13
4.880000e+03	4.920000e+03	3.887785e-12	6.737909e-13	6.737909e-13
4.920000e+03	4.960000e+03	4.282700e-12	1.533899e-12	1.533899e-12
4.960000e+03	5.000000e+03	1.526413e-12	1.425085e-12	1.425085e-12
5.000000e+03	5.040000e+03	1.998042e-12	1.603735e-12	1.603735e-12
5.040000e+03	5.080000e+03	2.147312e-12	2.283862e-13	2.283862e-13
5.080000e+03	5.120000e+03	5.447127e-12	3.357983e-12	3.357983e-12
5.120000e+03	5.160000e+03	1.057187e-11	8.614581e-12	8.614581e-12
5.160000e+03	5.200000e+03	6.875280e-12	3.877710e-12	3.877710e-12
5.200000e+03	5.240000e+03	2.804647e-12	8.842730e-13	8.842730e-13
5.240000e+03	5.280000e+03	4.076965e-13	5.298014e-12	5.298014e-12
5.280000e+03	5.320000e+03	2.752357e-12	1.125937e-12	1.125937e-12
5.320000e+03	5.360000e+03	2.363588e-12	1.301383e-12	1.301383e-12
5.360000e+03	5.400000e+03	2.520755e-12	1.154029e-12	1.154029e-12
5.400000e+03	5.440000e+03	-2.673885e-14	1.020897e-12	1.020897e-12
5.440000e+03	5.480000e+03	3.649295e-12	2.507253e-12	2.507253e-12
5.480000e+03	5.520000e+03	1.157348e-12	4.751581e-13	4.751581e-13
5.520000e+03	5.560000e+03	3.437170e-13	1.678888e-13	1.678888e-13
5.560000e+03	5.600000e+03	5.420730e-13	1.178355e-13	1.178355e-13
5.600000e+03	5.640000e+03	-8.430953e-13	1.373854e-12	1.373854e-12
5.640000e+03	5.680000e+03	-1.214324e-12	1.578005e-12	1.578005e-12
5.680000e+03	5.720000e+03	3.437157e-14	2.710979e-13	2.710979e-13
5.720000e+03	5.760000e+03	-5.653285e-13	9.848128e-13	9.848128e-13
5.760000e+03	5.800000e+03	3.178842e-13	1.244503e-13	1.244503e-13
5.800000e+03	5.840000e+03	3.779418e-13	9.282692e-14	9.282692e-14
5.840000e+03	5.880000e+03	1.383941e-13	1.644921e-13	1.644921e-13
5.880000e+03	5.920000e+03	1.644935e-13	9.502704e-14	9.502704e-14
5.920000e+03	5.960000e+03	-2.448885e-13	3.823349e-13	3.823349e-13
5.960000e+03	6.000000e+03	2.103476e-13	6.332673e-14	6.332673e-14
# END HISTO1D


# BEGIN HISTO1D //homes/tinghua1/higgs-anomalous/Herwig7/gcc11_install_test/H-N2-N3-4-25gev/plots/H-N2-N3-4-25gev-mixed-nofac.yoda/MC_H2JETS_04_TIGHT/HT_all
ErrorBars=1
LineColor=blue
LineStyle=solid
Path=//homes/tinghua1/higgs-anomalous/Herwig7/gcc11_install_test/H-N2-N3-4-25gev/plots/H-N2-N3-4-25gev-mixed-nofac.yoda/MC_H2JETS_04_TIGHT/HT_all
Scale=6.4701676744
Title=CP-mixed
# xlow	 xhigh	 val	 errminus	 errplus
0.000000e+00	4.000000e+01	0.000000e+00	0.000000e+00	0.000000e+00
4.000000e+01	8.000000e+01	2.503265e-07	3.893435e-09	3.893435e-09
8.000000e+01	1.200000e+02	7.045548e-06	3.876074e-08	3.876074e-08
1.200000e+02	1.600000e+02	3.504687e-05	8.195517e-08	8.195517e-08
1.600000e+02	2.000000e+02	8.937820e-05	1.882740e-07	1.882740e-07
2.000000e+02	2.400000e+02	1.613773e-04	3.153308e-07	3.153308e-07
2.400000e+02	2.800000e+02	2.371396e-04	4.521230e-07	4.521230e-07
2.800000e+02	3.200000e+02	2.944590e-04	6.803766e-07	6.803766e-07
3.200000e+02	3.600000e+02	3.198807e-04	1.301275e-06	1.301275e-06
3.600000e+02	4.000000e+02	3.226467e-04	1.155087e-06	1.155087e-06
4.000000e+02	4.400000e+02	3.056755e-04	9.685443e-07	9.685443e-07
4.400000e+02	4.800000e+02	2.845507e-04	1.803458e-06	1.803458e-06
4.800000e+02	5.200000e+02	2.542915e-04	1.360063e-06	1.360063e-06
5.200000e+02	5.600000e+02	2.226555e-04	1.311549e-06	1.311549e-06
5.600000e+02	6.000000e+02	1.941237e-04	1.699712e-06	1.699712e-06
6.000000e+02	6.400000e+02	1.671462e-04	1.552223e-06	1.552223e-06
6.400000e+02	6.800000e+02	1.409584e-04	1.713947e-06	1.713947e-06
6.800000e+02	7.200000e+02	1.220532e-04	1.052613e-06	1.052613e-06
7.200000e+02	7.600000e+02	1.024914e-04	1.568221e-06	1.568221e-06
7.600000e+02	8.000000e+02	8.880278e-05	1.409817e-06	1.409817e-06
8.000000e+02	8.400000e+02	7.528510e-05	2.410972e-06	2.410972e-06
8.400000e+02	8.800000e+02	6.342017e-05	1.065962e-06	1.065962e-06
8.800000e+02	9.200000e+02	5.562043e-05	1.165997e-06	1.165997e-06
9.200000e+02	9.600000e+02	4.694277e-05	2.644896e-06	2.644896e-06
9.600000e+02	1.000000e+03	4.064810e-05	1.393375e-06	1.393375e-06
1.000000e+03	1.040000e+03	3.394665e-05	8.143345e-07	8.143345e-07
1.040000e+03	1.080000e+03	2.710520e-05	1.781043e-06	1.781043e-06
1.080000e+03	1.120000e+03	2.343755e-05	6.728829e-07	6.728829e-07
1.120000e+03	1.160000e+03	2.106966e-05	9.838874e-07	9.838874e-07
1.160000e+03	1.200000e+03	1.773752e-05	5.987683e-07	5.987683e-07
1.200000e+03	1.240000e+03	1.578587e-05	6.424527e-07	6.424527e-07
1.240000e+03	1.280000e+03	1.296542e-05	4.845686e-07	4.845686e-07
1.280000e+03	1.320000e+03	1.229257e-05	6.512043e-07	6.512043e-07
1.320000e+03	1.360000e+03	9.513787e-06	4.452998e-07	4.452998e-07
1.360000e+03	1.400000e+03	7.808135e-06	4.061574e-07	4.061574e-07
1.400000e+03	1.440000e+03	7.221622e-06	3.843169e-07	3.843169e-07
1.440000e+03	1.480000e+03	6.116930e-06	4.626167e-07	4.626167e-07
1.480000e+03	1.520000e+03	5.072088e-06	3.981739e-07	3.981739e-07
1.520000e+03	1.560000e+03	3.465642e-06	7.829073e-07	7.829073e-07
1.560000e+03	1.600000e+03	4.197525e-06	2.927328e-07	2.927328e-07
1.600000e+03	1.640000e+03	1.976371e-06	1.022145e-06	1.022145e-06
1.640000e+03	1.680000e+03	3.704912e-06	4.319745e-07	4.319745e-07
1.680000e+03	1.720000e+03	2.291507e-06	2.026337e-07	2.026337e-07
1.720000e+03	1.760000e+03	2.045175e-06	2.453758e-07	2.453758e-07
1.760000e+03	1.800000e+03	1.487571e-06	3.744140e-07	3.744140e-07
1.800000e+03	1.840000e+03	1.543958e-06	1.304255e-07	1.304255e-07
1.840000e+03	1.880000e+03	1.308686e-06	1.947608e-07	1.947608e-07
1.880000e+03	1.920000e+03	1.054939e-06	1.769358e-07	1.769358e-07
1.920000e+03	1.960000e+03	1.021657e-06	1.950185e-07	1.950185e-07
1.960000e+03	2.000000e+03	1.001727e-06	1.137420e-07	1.137420e-07
2.000000e+03	2.040000e+03	6.486203e-07	4.090846e-07	4.090846e-07
2.040000e+03	2.080000e+03	1.135341e-06	5.842219e-07	5.842219e-07
2.080000e+03	2.120000e+03	7.835828e-07	1.273528e-07	1.273528e-07
2.120000e+03	2.160000e+03	5.291350e-07	1.014582e-07	1.014582e-07
2.160000e+03	2.200000e+03	3.058620e-07	1.037478e-07	1.037478e-07
2.200000e+03	2.240000e+03	5.418647e-07	9.832755e-08	9.832755e-08
2.240000e+03	2.280000e+03	3.060170e-07	8.816607e-08	8.816607e-08
2.280000e+03	2.320000e+03	3.722640e-07	5.388425e-08	5.388425e-08
2.320000e+03	2.360000e+03	4.070343e-07	8.309095e-08	8.309095e-08
2.360000e+03	2.400000e+03	4.756513e-07	1.468924e-07	1.468924e-07
2.400000e+03	2.440000e+03	2.279396e-07	9.336083e-08	9.336083e-08
2.440000e+03	2.480000e+03	2.446621e-07	5.238639e-08	5.238639e-08
2.480000e+03	2.520000e+03	2.330925e-07	1.214345e-07	1.214345e-07
2.520000e+03	2.560000e+03	1.134029e-07	8.306914e-08	8.306914e-08
2.560000e+03	2.600000e+03	2.766278e-07	1.249440e-07	1.249440e-07
2.600000e+03	2.640000e+03	1.935646e-07	9.429343e-08	9.429343e-08
2.640000e+03	2.680000e+03	9.680130e-08	5.914465e-08	5.914465e-08
2.680000e+03	2.720000e+03	1.095544e-07	3.189533e-08	3.189533e-08
2.720000e+03	2.760000e+03	1.284164e-07	9.095359e-08	9.095359e-08
2.760000e+03	2.800000e+03	2.161486e-08	4.856679e-08	4.856679e-08
2.800000e+03	2.840000e+03	7.460208e-08	2.723801e-08	2.723801e-08
2.840000e+03	2.880000e+03	8.256317e-08	5.076634e-08	5.076634e-08
2.880000e+03	2.920000e+03	5.080755e-08	4.581420e-08	4.581420e-08
2.920000e+03	2.960000e+03	7.736335e-08	3.903288e-08	3.903288e-08
2.960000e+03	3.000000e+03	9.116393e-08	2.288171e-08	2.288171e-08
3.000000e+03	3.040000e+03	-2.132395e-08	6.478380e-08	6.478380e-08
3.040000e+03	3.080000e+03	1.020666e-07	8.005978e-08	8.005978e-08
3.080000e+03	3.120000e+03	4.195775e-08	2.144967e-08	2.144967e-08
3.120000e+03	3.160000e+03	-1.006911e-08	4.608233e-08	4.608233e-08
3.160000e+03	3.200000e+03	4.539190e-08	1.390391e-08	1.390391e-08
3.200000e+03	3.240000e+03	9.067795e-08	2.344176e-08	2.344176e-08
3.240000e+03	3.280000e+03	-2.664403e-07	2.915293e-07	2.915293e-07
3.280000e+03	3.320000e+03	6.403120e-08	4.183594e-08	4.183594e-08
3.320000e+03	3.360000e+03	-9.851113e-08	1.194866e-07	1.194866e-07
3.360000e+03	3.400000e+03	2.708332e-08	2.172699e-08	2.172699e-08
3.400000e+03	3.440000e+03	-8.742973e-07	8.871232e-07	8.871232e-07
3.440000e+03	3.480000e+03	1.451315e-08	4.965539e-08	4.965539e-08
3.480000e+03	3.520000e+03	-2.313121e-08	3.212773e-08	3.212773e-08
3.520000e+03	3.560000e+03	2.946753e-08	1.428705e-08	1.428705e-08
3.560000e+03	3.600000e+03	2.491510e-08	1.278285e-08	1.278285e-08
3.600000e+03	3.640000e+03	5.251802e-08	3.104507e-08	3.104507e-08
3.640000e+03	3.680000e+03	8.537667e-08	5.776737e-08	5.776737e-08
3.680000e+03	3.720000e+03	2.719085e-09	6.300401e-09	6.300401e-09
3.720000e+03	3.760000e+03	-9.514175e-09	1.005489e-08	1.005489e-08
3.760000e+03	3.800000e+03	-8.442333e-08	1.039145e-07	1.039145e-07
3.800000e+03	3.840000e+03	2.172881e-08	8.258704e-09	8.258704e-09
3.840000e+03	3.880000e+03	4.085120e-08	7.659918e-08	7.659918e-08
3.880000e+03	3.920000e+03	4.788288e-09	2.859253e-09	2.859253e-09
3.920000e+03	3.960000e+03	4.065748e-09	7.113894e-09	7.113894e-09
3.960000e+03	4.000000e+03	-1.571819e-08	1.809351e-08	1.809351e-08
4.000000e+03	4.040000e+03	7.488788e-09	4.218521e-09	4.218521e-09
4.040000e+03	4.080000e+03	1.043706e-08	5.459545e-09	5.459545e-09
4.080000e+03	4.120000e+03	-2.883000e-10	7.513572e-09	7.513572e-09
4.120000e+03	4.160000e+03	3.933312e-09	8.727532e-10	8.727532e-10
4.160000e+03	4.200000e+03	-1.164448e-08	1.043387e-08	1.043387e-08
4.200000e+03	4.240000e+03	1.491939e-09	1.836414e-09	1.836414e-09
4.240000e+03	4.280000e+03	3.795395e-09	5.962191e-09	5.962191e-09
4.280000e+03	4.320000e+03	2.352587e-09	3.276040e-09	3.276040e-09
4.320000e+03	4.360000e+03	1.184716e-09	2.627301e-09	2.627301e-09
4.360000e+03	4.400000e+03	1.707890e-09	1.052524e-09	1.052524e-09
4.400000e+03	4.440000e+03	6.278255e-09	2.747478e-09	2.747478e-09
4.440000e+03	4.480000e+03	1.129950e-09	5.485608e-09	5.485608e-09
4.480000e+03	4.520000e+03	1.739028e-09	7.640369e-10	7.640369e-10
4.520000e+03	4.560000e+03	1.017219e-08	7.531786e-09	7.531786e-09
4.560000e+03	4.600000e+03	2.410078e-09	1.108092e-09	1.108092e-09
4.600000e+03	4.640000e+03	2.103614e-09	3.036563e-09	3.036563e-09
4.640000e+03	4.680000e+03	1.567653e-09	5.148693e-10	5.148693e-10
4.680000e+03	4.720000e+03	-5.488440e-09	5.645037e-09	5.645037e-09
4.720000e+03	4.760000e+03	7.195855e-10	2.277722e-09	2.277722e-09
4.760000e+03	4.800000e+03	1.110788e-09	4.203123e-10	4.203123e-10
4.800000e+03	4.840000e+03	3.431095e-10	3.624615e-10	3.624615e-10
4.840000e+03	4.880000e+03	-2.134399e-10	6.088573e-10	6.088573e-10
4.880000e+03	4.920000e+03	3.202965e-09	2.682210e-09	2.682210e-09
4.920000e+03	4.960000e+03	5.498978e-10	1.255781e-10	1.255781e-10
4.960000e+03	5.000000e+03	-2.861277e-11	3.580484e-10	3.580484e-10
5.000000e+03	5.040000e+03	3.191795e-09	2.338479e-09	2.338479e-09
5.040000e+03	5.080000e+03	-2.806588e-10	4.030006e-09	4.030006e-09
5.080000e+03	5.120000e+03	5.668220e-10	1.738225e-10	1.738225e-10
5.120000e+03	5.160000e+03	4.651465e-09	4.135955e-09	4.135955e-09
5.160000e+03	5.200000e+03	-1.390324e-10	3.346842e-10	3.346842e-10
5.200000e+03	5.240000e+03	2.622960e-10	1.209789e-10	1.209789e-10
5.240000e+03	5.280000e+03	-1.806028e-09	1.358186e-09	1.358186e-09
5.280000e+03	5.320000e+03	2.632820e-09	2.425748e-09	2.425748e-09
5.320000e+03	5.360000e+03	-3.851425e-11	4.468290e-10	4.468290e-10
5.360000e+03	5.400000e+03	1.979169e-10	4.369223e-11	4.369223e-11
5.400000e+03	5.440000e+03	-5.736165e-11	2.131094e-10	2.131094e-10
5.440000e+03	5.480000e+03	2.977795e-10	1.430676e-10	1.430676e-10
5.480000e+03	5.520000e+03	-3.231650e-09	3.403239e-09	3.403239e-09
5.520000e+03	5.560000e+03	-1.215875e-10	2.717004e-10	2.717004e-10
5.560000e+03	5.600000e+03	9.266870e-11	6.920320e-11	6.920320e-11
5.600000e+03	5.640000e+03	-7.117828e-10	5.950317e-10	5.950317e-10
5.640000e+03	5.680000e+03	-1.292953e-10	3.015631e-10	3.015631e-10
5.680000e+03	5.720000e+03	-3.750910e-09	3.826033e-09	3.826033e-09
5.720000e+03	5.760000e+03	3.981815e-10	3.128299e-10	3.128299e-10
5.760000e+03	5.800000e+03	1.558846e-10	7.763031e-11	7.763031e-11
5.800000e+03	5.840000e+03	1.928917e-10	1.212159e-10	1.212159e-10
5.840000e+03	5.880000e+03	1.384466e-10	5.667697e-11	5.667697e-11
5.880000e+03	5.920000e+03	5.131100e-11	2.025953e-11	2.025953e-11
5.920000e+03	5.960000e+03	5.702168e-11	3.544686e-11	3.544686e-11
5.960000e+03	6.000000e+03	9.918930e-11	5.148227e-11	5.148227e-11
# END HISTO1D


# BEGIN HISTO1D //homes/tinghua1/higgs-anomalous/Herwig7/gcc11_install_test/H-N2-N3-4-25gev/plots/H-N2-N3-4-25gev-mixed-ffac1-400GeV.yoda/MC_H2JETS_04_TIGHT/HT_all
ErrorBars=1
LineColor=green
LineStyle=solid
Path=//homes/tinghua1/higgs-anomalous/Herwig7/gcc11_install_test/H-N2-N3-4-25gev/plots/H-N2-N3-4-25gev-mixed-ffac1-400GeV.yoda/MC_H2JETS_04_TIGHT/HT_all
Scale=12.5152858573
Title=CP-mixed-ffac1
# xlow	 xhigh	 val	 errminus	 errplus
0.000000e+00	4.000000e+01	0.000000e+00	0.000000e+00	0.000000e+00
4.000000e+01	8.000000e+01	2.313525e-07	2.474078e-09	2.474078e-09
8.000000e+01	1.200000e+02	6.344163e-06	2.223429e-08	2.223429e-08
1.200000e+02	1.600000e+02	3.068983e-05	5.291093e-08	5.291093e-08
1.600000e+02	2.000000e+02	7.504622e-05	1.146700e-07	1.146700e-07
2.000000e+02	2.400000e+02	1.303875e-04	2.282318e-07	2.282318e-07
2.400000e+02	2.800000e+02	1.835208e-04	3.291360e-07	3.291360e-07
2.800000e+02	3.200000e+02	2.164541e-04	3.910323e-07	3.910323e-07
3.200000e+02	3.600000e+02	2.224501e-04	4.337362e-07	4.337362e-07
3.600000e+02	4.000000e+02	2.108241e-04	8.320412e-07	8.320412e-07
4.000000e+02	4.400000e+02	1.843522e-04	7.145272e-07	7.145272e-07
4.400000e+02	4.800000e+02	1.544351e-04	7.087919e-07	7.087919e-07
4.800000e+02	5.200000e+02	1.281668e-04	1.024216e-06	1.024216e-06
5.200000e+02	5.600000e+02	1.022196e-04	6.025597e-07	6.025597e-07
5.600000e+02	6.000000e+02	8.206118e-05	1.262152e-06	1.262152e-06
6.000000e+02	6.400000e+02	6.336440e-05	4.346520e-07	4.346520e-07
6.400000e+02	6.800000e+02	4.922357e-05	5.368486e-07	5.368486e-07
6.800000e+02	7.200000e+02	3.707702e-05	3.668851e-07	3.668851e-07
7.200000e+02	7.600000e+02	2.867237e-05	3.220882e-07	3.220882e-07
7.600000e+02	8.000000e+02	2.193835e-05	3.528559e-07	3.528559e-07
8.000000e+02	8.400000e+02	1.722286e-05	4.992942e-07	4.992942e-07
8.400000e+02	8.800000e+02	1.288922e-05	2.136862e-07	2.136862e-07
8.800000e+02	9.200000e+02	9.555362e-06	2.296274e-07	2.296274e-07
9.200000e+02	9.600000e+02	7.181203e-06	2.275058e-07	2.275058e-07
9.600000e+02	1.000000e+03	5.772187e-06	2.138936e-07	2.138936e-07
1.000000e+03	1.040000e+03	3.860477e-06	1.261412e-07	1.261412e-07
1.040000e+03	1.080000e+03	3.202287e-06	1.640912e-07	1.640912e-07
1.080000e+03	1.120000e+03	2.425869e-06	1.063554e-07	1.063554e-07
1.120000e+03	1.160000e+03	1.923545e-06	1.014238e-07	1.014238e-07
1.160000e+03	1.200000e+03	1.467684e-06	6.814432e-08	6.814432e-08
1.200000e+03	1.240000e+03	1.099477e-06	7.044182e-08	7.044182e-08
1.240000e+03	1.280000e+03	6.272750e-07	1.315538e-07	1.315538e-07
1.280000e+03	1.320000e+03	6.854107e-07	7.108054e-08	7.108054e-08
1.320000e+03	1.360000e+03	1.557514e-07	2.281324e-07	2.281324e-07
1.360000e+03	1.400000e+03	3.412403e-07	4.217490e-08	4.217490e-08
1.400000e+03	1.440000e+03	2.881245e-07	3.726045e-08	3.726045e-08
1.440000e+03	1.480000e+03	2.506800e-07	3.564717e-08	3.564717e-08
1.480000e+03	1.520000e+03	2.411036e-07	6.753102e-08	6.753102e-08
1.520000e+03	1.560000e+03	1.799722e-07	2.684205e-08	2.684205e-08
1.560000e+03	1.600000e+03	1.320198e-07	2.071440e-08	2.071440e-08
1.600000e+03	1.640000e+03	1.206683e-07	2.224477e-08	2.224477e-08
1.640000e+03	1.680000e+03	5.779695e-08	3.173712e-08	3.173712e-08
1.680000e+03	1.720000e+03	6.030057e-08	1.453583e-08	1.453583e-08
1.720000e+03	1.760000e+03	5.712532e-08	1.426115e-08	1.426115e-08
1.760000e+03	1.800000e+03	2.765593e-08	1.145911e-08	1.145911e-08
1.800000e+03	1.840000e+03	3.529372e-08	2.759750e-08	2.759750e-08
1.840000e+03	1.880000e+03	4.964975e-08	1.278591e-08	1.278591e-08
1.880000e+03	1.920000e+03	4.506593e-08	1.041745e-08	1.041745e-08
1.920000e+03	1.960000e+03	1.050470e-08	8.463857e-09	8.463857e-09
1.960000e+03	2.000000e+03	1.920964e-08	6.351226e-09	6.351226e-09
2.000000e+03	2.040000e+03	1.280587e-08	8.246041e-09	8.246041e-09
2.040000e+03	2.080000e+03	1.580363e-08	6.294771e-09	6.294771e-09
2.080000e+03	2.120000e+03	1.846207e-08	6.431518e-09	6.431518e-09
2.120000e+03	2.160000e+03	1.498777e-08	4.106305e-09	4.106305e-09
2.160000e+03	2.200000e+03	1.303466e-08	6.855284e-09	6.855284e-09
2.200000e+03	2.240000e+03	1.241499e-08	4.573819e-09	4.573819e-09
2.240000e+03	2.280000e+03	3.619310e-09	3.397388e-09	3.397388e-09
2.280000e+03	2.320000e+03	5.086378e-09	2.598785e-09	2.598785e-09
2.320000e+03	2.360000e+03	3.276578e-09	2.262452e-09	2.262452e-09
2.360000e+03	2.400000e+03	2.968163e-09	2.588251e-09	2.588251e-09
2.400000e+03	2.440000e+03	-9.653898e-10	2.952494e-09	2.952494e-09
2.440000e+03	2.480000e+03	3.938265e-09	2.628540e-09	2.628540e-09
2.480000e+03	2.520000e+03	5.109750e-09	1.710445e-09	1.710445e-09
2.520000e+03	2.560000e+03	1.397278e-09	1.393054e-09	1.393054e-09
2.560000e+03	2.600000e+03	1.520145e-09	2.141564e-09	2.141564e-09
2.600000e+03	2.640000e+03	-2.324168e-09	3.245533e-09	3.245533e-09
2.640000e+03	2.680000e+03	-9.728405e-10	2.805764e-09	2.805764e-09
2.680000e+03	2.720000e+03	-2.669200e-12	2.109189e-09	2.109189e-09
2.720000e+03	2.760000e+03	2.431623e-09	1.171942e-09	1.171942e-09
2.760000e+03	2.800000e+03	-9.105167e-10	1.619499e-09	1.619499e-09
2.800000e+03	2.840000e+03	4.742815e-10	7.464753e-10	7.464753e-10
2.840000e+03	2.880000e+03	-4.164615e-09	4.170295e-09	4.170295e-09
2.880000e+03	2.920000e+03	1.029331e-09	5.834667e-10	5.834667e-10
2.920000e+03	2.960000e+03	9.242965e-10	8.625272e-10	8.625272e-10
2.960000e+03	3.000000e+03	-7.722008e-10	1.186202e-09	1.186202e-09
3.000000e+03	3.040000e+03	3.920542e-10	4.071299e-10	4.071299e-10
3.040000e+03	3.080000e+03	2.022162e-10	6.591471e-10	6.591471e-10
3.080000e+03	3.120000e+03	1.025846e-09	3.417733e-10	3.417733e-10
3.120000e+03	3.160000e+03	2.650808e-10	4.103358e-10	4.103358e-10
3.160000e+03	3.200000e+03	6.638637e-10	2.753269e-10	2.753269e-10
3.200000e+03	3.240000e+03	-2.543350e-10	2.463563e-10	2.463563e-10
3.240000e+03	3.280000e+03	3.085605e-10	1.628787e-10	1.628787e-10
3.280000e+03	3.320000e+03	2.776605e-10	1.833672e-10	1.833672e-10
3.320000e+03	3.360000e+03	3.473992e-10	1.391318e-10	1.391318e-10
3.360000e+03	3.400000e+03	4.730825e-11	2.391384e-10	2.391384e-10
3.400000e+03	3.440000e+03	-5.535688e-11	1.693495e-10	1.693495e-10
3.440000e+03	3.480000e+03	1.536037e-10	1.404604e-10	1.404604e-10
3.480000e+03	3.520000e+03	6.129925e-10	3.046719e-10	3.046719e-10
3.520000e+03	3.560000e+03	-1.743593e-10	2.410395e-10	2.410395e-10
3.560000e+03	3.600000e+03	1.653951e-11	8.557405e-11	8.557405e-11
3.600000e+03	3.640000e+03	1.033521e-10	8.606175e-11	8.606175e-11
3.640000e+03	3.680000e+03	-7.077717e-11	2.676153e-10	2.676153e-10
3.680000e+03	3.720000e+03	2.290661e-11	6.698971e-11	6.698971e-11
3.720000e+03	3.760000e+03	-2.238728e-11	1.471854e-10	1.471854e-10
3.760000e+03	3.800000e+03	1.580823e-11	9.694186e-11	9.694186e-11
3.800000e+03	3.840000e+03	5.492785e-11	6.734237e-11	6.734237e-11
3.840000e+03	3.880000e+03	-8.014080e-11	1.053396e-10	1.053396e-10
3.880000e+03	3.920000e+03	1.408383e-10	2.005387e-10	2.005387e-10
3.920000e+03	3.960000e+03	9.023680e-11	5.987511e-11	5.987511e-11
3.960000e+03	4.000000e+03	9.243103e-11	5.624849e-11	5.624849e-11
4.000000e+03	4.040000e+03	4.411588e-11	6.413963e-11	6.413963e-11
4.040000e+03	4.080000e+03	9.641500e-11	6.933550e-11	6.933550e-11
4.080000e+03	4.120000e+03	-2.519058e-11	3.234649e-11	3.234649e-11
4.120000e+03	4.160000e+03	-5.617425e-12	1.159652e-11	1.159652e-11
4.160000e+03	4.200000e+03	3.239930e-11	3.610569e-11	3.610569e-11
4.200000e+03	4.240000e+03	-4.025215e-11	5.702452e-11	5.702452e-11
4.240000e+03	4.280000e+03	8.060627e-11	3.726750e-11	3.726750e-11
4.280000e+03	4.320000e+03	-4.796917e-11	3.927956e-11	3.927956e-11
4.320000e+03	4.360000e+03	-4.565162e-11	5.132061e-11	5.132061e-11
4.360000e+03	4.400000e+03	8.230255e-11	5.819473e-11	5.819473e-11
4.400000e+03	4.440000e+03	8.504138e-12	7.556644e-12	7.556644e-12
4.440000e+03	4.480000e+03	2.148731e-11	2.024869e-11	2.024869e-11
4.480000e+03	4.520000e+03	1.089965e-11	1.128008e-11	1.128008e-11
4.520000e+03	4.560000e+03	-1.653851e-11	1.693778e-11	1.693778e-11
4.560000e+03	4.600000e+03	-8.167780e-12	1.482333e-11	1.482333e-11
4.600000e+03	4.640000e+03	9.650295e-12	1.024710e-11	1.024710e-11
4.640000e+03	4.680000e+03	-3.713218e-12	1.268068e-11	1.268068e-11
4.680000e+03	4.720000e+03	6.042558e-12	4.889082e-12	4.889082e-12
4.720000e+03	4.760000e+03	1.306590e-11	8.349891e-12	8.349891e-12
4.760000e+03	4.800000e+03	1.180528e-11	9.822668e-12	9.822668e-12
4.800000e+03	4.840000e+03	2.200476e-12	7.698254e-12	7.698254e-12
4.840000e+03	4.880000e+03	-9.023883e-13	7.630112e-12	7.630112e-12
4.880000e+03	4.920000e+03	-6.997305e-13	7.343352e-12	7.343352e-12
4.920000e+03	4.960000e+03	-8.196458e-12	7.708397e-12	7.708397e-12
4.960000e+03	5.000000e+03	3.978083e-12	3.593641e-12	3.593641e-12
5.000000e+03	5.040000e+03	5.597242e-12	6.474125e-12	6.474125e-12
5.040000e+03	5.080000e+03	1.936581e-12	1.833184e-12	1.833184e-12
5.080000e+03	5.120000e+03	2.423359e-12	1.641114e-12	1.641114e-12
5.120000e+03	5.160000e+03	1.476940e-12	3.206400e-12	3.206400e-12
5.160000e+03	5.200000e+03	-3.285100e-12	4.525325e-12	4.525325e-12
5.200000e+03	5.240000e+03	1.847236e-12	2.152497e-12	2.152497e-12
5.240000e+03	5.280000e+03	1.267317e-13	6.026759e-13	6.026759e-13
5.280000e+03	5.320000e+03	-1.295121e-12	1.819784e-12	1.819784e-12
5.320000e+03	5.360000e+03	-7.717847e-13	1.451650e-12	1.451650e-12
5.360000e+03	5.400000e+03	5.953385e-15	3.485311e-13	3.485311e-13
5.400000e+03	5.440000e+03	1.286835e-13	2.428462e-13	2.428462e-13
5.440000e+03	5.480000e+03	5.033150e-13	2.574758e-13	2.574758e-13
5.480000e+03	5.520000e+03	1.442431e-13	1.009741e-13	1.009741e-13
5.520000e+03	5.560000e+03	2.845085e-12	3.431769e-12	3.431769e-12
5.560000e+03	5.600000e+03	-9.318163e-14	1.820031e-13	1.820031e-13
5.600000e+03	5.640000e+03	-2.580387e-12	2.356563e-12	2.356563e-12
5.640000e+03	5.680000e+03	5.402263e-13	3.509409e-13	3.509409e-13
5.680000e+03	5.720000e+03	-4.326902e-13	5.344155e-13	5.344155e-13
5.720000e+03	5.760000e+03	-6.336390e-13	7.684572e-13	7.684572e-13
5.760000e+03	5.800000e+03	7.175895e-13	1.213219e-12	1.213219e-12
5.800000e+03	5.840000e+03	1.009234e-13	1.156138e-13	1.156138e-13
5.840000e+03	5.880000e+03	5.445050e-13	3.885445e-13	3.885445e-13
5.880000e+03	5.920000e+03	8.728555e-13	6.265866e-13	6.265866e-13
5.920000e+03	5.960000e+03	-6.601228e-14	8.578531e-14	8.578531e-14
5.960000e+03	6.000000e+03	5.651727e-13	7.907935e-13	7.907935e-13
# END HISTO1D


# BEGIN HISTO1D //homes/tinghua1/higgs-anomalous/Herwig7/gcc11_install_test/H-N2-N3-4-25gev/plots/H-N2-N3-4-25gev-mixed-ffac2-400GeV.yoda/MC_H2JETS_04_TIGHT/HT_all
ErrorBars=1
LineColor=orange
LineStyle=solid
Path=//homes/tinghua1/higgs-anomalous/Herwig7/gcc11_install_test/H-N2-N3-4-25gev/plots/H-N2-N3-4-25gev-mixed-ffac2-400GeV.yoda/MC_H2JETS_04_TIGHT/HT_all
Scale=6.91285653058
Title=CP-mixed-ffac2
# xlow	 xhigh	 val	 errminus	 errplus
0.000000e+00	4.000000e+01	0.000000e+00	0.000000e+00	0.000000e+00
4.000000e+01	8.000000e+01	2.568392e-07	3.129769e-09	3.129769e-09
8.000000e+01	1.200000e+02	7.073770e-06	4.624156e-08	4.624156e-08
1.200000e+02	1.600000e+02	3.547308e-05	1.690073e-07	1.690073e-07
1.600000e+02	2.000000e+02	8.934472e-05	2.195832e-07	2.195832e-07
2.000000e+02	2.400000e+02	1.604226e-04	3.270792e-07	3.270792e-07
2.400000e+02	2.800000e+02	2.363201e-04	5.934614e-07	5.934614e-07
2.800000e+02	3.200000e+02	2.908388e-04	6.710909e-07	6.710909e-07
3.200000e+02	3.600000e+02	3.151878e-04	9.030230e-07	9.030230e-07
3.600000e+02	4.000000e+02	3.141095e-04	1.455878e-06	1.455878e-06
4.000000e+02	4.400000e+02	2.977178e-04	9.974997e-07	9.974997e-07
4.400000e+02	4.800000e+02	2.707255e-04	1.531417e-06	1.531417e-06
4.800000e+02	5.200000e+02	2.407536e-04	1.293781e-06	1.293781e-06
5.200000e+02	5.600000e+02	2.103844e-04	1.463959e-06	1.463959e-06
5.600000e+02	6.000000e+02	1.788078e-04	1.488496e-06	1.488496e-06
6.000000e+02	6.400000e+02	1.523332e-04	1.936016e-06	1.936016e-06
6.400000e+02	6.800000e+02	1.314179e-04	9.371399e-07	9.371399e-07
6.800000e+02	7.200000e+02	1.119472e-04	1.272335e-06	1.272335e-06
7.200000e+02	7.600000e+02	9.365848e-05	1.094373e-06	1.094373e-06
7.600000e+02	8.000000e+02	7.567425e-05	2.355139e-06	2.355139e-06
8.000000e+02	8.400000e+02	6.587083e-05	1.535757e-06	1.535757e-06
8.400000e+02	8.800000e+02	5.459438e-05	1.275480e-06	1.275480e-06
8.800000e+02	9.200000e+02	4.480270e-05	8.396238e-07	8.396238e-07
9.200000e+02	9.600000e+02	3.857397e-05	6.168144e-07	6.168144e-07
9.600000e+02	1.000000e+03	3.080617e-05	1.467435e-06	1.467435e-06
1.000000e+03	1.040000e+03	2.786022e-05	1.303150e-06	1.303150e-06
1.040000e+03	1.080000e+03	2.121172e-05	8.896699e-07	8.896699e-07
1.080000e+03	1.120000e+03	1.877063e-05	6.179342e-07	6.179342e-07
1.120000e+03	1.160000e+03	1.706450e-05	8.907044e-07	8.907044e-07
1.160000e+03	1.200000e+03	1.322508e-05	7.980856e-07	7.980856e-07
1.200000e+03	1.240000e+03	1.148516e-05	4.639992e-07	4.639992e-07
1.240000e+03	1.280000e+03	9.674188e-06	2.794180e-07	2.794180e-07
1.280000e+03	1.320000e+03	8.183680e-06	9.650628e-07	9.650628e-07
1.320000e+03	1.360000e+03	5.079580e-06	1.267606e-06	1.267606e-06
1.360000e+03	1.400000e+03	5.757397e-06	4.005634e-07	4.005634e-07
1.400000e+03	1.440000e+03	4.055625e-06	2.856173e-07	2.856173e-07
1.440000e+03	1.480000e+03	4.310382e-06	3.272575e-07	3.272575e-07
1.480000e+03	1.520000e+03	3.548200e-06	2.510936e-07	2.510936e-07
1.520000e+03	1.560000e+03	1.713408e-06	1.932901e-06	1.932901e-06
1.560000e+03	1.600000e+03	2.406899e-06	2.905661e-07	2.905661e-07
1.600000e+03	1.640000e+03	1.986267e-06	1.481514e-07	1.481514e-07
1.640000e+03	1.680000e+03	1.757821e-06	1.916260e-07	1.916260e-07
1.680000e+03	1.720000e+03	1.392274e-06	1.595083e-07	1.595083e-07
1.720000e+03	1.760000e+03	1.886041e-06	6.036551e-07	6.036551e-07
1.760000e+03	1.800000e+03	1.059330e-06	1.475458e-07	1.475458e-07
1.800000e+03	1.840000e+03	1.027340e-06	2.914793e-07	2.914793e-07
1.840000e+03	1.880000e+03	9.110097e-07	1.146778e-07	1.146778e-07
1.880000e+03	1.920000e+03	6.092210e-07	7.403000e-08	7.403000e-08
1.920000e+03	1.960000e+03	6.163873e-07	1.145116e-07	1.145116e-07
1.960000e+03	2.000000e+03	4.647480e-07	2.064100e-07	2.064100e-07
2.000000e+03	2.040000e+03	7.234828e-07	2.168158e-07	2.168158e-07
2.040000e+03	2.080000e+03	3.212813e-07	5.536688e-08	5.536688e-08
2.080000e+03	2.120000e+03	2.635273e-07	9.903481e-08	9.903481e-08
2.120000e+03	2.160000e+03	1.881934e-07	5.949919e-08	5.949919e-08
2.160000e+03	2.200000e+03	3.193450e-07	1.027995e-07	1.027995e-07
2.200000e+03	2.240000e+03	1.542741e-07	5.509584e-08	5.509584e-08
2.240000e+03	2.280000e+03	-8.764455e-08	2.612510e-07	2.612510e-07
2.280000e+03	2.320000e+03	1.936496e-07	2.849267e-08	2.849267e-08
2.320000e+03	2.360000e+03	6.982328e-08	3.765757e-08	3.765757e-08
2.360000e+03	2.400000e+03	-1.953187e-08	1.137168e-07	1.137168e-07
2.400000e+03	2.440000e+03	1.031123e-07	2.948259e-08	2.948259e-08
2.440000e+03	2.480000e+03	5.930003e-08	4.472242e-08	4.472242e-08
2.480000e+03	2.520000e+03	6.973173e-08	3.196496e-08	3.196496e-08
2.520000e+03	2.560000e+03	2.108176e-07	7.223621e-08	7.223621e-08
2.560000e+03	2.600000e+03	5.285435e-09	4.445050e-08	4.445050e-08
2.600000e+03	2.640000e+03	3.462880e-08	2.440332e-08	2.440332e-08
2.640000e+03	2.680000e+03	2.153879e-08	3.384982e-08	3.384982e-08
2.680000e+03	2.720000e+03	3.059715e-08	8.055553e-09	8.055553e-09
2.720000e+03	2.760000e+03	9.622078e-08	2.837622e-08	2.837622e-08
2.760000e+03	2.800000e+03	7.089208e-08	2.747150e-08	2.747150e-08
2.800000e+03	2.840000e+03	1.998843e-08	6.083275e-09	6.083275e-09
2.840000e+03	2.880000e+03	-2.919067e-08	5.523873e-08	5.523873e-08
2.880000e+03	2.920000e+03	2.908735e-08	6.711565e-09	6.711565e-09
2.920000e+03	2.960000e+03	3.938808e-08	1.570213e-08	1.570213e-08
2.960000e+03	3.000000e+03	3.404988e-08	9.610704e-09	9.610704e-09
3.000000e+03	3.040000e+03	3.405208e-07	3.101657e-07	3.101657e-07
3.040000e+03	3.080000e+03	1.718370e-08	9.009714e-09	9.009714e-09
3.080000e+03	3.120000e+03	2.238527e-08	1.452917e-08	1.452917e-08
3.120000e+03	3.160000e+03	9.589530e-09	5.415608e-09	5.415608e-09
3.160000e+03	3.200000e+03	2.458111e-08	2.034419e-08	2.034419e-08
3.200000e+03	3.240000e+03	5.224735e-09	2.471395e-09	2.471395e-09
3.240000e+03	3.280000e+03	3.407693e-09	8.183447e-09	8.183447e-09
3.280000e+03	3.320000e+03	6.519793e-09	7.242775e-09	7.242775e-09
3.320000e+03	3.360000e+03	4.084257e-08	3.834791e-08	3.834791e-08
3.360000e+03	3.400000e+03	2.332363e-09	1.608690e-09	1.608690e-09
3.400000e+03	3.440000e+03	-1.049698e-07	1.146181e-07	1.146181e-07
3.440000e+03	3.480000e+03	1.720430e-08	1.020895e-08	1.020895e-08
3.480000e+03	3.520000e+03	1.752090e-09	6.165504e-09	6.165504e-09
3.520000e+03	3.560000e+03	4.965222e-09	3.126341e-09	3.126341e-09
3.560000e+03	3.600000e+03	8.017232e-09	3.799939e-09	3.799939e-09
3.600000e+03	3.640000e+03	2.089701e-09	2.818172e-09	2.818172e-09
3.640000e+03	3.680000e+03	6.557515e-09	3.341876e-09	3.341876e-09
3.680000e+03	3.720000e+03	1.201261e-09	6.675879e-10	6.675879e-10
3.720000e+03	3.760000e+03	1.800252e-09	1.097635e-09	1.097635e-09
3.760000e+03	3.800000e+03	3.071070e-09	1.567561e-09	1.567561e-09
3.800000e+03	3.840000e+03	1.624604e-09	7.400489e-10	7.400489e-10
3.840000e+03	3.880000e+03	-2.323262e-09	2.582976e-09	2.582976e-09
3.880000e+03	3.920000e+03	3.059715e-09	2.369179e-09	2.369179e-09
3.920000e+03	3.960000e+03	1.124826e-09	1.782327e-09	1.782327e-09
3.960000e+03	4.000000e+03	1.029007e-10	3.894884e-10	3.894884e-10
4.000000e+03	4.040000e+03	-1.987621e-10	6.687713e-10	6.687713e-10
4.040000e+03	4.080000e+03	-1.670996e-09	2.505424e-09	2.505424e-09
4.080000e+03	4.120000e+03	1.620605e-09	7.382087e-10	7.382087e-10
4.120000e+03	4.160000e+03	3.576048e-10	5.248596e-10	5.248596e-10
4.160000e+03	4.200000e+03	-7.230775e-10	1.408617e-09	1.408617e-09
4.200000e+03	4.240000e+03	3.051120e-10	5.212952e-10	5.212952e-10
4.240000e+03	4.280000e+03	3.002203e-10	2.690089e-10	2.690089e-10
4.280000e+03	4.320000e+03	-2.845350e-11	5.059015e-10	5.059015e-10
4.320000e+03	4.360000e+03	2.618245e-10	2.314615e-10	2.314615e-10
4.360000e+03	4.400000e+03	4.767265e-10	2.833836e-10	2.833836e-10
4.400000e+03	4.440000e+03	2.191064e-10	1.190038e-10	1.190038e-10
4.440000e+03	4.480000e+03	-3.482648e-10	5.318616e-10	5.318616e-10
4.480000e+03	4.520000e+03	3.457322e-10	9.461801e-11	9.461801e-11
4.520000e+03	4.560000e+03	1.454632e-10	2.239613e-10	2.239613e-10
4.560000e+03	4.600000e+03	-1.220326e-09	1.073533e-09	1.073533e-09
4.600000e+03	4.640000e+03	4.075838e-11	1.326756e-10	1.326756e-10
4.640000e+03	4.680000e+03	-3.994687e-10	4.846604e-10	4.846604e-10
4.680000e+03	4.720000e+03	3.190287e-10	2.653513e-10	2.653513e-10
4.720000e+03	4.760000e+03	4.955697e-11	5.886855e-11	5.886855e-11
4.760000e+03	4.800000e+03	1.880439e-10	9.671841e-11	9.671841e-11
4.800000e+03	4.840000e+03	7.008950e-11	3.668472e-11	3.668472e-11
4.840000e+03	4.880000e+03	-3.063450e-08	3.081856e-08	3.081856e-08
4.880000e+03	4.920000e+03	-4.071265e-11	2.672149e-10	2.672149e-10
4.920000e+03	4.960000e+03	4.161332e-11	4.569004e-11	4.569004e-11
4.960000e+03	5.000000e+03	-1.189400e-08	1.193228e-08	1.193228e-08
5.000000e+03	5.040000e+03	4.305558e-11	1.766411e-11	1.766411e-11
5.040000e+03	5.080000e+03	2.079203e-11	2.903269e-11	2.903269e-11
5.080000e+03	5.120000e+03	5.559413e-11	4.246636e-11	4.246636e-11
5.120000e+03	5.160000e+03	-1.100366e-09	1.075135e-09	1.075135e-09
5.160000e+03	5.200000e+03	2.766860e-11	2.489809e-11	2.489809e-11
5.200000e+03	5.240000e+03	1.989418e-10	1.385623e-10	1.385623e-10
5.240000e+03	5.280000e+03	-6.713302e-11	9.233810e-11	9.233810e-11
5.280000e+03	5.320000e+03	3.577527e-11	2.122582e-11	2.122582e-11
5.320000e+03	5.360000e+03	6.010608e-11	4.910001e-11	4.910001e-11
5.360000e+03	5.400000e+03	9.502765e-12	1.192351e-11	1.192351e-11
5.400000e+03	5.440000e+03	-1.975183e-13	2.650823e-11	2.650823e-11
5.440000e+03	5.480000e+03	1.921111e-10	1.408346e-10	1.408346e-10
5.480000e+03	5.520000e+03	-8.899475e-12	2.048983e-11	2.048983e-11
5.520000e+03	5.560000e+03	-2.262732e-11	3.322476e-11	3.322476e-11
5.560000e+03	5.600000e+03	2.960427e-11	1.343457e-11	1.343457e-11
5.600000e+03	5.640000e+03	-4.565537e-11	4.169624e-11	4.169624e-11
5.640000e+03	5.680000e+03	1.073614e-11	1.928945e-12	1.928945e-12
5.680000e+03	5.720000e+03	-1.213454e-13	7.679589e-12	7.679589e-12
5.720000e+03	5.760000e+03	8.019352e-12	3.799501e-12	3.799501e-12
5.760000e+03	5.800000e+03	8.413653e-12	3.203301e-12	3.203301e-12
5.800000e+03	5.840000e+03	3.423493e-11	3.245559e-11	3.245559e-11
5.840000e+03	5.880000e+03	4.032502e-12	1.905841e-12	1.905841e-12
5.880000e+03	5.920000e+03	6.083555e-13	1.935182e-12	1.935182e-12
5.920000e+03	5.960000e+03	-2.034983e-12	1.301474e-11	1.301474e-11
5.960000e+03	6.000000e+03	-6.216702e-11	6.047387e-11	6.047387e-11
# END HISTO1D

