# BEGIN PLOT
LegendOnly=//homes/tinghua1/higgs-anomalous/Herwig7/gcc11_install_test/H-N2-N3-4-25gev/plots/H-N2-N3-4-25gev-SM.yoda/MC_H2JETS_04_TIGHT/j1j4_mass //homes/tinghua1/higgs-anomalous/Herwig7/gcc11_install_test/H-N2-N3-4-25gev/plots/H-N2-N3-4-25gev-mixed-nofac.yoda/MC_H2JETS_04_TIGHT/j1j4_mass //homes/tinghua1/higgs-anomalous/Herwig7/gcc11_install_test/H-N2-N3-4-25gev/plots/H-N2-N3-4-25gev-mixed-ffac1-400GeV.yoda/MC_H2JETS_04_TIGHT/j1j4_mass //homes/tinghua1/higgs-anomalous/Herwig7/gcc11_install_test/H-N2-N3-4-25gev/plots/H-N2-N3-4-25gev-mixed-ffac2-400GeV.yoda/MC_H2JETS_04_TIGHT/j1j4_mass
DrawOnly=//homes/tinghua1/higgs-anomalous/Herwig7/gcc11_install_test/H-N2-N3-4-25gev/plots/H-N2-N3-4-25gev-SM.yoda/MC_H2JETS_04_TIGHT/j1j4_mass //homes/tinghua1/higgs-anomalous/Herwig7/gcc11_install_test/H-N2-N3-4-25gev/plots/H-N2-N3-4-25gev-mixed-nofac.yoda/MC_H2JETS_04_TIGHT/j1j4_mass //homes/tinghua1/higgs-anomalous/Herwig7/gcc11_install_test/H-N2-N3-4-25gev/plots/H-N2-N3-4-25gev-mixed-ffac1-400GeV.yoda/MC_H2JETS_04_TIGHT/j1j4_mass //homes/tinghua1/higgs-anomalous/Herwig7/gcc11_install_test/H-N2-N3-4-25gev/plots/H-N2-N3-4-25gev-mixed-ffac2-400GeV.yoda/MC_H2JETS_04_TIGHT/j1j4_mass
Title=h(2*,3*,4)
RatioPlotReference=//homes/tinghua1/higgs-anomalous/Herwig7/gcc11_install_test/H-N2-N3-4-25gev/plots/H-N2-N3-4-25gev-SM.yoda/MC_H2JETS_04_TIGHT/j1j4_mass
RightMargin=0.5
RatioPlot=1
LogY=1
RatioPlotYMax=2.0
RatioPlotYLabel=Ratio
XLabel=$m_{j_1j_4}$ (GeV)
LegendAlign=r
XMax=1000.0
YLabel=$ \text{d} \sigma/ \text{d}  m_{j_1j_4}$ (pb/GeV)
Legend=1
RatioPlotYMin=0.2
# END PLOT


# BEGIN SPECIAL /MC_H2JETS_04_TIGHT/j1j4_mass
\rput[tl](0.05,0.75){\parbox{5cm}{\textcolor{gray}{{\bf Herwig 7.2.3} \\ VBFNLO 3.0.0}}}
# END SPECIAL

# BEGIN HISTO1D //homes/tinghua1/higgs-anomalous/Herwig7/gcc11_install_test/H-N2-N3-4-25gev/plots/H-N2-N3-4-25gev-SM.yoda/MC_H2JETS_04_TIGHT/j1j4_mass
ErrorBars=1
LineColor=red
LineStyle=solid
Path=//homes/tinghua1/higgs-anomalous/Herwig7/gcc11_install_test/H-N2-N3-4-25gev/plots/H-N2-N3-4-25gev-SM.yoda/MC_H2JETS_04_TIGHT/j1j4_mass
Scale=1.23132253028
Title=SM
# xlow	 xhigh	 val	 errminus	 errplus
0.000000e+00	4.000000e+01	3.366715e-05	3.389820e-07	3.389820e-07
4.000000e+01	8.000000e+01	6.521727e-05	7.420684e-07	7.420684e-07
8.000000e+01	1.200000e+02	5.029062e-05	5.826508e-07	5.826508e-07
1.200000e+02	1.600000e+02	3.197305e-05	7.108605e-07	7.108605e-07
1.600000e+02	2.000000e+02	1.611773e-05	3.436317e-07	3.436317e-07
2.000000e+02	2.400000e+02	1.013573e-05	9.662815e-07	9.662815e-07
2.400000e+02	2.800000e+02	3.795075e-06	2.779403e-06	2.779403e-06
2.800000e+02	3.200000e+02	6.298708e-06	3.002934e-07	3.002934e-07
3.200000e+02	3.600000e+02	6.421867e-06	7.728668e-07	7.728668e-07
3.600000e+02	4.000000e+02	5.912288e-06	2.569624e-07	2.569624e-07
4.000000e+02	4.400000e+02	6.008668e-06	5.805602e-07	5.805602e-07
4.400000e+02	4.800000e+02	6.813995e-06	1.563685e-07	1.563685e-07
4.800000e+02	5.200000e+02	7.640635e-06	5.040156e-07	5.040156e-07
5.200000e+02	5.600000e+02	7.338648e-06	1.627160e-07	1.627160e-07
5.600000e+02	6.000000e+02	7.297868e-06	2.557929e-07	2.557929e-07
6.000000e+02	6.400000e+02	8.144605e-06	1.913618e-07	1.913618e-07
6.400000e+02	6.800000e+02	7.753805e-06	1.741382e-07	1.741382e-07
6.800000e+02	7.200000e+02	7.580795e-06	1.796920e-07	1.796920e-07
7.200000e+02	7.600000e+02	6.911763e-06	2.863545e-07	2.863545e-07
7.600000e+02	8.000000e+02	6.973425e-06	1.922607e-07	1.922607e-07
8.000000e+02	8.400000e+02	6.651420e-06	1.832416e-07	1.832416e-07
8.400000e+02	8.800000e+02	6.448138e-06	2.406140e-07	2.406140e-07
8.800000e+02	9.200000e+02	5.855587e-06	1.100950e-07	1.100950e-07
9.200000e+02	9.600000e+02	5.728745e-06	1.292773e-07	1.292773e-07
9.600000e+02	1.000000e+03	5.455175e-06	1.780759e-07	1.780759e-07
1.000000e+03	1.040000e+03	5.118875e-06	1.364113e-07	1.364113e-07
1.040000e+03	1.080000e+03	4.696803e-06	1.658763e-07	1.658763e-07
1.080000e+03	1.120000e+03	4.425710e-06	1.153935e-07	1.153935e-07
1.120000e+03	1.160000e+03	3.982713e-06	1.194050e-07	1.194050e-07
1.160000e+03	1.200000e+03	3.886572e-06	1.542188e-07	1.542188e-07
1.200000e+03	1.240000e+03	3.742797e-06	2.376958e-07	2.376958e-07
1.240000e+03	1.280000e+03	3.190065e-06	9.262066e-08	9.262066e-08
1.280000e+03	1.320000e+03	3.268280e-06	1.003160e-07	1.003160e-07
1.320000e+03	1.360000e+03	2.772648e-06	8.058660e-08	8.058660e-08
1.360000e+03	1.400000e+03	2.550100e-06	7.547336e-08	7.547336e-08
1.400000e+03	1.440000e+03	2.458316e-06	1.065822e-07	1.065822e-07
1.440000e+03	1.480000e+03	2.381343e-06	9.467533e-08	9.467533e-08
1.480000e+03	1.520000e+03	2.101937e-06	5.399568e-08	5.399568e-08
1.520000e+03	1.560000e+03	1.822838e-06	1.708041e-07	1.708041e-07
1.560000e+03	1.600000e+03	1.793042e-06	8.178776e-08	8.178776e-08
1.600000e+03	1.640000e+03	1.709716e-06	6.191311e-08	6.191311e-08
1.640000e+03	1.680000e+03	1.594945e-06	9.422838e-08	9.422838e-08
1.680000e+03	1.720000e+03	1.473878e-06	4.327582e-08	4.327582e-08
1.720000e+03	1.760000e+03	1.305027e-06	8.272628e-08	8.272628e-08
1.760000e+03	1.800000e+03	1.263195e-06	5.430466e-08	5.430466e-08
1.800000e+03	1.840000e+03	1.151446e-06	4.089301e-08	4.089301e-08
1.840000e+03	1.880000e+03	1.117175e-06	4.785051e-08	4.785051e-08
1.880000e+03	1.920000e+03	1.042580e-06	6.296241e-08	6.296241e-08
1.920000e+03	1.960000e+03	9.456848e-07	1.087910e-07	1.087910e-07
1.960000e+03	2.000000e+03	9.086910e-07	1.427584e-07	1.427584e-07
2.000000e+03	2.040000e+03	6.414082e-07	1.047061e-07	1.047061e-07
2.040000e+03	2.080000e+03	7.567873e-07	2.985332e-08	2.985332e-08
2.080000e+03	2.120000e+03	7.445478e-07	4.889537e-08	4.889537e-08
2.120000e+03	2.160000e+03	6.736055e-07	3.150725e-08	3.150725e-08
2.160000e+03	2.200000e+03	6.167698e-07	2.821241e-08	2.821241e-08
2.200000e+03	2.240000e+03	5.134893e-07	2.240007e-08	2.240007e-08
2.240000e+03	2.280000e+03	5.105055e-07	2.312224e-08	2.312224e-08
2.280000e+03	2.320000e+03	5.523488e-07	5.255469e-08	5.255469e-08
2.320000e+03	2.360000e+03	4.153093e-07	5.413759e-08	5.413759e-08
2.360000e+03	2.400000e+03	3.783985e-07	1.703881e-08	1.703881e-08
2.400000e+03	2.440000e+03	3.495598e-07	1.629036e-08	1.629036e-08
2.440000e+03	2.480000e+03	3.570365e-07	4.145506e-08	4.145506e-08
2.480000e+03	2.520000e+03	3.580808e-07	7.744889e-08	7.744889e-08
2.520000e+03	2.560000e+03	2.803153e-07	2.352419e-08	2.352419e-08
2.560000e+03	2.600000e+03	2.910170e-07	2.384600e-08	2.384600e-08
2.600000e+03	2.640000e+03	2.881723e-07	2.003903e-08	2.003903e-08
2.640000e+03	2.680000e+03	2.455495e-07	3.379537e-08	3.379537e-08
2.680000e+03	2.720000e+03	2.196433e-07	3.426662e-08	3.426662e-08
2.720000e+03	2.760000e+03	1.894933e-07	1.338915e-08	1.338915e-08
2.760000e+03	2.800000e+03	1.438087e-07	4.414337e-08	4.414337e-08
2.800000e+03	2.840000e+03	1.914368e-07	2.205808e-08	2.205808e-08
2.840000e+03	2.880000e+03	1.324489e-07	1.305250e-08	1.305250e-08
2.880000e+03	2.920000e+03	1.363108e-07	1.102268e-08	1.102268e-08
2.920000e+03	2.960000e+03	1.874743e-07	3.152236e-08	3.152236e-08
2.960000e+03	3.000000e+03	3.520108e-07	2.569691e-07	2.569691e-07
3.000000e+03	3.040000e+03	1.071890e-07	8.490671e-09	8.490671e-09
3.040000e+03	3.080000e+03	1.149465e-07	1.080329e-08	1.080329e-08
3.080000e+03	3.120000e+03	9.358043e-08	1.406399e-08	1.406399e-08
3.120000e+03	3.160000e+03	9.267105e-08	1.251159e-08	1.251159e-08
3.160000e+03	3.200000e+03	9.815983e-08	1.996729e-08	1.996729e-08
3.200000e+03	3.240000e+03	6.787773e-08	5.822378e-09	5.822378e-09
3.240000e+03	3.280000e+03	6.822137e-08	9.767612e-09	9.767612e-09
3.280000e+03	3.320000e+03	5.319765e-08	3.914057e-09	3.914057e-09
3.320000e+03	3.360000e+03	4.425040e-08	8.546732e-09	8.546732e-09
3.360000e+03	3.400000e+03	4.487150e-08	4.230960e-09	4.230960e-09
3.400000e+03	3.440000e+03	8.376677e-08	2.735519e-08	2.735519e-08
3.440000e+03	3.480000e+03	4.438990e-08	8.940662e-09	8.940662e-09
3.480000e+03	3.520000e+03	3.917340e-08	3.483875e-09	3.483875e-09
3.520000e+03	3.560000e+03	6.381320e-08	2.587802e-08	2.587802e-08
3.560000e+03	3.600000e+03	2.838360e-08	2.881075e-09	2.881075e-09
3.600000e+03	3.640000e+03	3.496118e-08	4.607181e-09	4.607181e-09
3.640000e+03	3.680000e+03	4.525602e-08	2.299485e-08	2.299485e-08
3.680000e+03	3.720000e+03	2.538540e-08	2.283713e-09	2.283713e-09
3.720000e+03	3.760000e+03	2.429143e-08	3.685642e-09	3.685642e-09
3.760000e+03	3.800000e+03	1.792484e-08	2.229717e-09	2.229717e-09
3.800000e+03	3.840000e+03	1.413005e-08	1.768106e-09	1.768106e-09
3.840000e+03	3.880000e+03	1.838060e-08	2.593468e-09	2.593468e-09
3.880000e+03	3.920000e+03	1.154155e-08	1.390413e-09	1.390413e-09
3.920000e+03	3.960000e+03	1.579681e-08	4.929956e-09	4.929956e-09
3.960000e+03	4.000000e+03	1.715920e-08	5.226127e-09	5.226127e-09
4.000000e+03	4.040000e+03	1.468187e-08	3.026744e-09	3.026744e-09
4.040000e+03	4.080000e+03	9.945135e-09	1.726988e-09	1.726988e-09
4.080000e+03	4.120000e+03	1.049809e-08	2.459148e-09	2.459148e-09
4.120000e+03	4.160000e+03	8.362648e-09	1.656580e-09	1.656580e-09
4.160000e+03	4.200000e+03	9.873763e-09	2.566923e-09	2.566923e-09
4.200000e+03	4.240000e+03	8.771062e-09	2.988731e-09	2.988731e-09
4.240000e+03	4.280000e+03	5.817603e-09	1.167176e-09	1.167176e-09
4.280000e+03	4.320000e+03	1.089342e-09	2.902476e-09	2.902476e-09
4.320000e+03	4.360000e+03	7.907748e-09	3.342806e-09	3.342806e-09
4.360000e+03	4.400000e+03	6.576747e-09	2.065766e-09	2.065766e-09
4.400000e+03	4.440000e+03	2.129302e-09	8.322657e-10	8.322657e-10
4.440000e+03	4.480000e+03	4.198967e-09	8.525832e-10	8.525832e-10
4.480000e+03	4.520000e+03	2.933165e-09	5.123780e-10	5.123780e-10
4.520000e+03	4.560000e+03	2.675230e-09	6.143381e-10	6.143381e-10
4.560000e+03	4.600000e+03	4.969965e-09	1.782931e-09	1.782931e-09
4.600000e+03	4.640000e+03	4.356445e-10	1.728082e-09	1.728082e-09
4.640000e+03	4.680000e+03	2.110580e-09	3.685343e-10	3.685343e-10
4.680000e+03	4.720000e+03	1.873457e-09	4.621447e-10	4.621447e-10
4.720000e+03	4.760000e+03	1.066904e-09	4.813320e-10	4.813320e-10
4.760000e+03	4.800000e+03	6.801275e-10	5.241082e-10	5.241082e-10
4.800000e+03	4.840000e+03	3.097953e-09	1.432970e-09	1.432970e-09
4.840000e+03	4.880000e+03	1.225552e-09	3.336947e-10	3.336947e-10
4.880000e+03	4.920000e+03	1.074198e-09	2.353654e-10	2.353654e-10
4.920000e+03	4.960000e+03	1.425820e-09	5.636473e-10	5.636473e-10
4.960000e+03	5.000000e+03	9.851525e-10	3.635354e-10	3.635354e-10
5.000000e+03	5.040000e+03	6.211078e-10	1.378624e-10	1.378624e-10
5.040000e+03	5.080000e+03	1.031738e-09	3.534417e-10	3.534417e-10
5.080000e+03	5.120000e+03	-4.199880e-10	1.072473e-09	1.072473e-09
5.120000e+03	5.160000e+03	2.610442e-10	2.059001e-10	2.059001e-10
5.160000e+03	5.200000e+03	4.567558e-10	2.365302e-10	2.365302e-10
5.200000e+03	5.240000e+03	3.909845e-10	9.141772e-11	9.141772e-11
5.240000e+03	5.280000e+03	3.686607e-10	8.095751e-11	8.095751e-11
5.280000e+03	5.320000e+03	2.917308e-10	9.514190e-11	9.514190e-11
5.320000e+03	5.360000e+03	1.564717e-10	5.416439e-11	5.416439e-11
5.360000e+03	5.400000e+03	4.538342e-10	1.748674e-10	1.748674e-10
5.400000e+03	5.440000e+03	-1.080176e-10	3.946671e-10	3.946671e-10
5.440000e+03	5.480000e+03	1.608045e-10	5.744037e-11	5.744037e-11
5.480000e+03	5.520000e+03	3.543225e-10	1.999995e-10	1.999995e-10
5.520000e+03	5.560000e+03	1.634946e-10	8.473680e-11	8.473680e-11
5.560000e+03	5.600000e+03	1.058431e-10	4.071267e-11	4.071267e-11
5.600000e+03	5.640000e+03	2.557617e-10	8.575197e-11	8.575197e-11
5.640000e+03	5.680000e+03	1.659272e-10	7.788460e-11	7.788460e-11
5.680000e+03	5.720000e+03	1.370696e-11	8.159986e-11	8.159986e-11
5.720000e+03	5.760000e+03	9.737152e-11	3.674876e-11	3.674876e-11
5.760000e+03	5.800000e+03	6.115955e-11	4.995794e-11	4.995794e-11
5.800000e+03	5.840000e+03	8.227682e-11	5.012159e-11	5.012159e-11
5.840000e+03	5.880000e+03	2.279501e-11	3.063621e-11	3.063621e-11
5.880000e+03	5.920000e+03	3.929493e-11	3.214911e-11	3.214911e-11
5.920000e+03	5.960000e+03	3.665235e-11	1.343218e-11	1.343218e-11
5.960000e+03	6.000000e+03	1.131984e-10	9.053370e-11	9.053370e-11
# END HISTO1D


# BEGIN HISTO1D //homes/tinghua1/higgs-anomalous/Herwig7/gcc11_install_test/H-N2-N3-4-25gev/plots/H-N2-N3-4-25gev-mixed-nofac.yoda/MC_H2JETS_04_TIGHT/j1j4_mass
ErrorBars=1
LineColor=blue
LineStyle=solid
Path=//homes/tinghua1/higgs-anomalous/Herwig7/gcc11_install_test/H-N2-N3-4-25gev/plots/H-N2-N3-4-25gev-mixed-nofac.yoda/MC_H2JETS_04_TIGHT/j1j4_mass
Scale=6.4701676744
Title=CP-mixed
# xlow	 xhigh	 val	 errminus	 errplus
0.000000e+00	4.000000e+01	1.113591e-05	3.478364e-07	3.478364e-07
4.000000e+01	8.000000e+01	4.330130e-05	6.446447e-07	6.446447e-07
8.000000e+01	1.200000e+02	3.614110e-05	7.570387e-07	7.570387e-07
1.200000e+02	1.600000e+02	2.532332e-05	1.436464e-06	1.436464e-06
1.600000e+02	2.000000e+02	1.951443e-05	1.352319e-06	1.352319e-06
2.000000e+02	2.400000e+02	1.127606e-05	3.678480e-07	3.678480e-07
2.400000e+02	2.800000e+02	8.492052e-06	5.147261e-07	5.147261e-07
2.800000e+02	3.200000e+02	7.199655e-06	5.276366e-07	5.276366e-07
3.200000e+02	3.600000e+02	5.669203e-06	2.581729e-07	2.581729e-07
3.600000e+02	4.000000e+02	4.881590e-06	2.202781e-07	2.202781e-07
4.000000e+02	4.400000e+02	5.177000e-06	6.461968e-07	6.461968e-07
4.400000e+02	4.800000e+02	4.505878e-06	1.475621e-07	1.475621e-07
4.800000e+02	5.200000e+02	4.374190e-06	1.459877e-07	1.459877e-07
5.200000e+02	5.600000e+02	4.547465e-06	1.808662e-07	1.808662e-07
5.600000e+02	6.000000e+02	4.806757e-06	2.290940e-07	2.290940e-07
6.000000e+02	6.400000e+02	4.657423e-06	1.508461e-07	1.508461e-07
6.400000e+02	6.800000e+02	3.958842e-06	5.936011e-07	5.936011e-07
6.800000e+02	7.200000e+02	4.935245e-06	1.736182e-07	1.736182e-07
7.200000e+02	7.600000e+02	5.204982e-06	2.261319e-07	2.261319e-07
7.600000e+02	8.000000e+02	4.726295e-06	3.161959e-07	3.161959e-07
8.000000e+02	8.400000e+02	4.691568e-06	1.335831e-07	1.335831e-07
8.400000e+02	8.800000e+02	4.740883e-06	1.483755e-07	1.483755e-07
8.800000e+02	9.200000e+02	4.513020e-06	1.188192e-07	1.188192e-07
9.200000e+02	9.600000e+02	4.758970e-06	1.598059e-07	1.598059e-07
9.600000e+02	1.000000e+03	4.974933e-06	4.286010e-07	4.286010e-07
1.000000e+03	1.040000e+03	3.891030e-06	1.697531e-07	1.697531e-07
1.040000e+03	1.080000e+03	3.851558e-06	2.311411e-07	2.311411e-07
1.080000e+03	1.120000e+03	2.723153e-06	1.124885e-06	1.124885e-06
1.120000e+03	1.160000e+03	3.673740e-06	1.745678e-07	1.745678e-07
1.160000e+03	1.200000e+03	3.448403e-06	1.045663e-07	1.045663e-07
1.200000e+03	1.240000e+03	3.455742e-06	1.637355e-07	1.637355e-07
1.240000e+03	1.280000e+03	5.554020e-06	2.372759e-06	2.372759e-06
1.280000e+03	1.320000e+03	2.970913e-06	1.275688e-07	1.275688e-07
1.320000e+03	1.360000e+03	3.070010e-06	3.742204e-07	3.742204e-07
1.360000e+03	1.400000e+03	1.916181e-06	4.197102e-07	4.197102e-07
1.400000e+03	1.440000e+03	2.498724e-06	1.599940e-07	1.599940e-07
1.440000e+03	1.480000e+03	2.680487e-06	3.396927e-07	3.396927e-07
1.480000e+03	1.520000e+03	2.144535e-06	1.202195e-07	1.202195e-07
1.520000e+03	1.560000e+03	2.067219e-06	8.639893e-08	8.639893e-08
1.560000e+03	1.600000e+03	2.155372e-06	1.314779e-07	1.314779e-07
1.600000e+03	1.640000e+03	1.971791e-06	1.276936e-07	1.276936e-07
1.640000e+03	1.680000e+03	1.699840e-06	1.044115e-07	1.044115e-07
1.680000e+03	1.720000e+03	1.856785e-06	1.631427e-07	1.631427e-07
1.720000e+03	1.760000e+03	2.522922e-06	1.071549e-06	1.071549e-06
1.760000e+03	1.800000e+03	1.371182e-06	1.292679e-07	1.292679e-07
1.800000e+03	1.840000e+03	1.210357e-06	9.533893e-08	9.533893e-08
1.840000e+03	1.880000e+03	1.176709e-06	1.022019e-07	1.022019e-07
1.880000e+03	1.920000e+03	1.143595e-06	9.879521e-08	9.879521e-08
1.920000e+03	1.960000e+03	9.693498e-07	6.117822e-08	6.117822e-08
1.960000e+03	2.000000e+03	1.177302e-06	1.375088e-07	1.375088e-07
2.000000e+03	2.040000e+03	9.286633e-07	1.130278e-07	1.130278e-07
2.040000e+03	2.080000e+03	1.019906e-06	1.326339e-07	1.326339e-07
2.080000e+03	2.120000e+03	6.374778e-07	1.401944e-07	1.401944e-07
2.120000e+03	2.160000e+03	6.298448e-07	4.523456e-08	4.523456e-08
2.160000e+03	2.200000e+03	1.209612e-06	4.838231e-07	4.838231e-07
2.200000e+03	2.240000e+03	5.229233e-07	7.509640e-08	7.509640e-08
2.240000e+03	2.280000e+03	6.856287e-07	7.553154e-08	7.553154e-08
2.280000e+03	2.320000e+03	5.820915e-07	4.143834e-08	4.143834e-08
2.320000e+03	2.360000e+03	5.581355e-07	5.228415e-08	5.228415e-08
2.360000e+03	2.400000e+03	5.467097e-07	5.461011e-08	5.461011e-08
2.400000e+03	2.440000e+03	5.073613e-07	1.178964e-07	1.178964e-07
2.440000e+03	2.480000e+03	2.966598e-07	6.522550e-08	6.522550e-08
2.480000e+03	2.520000e+03	3.278218e-07	5.479200e-08	5.479200e-08
2.520000e+03	2.560000e+03	3.260650e-07	3.161246e-08	3.161246e-08
2.560000e+03	2.600000e+03	2.523155e-07	4.261006e-08	4.261006e-08
2.600000e+03	2.640000e+03	3.261258e-07	3.312488e-08	3.312488e-08
2.640000e+03	2.680000e+03	2.948810e-07	4.792694e-08	4.792694e-08
2.680000e+03	2.720000e+03	2.796560e-07	2.668307e-08	2.668307e-08
2.720000e+03	2.760000e+03	4.614802e-07	2.280174e-07	2.280174e-07
2.760000e+03	2.800000e+03	2.281197e-07	4.268038e-08	4.268038e-08
2.800000e+03	2.840000e+03	1.870946e-07	1.358037e-08	1.358037e-08
2.840000e+03	2.880000e+03	1.732133e-07	2.387639e-08	2.387639e-08
2.880000e+03	2.920000e+03	1.516750e-07	7.327683e-08	7.327683e-08
2.920000e+03	2.960000e+03	1.363016e-07	2.825353e-08	2.825353e-08
2.960000e+03	3.000000e+03	1.904111e-07	4.439629e-08	4.439629e-08
3.000000e+03	3.040000e+03	1.415839e-07	1.373016e-08	1.373016e-08
3.040000e+03	3.080000e+03	1.182852e-07	1.679873e-08	1.679873e-08
3.080000e+03	3.120000e+03	1.156572e-07	3.639770e-08	3.639770e-08
3.120000e+03	3.160000e+03	9.806710e-08	5.794073e-08	5.794073e-08
3.160000e+03	3.200000e+03	8.809875e-08	1.038725e-08	1.038725e-08
3.200000e+03	3.240000e+03	1.121012e-07	1.508032e-08	1.508032e-08
3.240000e+03	3.280000e+03	8.442982e-08	8.861994e-09	8.861994e-09
3.280000e+03	3.320000e+03	7.753960e-08	6.256124e-09	6.256124e-09
3.320000e+03	3.360000e+03	8.309945e-08	1.082622e-08	1.082622e-08
3.360000e+03	3.400000e+03	6.005740e-08	6.531686e-09	6.531686e-09
3.400000e+03	3.440000e+03	6.332760e-08	2.144841e-08	2.144841e-08
3.440000e+03	3.480000e+03	6.387157e-08	1.652920e-08	1.652920e-08
3.480000e+03	3.520000e+03	4.541250e-08	7.750050e-09	7.750050e-09
3.520000e+03	3.560000e+03	4.529338e-08	6.477103e-09	6.477103e-09
3.560000e+03	3.600000e+03	4.911700e-10	3.932220e-08	3.932220e-08
3.600000e+03	3.640000e+03	6.290450e-08	2.450522e-08	2.450522e-08
3.640000e+03	3.680000e+03	3.376040e-08	1.434125e-08	1.434125e-08
3.680000e+03	3.720000e+03	3.580283e-08	7.829975e-09	7.829975e-09
3.720000e+03	3.760000e+03	5.936913e-08	2.838253e-08	2.838253e-08
3.760000e+03	3.800000e+03	3.122520e-08	8.528075e-09	8.528075e-09
3.800000e+03	3.840000e+03	3.431693e-08	6.793223e-09	6.793223e-09
3.840000e+03	3.880000e+03	3.131918e-08	8.090152e-09	8.090152e-09
3.880000e+03	3.920000e+03	2.506097e-08	1.031207e-08	1.031207e-08
3.920000e+03	3.960000e+03	2.796150e-08	5.357619e-09	5.357619e-09
3.960000e+03	4.000000e+03	2.839555e-08	6.737347e-09	6.737347e-09
4.000000e+03	4.040000e+03	1.852395e-08	2.503926e-09	2.503926e-09
4.040000e+03	4.080000e+03	4.195552e-08	2.592586e-08	2.592586e-08
4.080000e+03	4.120000e+03	1.041116e-08	5.125604e-09	5.125604e-09
4.120000e+03	4.160000e+03	7.480123e-09	3.547178e-09	3.547178e-09
4.160000e+03	4.200000e+03	1.005277e-08	1.378006e-09	1.378006e-09
4.200000e+03	4.240000e+03	1.060188e-08	1.768538e-09	1.768538e-09
4.240000e+03	4.280000e+03	1.708334e-08	4.436820e-09	4.436820e-09
4.280000e+03	4.320000e+03	9.329063e-09	2.985760e-09	2.985760e-09
4.320000e+03	4.360000e+03	8.412070e-09	1.483787e-09	1.483787e-09
4.360000e+03	4.400000e+03	1.020158e-08	3.518059e-09	3.518059e-09
4.400000e+03	4.440000e+03	7.390655e-09	1.334247e-09	1.334247e-09
4.440000e+03	4.480000e+03	9.097913e-09	4.141140e-09	4.141140e-09
4.480000e+03	4.520000e+03	5.393687e-09	9.873275e-10	9.873275e-10
4.520000e+03	4.560000e+03	3.722840e-09	9.775892e-10	9.775892e-10
4.560000e+03	4.600000e+03	6.733548e-09	2.336013e-09	2.336013e-09
4.600000e+03	4.640000e+03	1.585250e-09	1.228172e-09	1.228172e-09
4.640000e+03	4.680000e+03	5.852622e-09	2.813200e-09	2.813200e-09
4.680000e+03	4.720000e+03	3.882000e-09	1.955014e-09	1.955014e-09
4.720000e+03	4.760000e+03	4.244565e-09	2.854984e-09	2.854984e-09
4.760000e+03	4.800000e+03	2.285085e-09	7.131424e-10	7.131424e-10
4.800000e+03	4.840000e+03	4.336822e-09	1.830113e-09	1.830113e-09
4.840000e+03	4.880000e+03	2.176747e-09	4.872543e-10	4.872543e-10
4.880000e+03	4.920000e+03	2.358381e-09	1.246927e-09	1.246927e-09
4.920000e+03	4.960000e+03	1.178951e-09	7.368655e-10	7.368655e-10
4.960000e+03	5.000000e+03	2.343890e-09	4.075094e-10	4.075094e-10
5.000000e+03	5.040000e+03	2.241308e-09	5.314401e-10	5.314401e-10
5.040000e+03	5.080000e+03	1.690674e-09	4.197918e-10	4.197918e-10
5.080000e+03	5.120000e+03	1.689624e-09	6.398356e-10	6.398356e-10
5.120000e+03	5.160000e+03	1.276131e-09	2.560151e-10	2.560151e-10
5.160000e+03	5.200000e+03	1.362096e-09	7.062439e-10	7.062439e-10
5.200000e+03	5.240000e+03	4.299760e-10	2.947234e-10	2.947234e-10
5.240000e+03	5.280000e+03	9.052092e-10	2.223259e-10	2.223259e-10
5.280000e+03	5.320000e+03	6.830712e-10	1.111578e-10	1.111578e-10
5.320000e+03	5.360000e+03	9.994688e-10	3.898058e-10	3.898058e-10
5.360000e+03	5.400000e+03	8.634245e-10	3.206012e-10	3.206012e-10
5.400000e+03	5.440000e+03	7.727935e-10	5.097363e-10	5.097363e-10
5.440000e+03	5.480000e+03	3.905142e-10	1.329363e-10	1.329363e-10
5.480000e+03	5.520000e+03	1.471606e-09	1.266513e-09	1.266513e-09
5.520000e+03	5.560000e+03	4.612582e-10	2.007127e-10	2.007127e-10
5.560000e+03	5.600000e+03	3.034857e-10	5.721371e-11	5.721371e-11
5.600000e+03	5.640000e+03	1.962131e-10	3.426210e-10	3.426210e-10
5.640000e+03	5.680000e+03	4.123957e-10	1.300354e-10	1.300354e-10
5.680000e+03	5.720000e+03	3.482937e-10	1.262084e-10	1.262084e-10
5.720000e+03	5.760000e+03	3.090488e-11	2.382373e-10	2.382373e-10
5.760000e+03	5.800000e+03	3.620653e-10	1.355015e-10	1.355015e-10
5.800000e+03	5.840000e+03	4.062095e-10	1.849765e-10	1.849765e-10
5.840000e+03	5.880000e+03	5.550070e-10	2.067762e-10	2.067762e-10
5.880000e+03	5.920000e+03	2.338410e-10	6.526486e-11	6.526486e-11
5.920000e+03	5.960000e+03	1.523339e-10	9.209557e-11	9.209557e-11
5.960000e+03	6.000000e+03	5.298347e-11	3.037941e-11	3.037941e-11
# END HISTO1D


# BEGIN HISTO1D //homes/tinghua1/higgs-anomalous/Herwig7/gcc11_install_test/H-N2-N3-4-25gev/plots/H-N2-N3-4-25gev-mixed-ffac1-400GeV.yoda/MC_H2JETS_04_TIGHT/j1j4_mass
ErrorBars=1
LineColor=green
LineStyle=solid
Path=//homes/tinghua1/higgs-anomalous/Herwig7/gcc11_install_test/H-N2-N3-4-25gev/plots/H-N2-N3-4-25gev-mixed-ffac1-400GeV.yoda/MC_H2JETS_04_TIGHT/j1j4_mass
Scale=12.5152858573
Title=CP-mixed-ffac1
# xlow	 xhigh	 val	 errminus	 errplus
0.000000e+00	4.000000e+01	4.827200e-06	9.243751e-08	9.243751e-08
4.000000e+01	8.000000e+01	1.054038e-05	3.639228e-07	3.639228e-07
8.000000e+01	1.200000e+02	7.090690e-06	2.507043e-07	2.507043e-07
1.200000e+02	1.600000e+02	5.387475e-06	2.145511e-07	2.145511e-07
1.600000e+02	2.000000e+02	3.547625e-06	1.492135e-07	1.492135e-07
2.000000e+02	2.400000e+02	2.184284e-06	1.085718e-07	1.085718e-07
2.400000e+02	2.800000e+02	1.690364e-06	1.679586e-07	1.679586e-07
2.800000e+02	3.200000e+02	1.324708e-06	5.738387e-08	5.738387e-08
3.200000e+02	3.600000e+02	1.313857e-06	7.202011e-08	7.202011e-08
3.600000e+02	4.000000e+02	1.397123e-06	6.235913e-08	6.235913e-08
4.000000e+02	4.400000e+02	1.381973e-06	7.370661e-08	7.370661e-08
4.400000e+02	4.800000e+02	1.324934e-06	1.176493e-07	1.176493e-07
4.800000e+02	5.200000e+02	1.426232e-06	5.859140e-08	5.859140e-08
5.200000e+02	5.600000e+02	1.455452e-06	5.879968e-08	5.879968e-08
5.600000e+02	6.000000e+02	1.419540e-06	6.270232e-08	6.270232e-08
6.000000e+02	6.400000e+02	1.512612e-06	5.540790e-08	5.540790e-08
6.400000e+02	6.800000e+02	1.401450e-06	2.527730e-07	2.527730e-07
6.800000e+02	7.200000e+02	1.454355e-06	7.035372e-08	7.035372e-08
7.200000e+02	7.600000e+02	2.406994e-06	9.680964e-07	9.680964e-07
7.600000e+02	8.000000e+02	1.489284e-06	7.552478e-08	7.552478e-08
8.000000e+02	8.400000e+02	1.245527e-06	6.565120e-08	6.565120e-08
8.400000e+02	8.800000e+02	1.225300e-06	1.104827e-07	1.104827e-07
8.800000e+02	9.200000e+02	1.189727e-06	6.057140e-08	6.057140e-08
9.200000e+02	9.600000e+02	1.081341e-06	6.858057e-08	6.858057e-08
9.600000e+02	1.000000e+03	1.071716e-06	8.757536e-08	8.757536e-08
1.000000e+03	1.040000e+03	7.640038e-07	8.489696e-08	8.489696e-08
1.040000e+03	1.080000e+03	8.932153e-07	5.179278e-08	5.179278e-08
1.080000e+03	1.120000e+03	7.966905e-07	6.233452e-08	6.233452e-08
1.120000e+03	1.160000e+03	7.411795e-07	6.659186e-08	6.659186e-08
1.160000e+03	1.200000e+03	6.720378e-07	4.720004e-08	4.720004e-08
1.200000e+03	1.240000e+03	4.744000e-07	1.101582e-07	1.101582e-07
1.240000e+03	1.280000e+03	5.957215e-07	6.165595e-08	6.165595e-08
1.280000e+03	1.320000e+03	5.336317e-07	5.984557e-08	5.984557e-08
1.320000e+03	1.360000e+03	4.848488e-07	3.311548e-08	3.311548e-08
1.360000e+03	1.400000e+03	4.541640e-07	9.011174e-08	9.011174e-08
1.400000e+03	1.440000e+03	3.780382e-07	5.940559e-08	5.940559e-08
1.440000e+03	1.480000e+03	3.579047e-07	3.661343e-08	3.661343e-08
1.480000e+03	1.520000e+03	5.521505e-07	1.965158e-07	1.965158e-07
1.520000e+03	1.560000e+03	3.041765e-07	6.095864e-08	6.095864e-08
1.560000e+03	1.600000e+03	3.021822e-07	3.072225e-08	3.072225e-08
1.600000e+03	1.640000e+03	2.612615e-07	4.810622e-08	4.810622e-08
1.640000e+03	1.680000e+03	3.580490e-07	8.580945e-08	8.580945e-08
1.680000e+03	1.720000e+03	2.069161e-07	3.262015e-08	3.262015e-08
1.720000e+03	1.760000e+03	2.133538e-07	2.579898e-08	2.579898e-08
1.760000e+03	1.800000e+03	1.089585e-07	4.799766e-08	4.799766e-08
1.800000e+03	1.840000e+03	1.885349e-07	2.740407e-08	2.740407e-08
1.840000e+03	1.880000e+03	1.878366e-07	2.700514e-08	2.700514e-08
1.880000e+03	1.920000e+03	1.401257e-07	3.026293e-08	3.026293e-08
1.920000e+03	1.960000e+03	1.534160e-07	2.650078e-08	2.650078e-08
1.960000e+03	2.000000e+03	1.451098e-07	3.377172e-08	3.377172e-08
2.000000e+03	2.040000e+03	1.569478e-07	3.528949e-08	3.528949e-08
2.040000e+03	2.080000e+03	9.035838e-08	2.039227e-08	2.039227e-08
2.080000e+03	2.120000e+03	1.077517e-07	2.655149e-08	2.655149e-08
2.120000e+03	2.160000e+03	8.279080e-08	1.579551e-08	1.579551e-08
2.160000e+03	2.200000e+03	1.522430e-08	1.055997e-07	1.055997e-07
2.200000e+03	2.240000e+03	9.343985e-08	1.952966e-08	1.952966e-08
2.240000e+03	2.280000e+03	2.072557e-08	3.795460e-08	3.795460e-08
2.280000e+03	2.320000e+03	-2.464988e-08	8.535423e-08	8.535423e-08
2.320000e+03	2.360000e+03	6.010823e-08	1.192985e-08	1.192985e-08
2.360000e+03	2.400000e+03	4.137692e-08	1.593442e-08	1.593442e-08
2.400000e+03	2.440000e+03	5.232930e-08	1.232515e-08	1.232515e-08
2.440000e+03	2.480000e+03	2.153406e-08	1.286701e-08	1.286701e-08
2.480000e+03	2.520000e+03	3.969193e-08	1.225313e-08	1.225313e-08
2.520000e+03	2.560000e+03	2.137262e-08	1.094246e-08	1.094246e-08
2.560000e+03	2.600000e+03	2.505562e-08	2.020029e-08	2.020029e-08
2.600000e+03	2.640000e+03	3.757980e-08	1.039907e-08	1.039907e-08
2.640000e+03	2.680000e+03	2.860382e-08	6.571766e-09	6.571766e-09
2.680000e+03	2.720000e+03	3.304123e-08	7.008434e-09	7.008434e-09
2.720000e+03	2.760000e+03	-1.065395e-08	4.359005e-08	4.359005e-08
2.760000e+03	2.800000e+03	8.268830e-09	6.472988e-09	6.472988e-09
2.800000e+03	2.840000e+03	6.152060e-08	3.997063e-08	3.997063e-08
2.840000e+03	2.880000e+03	-1.884291e-09	9.637956e-09	9.637956e-09
2.880000e+03	2.920000e+03	3.408862e-08	2.033758e-08	2.033758e-08
2.920000e+03	2.960000e+03	1.741999e-08	8.533636e-09	8.533636e-09
2.960000e+03	3.000000e+03	3.223607e-09	1.932687e-08	1.932687e-08
3.000000e+03	3.040000e+03	1.206491e-08	3.752586e-09	3.752586e-09
3.040000e+03	3.080000e+03	1.034043e-08	4.676699e-09	4.676699e-09
3.080000e+03	3.120000e+03	2.137140e-08	1.516362e-08	1.516362e-08
3.120000e+03	3.160000e+03	7.541215e-09	9.505627e-09	9.505627e-09
3.160000e+03	3.200000e+03	9.844960e-09	4.946856e-09	4.946856e-09
3.200000e+03	3.240000e+03	1.122220e-08	4.653620e-09	4.653620e-09
3.240000e+03	3.280000e+03	5.386740e-09	5.028898e-09	5.028898e-09
3.280000e+03	3.320000e+03	9.224733e-09	5.298282e-09	5.298282e-09
3.320000e+03	3.360000e+03	3.015128e-09	5.565119e-09	5.565119e-09
3.360000e+03	3.400000e+03	8.712962e-10	6.774404e-09	6.774404e-09
3.400000e+03	3.440000e+03	8.915615e-09	2.534683e-09	2.534683e-09
3.440000e+03	3.480000e+03	8.354593e-09	4.255753e-09	4.255753e-09
3.480000e+03	3.520000e+03	-7.051910e-10	4.144612e-09	4.144612e-09
3.520000e+03	3.560000e+03	1.220947e-08	5.297488e-09	5.297488e-09
3.560000e+03	3.600000e+03	4.728400e-09	1.604546e-09	1.604546e-09
3.600000e+03	3.640000e+03	-1.577284e-10	1.556702e-09	1.556702e-09
3.640000e+03	3.680000e+03	3.933672e-09	3.072762e-09	3.072762e-09
3.680000e+03	3.720000e+03	1.479975e-09	1.735340e-09	1.735340e-09
3.720000e+03	3.760000e+03	3.683515e-09	1.464093e-09	1.464093e-09
3.760000e+03	3.800000e+03	2.647565e-09	1.592389e-09	1.592389e-09
3.800000e+03	3.840000e+03	1.368632e-09	1.137824e-09	1.137824e-09
3.840000e+03	3.880000e+03	5.143702e-09	3.110547e-09	3.110547e-09
3.880000e+03	3.920000e+03	6.437715e-10	1.966015e-09	1.966015e-09
3.920000e+03	3.960000e+03	7.201727e-09	4.251818e-09	4.251818e-09
3.960000e+03	4.000000e+03	8.071927e-10	1.467850e-09	1.467850e-09
4.000000e+03	4.040000e+03	3.738902e-09	2.659309e-09	2.659309e-09
4.040000e+03	4.080000e+03	9.427075e-10	1.076497e-09	1.076497e-09
4.080000e+03	4.120000e+03	1.746354e-09	1.925634e-09	1.925634e-09
4.120000e+03	4.160000e+03	-5.022878e-11	8.709618e-10	8.709618e-10
4.160000e+03	4.200000e+03	2.802217e-10	1.186670e-09	1.186670e-09
4.200000e+03	4.240000e+03	1.432718e-09	9.352008e-10	9.352008e-10
4.240000e+03	4.280000e+03	3.648673e-09	1.684189e-09	1.684189e-09
4.280000e+03	4.320000e+03	1.306695e-09	6.134193e-10	6.134193e-10
4.320000e+03	4.360000e+03	-2.740560e-10	4.692991e-10	4.692991e-10
4.360000e+03	4.400000e+03	8.618158e-10	5.287253e-10	5.287253e-10
4.400000e+03	4.440000e+03	1.194757e-09	3.770826e-10	3.770826e-10
4.440000e+03	4.480000e+03	5.194817e-10	4.448910e-10	4.448910e-10
4.480000e+03	4.520000e+03	1.354122e-09	6.446064e-10	6.446064e-10
4.520000e+03	4.560000e+03	1.315636e-09	1.158624e-09	1.158624e-09
4.560000e+03	4.600000e+03	1.617885e-10	3.557536e-10	3.557536e-10
4.600000e+03	4.640000e+03	-1.201076e-10	3.154648e-10	3.154648e-10
4.640000e+03	4.680000e+03	2.455731e-10	3.121376e-10	3.121376e-10
4.680000e+03	4.720000e+03	-2.584605e-10	4.986586e-10	4.986586e-10
4.720000e+03	4.760000e+03	7.474253e-10	3.920764e-10	3.920764e-10
4.760000e+03	4.800000e+03	-1.441203e-09	1.123476e-09	1.123476e-09
4.800000e+03	4.840000e+03	1.067601e-10	2.210601e-10	2.210601e-10
4.840000e+03	4.880000e+03	6.525850e-11	2.207402e-10	2.207402e-10
4.880000e+03	4.920000e+03	-1.280245e-10	2.318914e-10	2.318914e-10
4.920000e+03	4.960000e+03	2.691483e-11	2.097287e-10	2.097287e-10
4.960000e+03	5.000000e+03	2.353669e-10	2.336328e-10	2.336328e-10
5.000000e+03	5.040000e+03	2.330554e-10	2.919634e-10	2.919634e-10
5.040000e+03	5.080000e+03	2.391061e-11	1.197953e-10	1.197953e-10
5.080000e+03	5.120000e+03	3.029093e-10	2.370790e-10	2.370790e-10
5.120000e+03	5.160000e+03	-1.492614e-10	2.332254e-10	2.332254e-10
5.160000e+03	5.200000e+03	1.317626e-10	1.410719e-10	1.410719e-10
5.200000e+03	5.240000e+03	1.801758e-10	1.124869e-10	1.124869e-10
5.240000e+03	5.280000e+03	-4.370515e-10	3.622756e-10	3.622756e-10
5.280000e+03	5.320000e+03	8.985393e-11	1.372107e-10	1.372107e-10
5.320000e+03	5.360000e+03	1.155267e-10	5.152895e-11	5.152895e-11
5.360000e+03	5.400000e+03	5.134015e-11	4.663540e-11	4.663540e-11
5.400000e+03	5.440000e+03	-1.071300e-10	7.900689e-11	7.900689e-11
5.440000e+03	5.480000e+03	-2.815907e-11	5.597910e-11	5.597910e-11
5.480000e+03	5.520000e+03	-9.240170e-12	6.869700e-11	6.869700e-11
5.520000e+03	5.560000e+03	1.051259e-10	5.385642e-11	5.385642e-11
5.560000e+03	5.600000e+03	9.113698e-11	6.105394e-11	6.105394e-11
5.600000e+03	5.640000e+03	-1.140164e-10	1.239958e-10	1.239958e-10
5.640000e+03	5.680000e+03	9.089980e-11	1.115227e-10	1.115227e-10
5.680000e+03	5.720000e+03	-4.800980e-11	4.170510e-11	4.170510e-11
5.720000e+03	5.760000e+03	5.899600e-11	2.043897e-11	2.043897e-11
5.760000e+03	5.800000e+03	3.313465e-11	3.504725e-11	3.504725e-11
5.800000e+03	5.840000e+03	6.664387e-12	3.942875e-11	3.942875e-11
5.840000e+03	5.880000e+03	6.948265e-11	2.936396e-11	2.936396e-11
5.880000e+03	5.920000e+03	-9.224995e-13	1.511860e-11	1.511860e-11
5.920000e+03	5.960000e+03	8.948627e-12	1.549801e-11	1.549801e-11
5.960000e+03	6.000000e+03	4.645413e-11	3.943102e-11	3.943102e-11
# END HISTO1D


# BEGIN HISTO1D //homes/tinghua1/higgs-anomalous/Herwig7/gcc11_install_test/H-N2-N3-4-25gev/plots/H-N2-N3-4-25gev-mixed-ffac2-400GeV.yoda/MC_H2JETS_04_TIGHT/j1j4_mass
ErrorBars=1
LineColor=orange
LineStyle=solid
Path=//homes/tinghua1/higgs-anomalous/Herwig7/gcc11_install_test/H-N2-N3-4-25gev/plots/H-N2-N3-4-25gev-mixed-ffac2-400GeV.yoda/MC_H2JETS_04_TIGHT/j1j4_mass
Scale=6.91285653058
Title=CP-mixed-ffac2
# xlow	 xhigh	 val	 errminus	 errplus
0.000000e+00	4.000000e+01	1.072167e-05	2.875347e-07	2.875347e-07
4.000000e+01	8.000000e+01	3.937865e-05	7.435957e-07	7.435957e-07
8.000000e+01	1.200000e+02	2.958318e-05	5.826285e-07	5.826285e-07
1.200000e+02	1.600000e+02	2.186290e-05	5.740529e-07	5.740529e-07
1.600000e+02	2.000000e+02	1.540851e-05	5.284036e-07	5.284036e-07
2.000000e+02	2.400000e+02	1.089475e-05	9.520859e-07	9.520859e-07
2.400000e+02	2.800000e+02	6.269415e-06	2.324940e-07	2.324940e-07
2.800000e+02	3.200000e+02	5.790095e-06	4.725061e-07	4.725061e-07
3.200000e+02	3.600000e+02	4.074710e-06	1.942731e-07	1.942731e-07
3.600000e+02	4.000000e+02	4.035250e-06	1.155956e-07	1.155956e-07
4.000000e+02	4.400000e+02	3.974843e-06	3.199435e-07	3.199435e-07
4.400000e+02	4.800000e+02	3.742145e-06	1.200817e-07	1.200817e-07
4.800000e+02	5.200000e+02	4.041845e-06	1.430748e-07	1.430748e-07
5.200000e+02	5.600000e+02	3.987930e-06	1.260039e-07	1.260039e-07
5.600000e+02	6.000000e+02	4.208423e-06	9.097575e-08	9.097575e-08
6.000000e+02	6.400000e+02	4.132703e-06	1.438469e-07	1.438469e-07
6.400000e+02	6.800000e+02	4.562903e-06	1.274562e-07	1.274562e-07
6.800000e+02	7.200000e+02	4.371032e-06	1.995246e-07	1.995246e-07
7.200000e+02	7.600000e+02	4.426358e-06	1.422467e-07	1.422467e-07
7.600000e+02	8.000000e+02	4.092408e-06	1.779696e-07	1.779696e-07
8.000000e+02	8.400000e+02	4.557550e-06	4.546703e-07	4.546703e-07
8.400000e+02	8.800000e+02	4.064925e-06	1.246486e-07	1.246486e-07
8.800000e+02	9.200000e+02	3.811595e-06	1.389418e-07	1.389418e-07
9.200000e+02	9.600000e+02	3.697732e-06	2.130100e-07	2.130100e-07
9.600000e+02	1.000000e+03	3.625230e-06	1.511733e-07	1.511733e-07
1.000000e+03	1.040000e+03	3.408683e-06	1.295709e-07	1.295709e-07
1.040000e+03	1.080000e+03	3.634398e-06	1.220528e-07	1.220528e-07
1.080000e+03	1.120000e+03	3.256237e-06	1.183730e-07	1.183730e-07
1.120000e+03	1.160000e+03	3.452220e-06	2.629293e-07	2.629293e-07
1.160000e+03	1.200000e+03	2.939820e-06	2.067537e-07	2.067537e-07
1.200000e+03	1.240000e+03	3.004930e-06	1.471487e-07	1.471487e-07
1.240000e+03	1.280000e+03	2.648942e-06	8.496702e-08	8.496702e-08
1.280000e+03	1.320000e+03	2.523360e-06	1.103969e-07	1.103969e-07
1.320000e+03	1.360000e+03	2.309900e-06	1.099309e-07	1.099309e-07
1.360000e+03	1.400000e+03	2.193993e-06	2.256568e-07	2.256568e-07
1.400000e+03	1.440000e+03	2.038890e-06	1.846683e-07	1.846683e-07
1.440000e+03	1.480000e+03	2.042510e-06	1.360204e-07	1.360204e-07
1.480000e+03	1.520000e+03	1.767923e-06	1.477739e-07	1.477739e-07
1.520000e+03	1.560000e+03	1.623433e-06	7.148345e-08	7.148345e-08
1.560000e+03	1.600000e+03	1.730138e-06	9.034150e-08	9.034150e-08
1.600000e+03	1.640000e+03	1.484077e-06	2.339163e-07	2.339163e-07
1.640000e+03	1.680000e+03	1.555873e-06	1.488920e-07	1.488920e-07
1.680000e+03	1.720000e+03	1.501034e-06	1.065803e-07	1.065803e-07
1.720000e+03	1.760000e+03	1.217947e-06	6.407244e-08	6.407244e-08
1.760000e+03	1.800000e+03	1.048598e-06	7.753281e-08	7.753281e-08
1.800000e+03	1.840000e+03	9.597532e-07	5.799893e-08	5.799893e-08
1.840000e+03	1.880000e+03	9.093535e-07	1.266060e-07	1.266060e-07
1.880000e+03	1.920000e+03	1.107231e-06	1.362135e-07	1.362135e-07
1.920000e+03	1.960000e+03	8.463450e-07	5.144541e-08	5.144541e-08
1.960000e+03	2.000000e+03	1.362180e-06	5.643283e-07	5.643283e-07
2.000000e+03	2.040000e+03	7.585335e-07	4.326062e-08	4.326062e-08
2.040000e+03	2.080000e+03	6.629518e-07	5.867763e-08	5.867763e-08
2.080000e+03	2.120000e+03	5.726502e-07	4.020408e-08	4.020408e-08
2.120000e+03	2.160000e+03	6.410327e-07	6.712223e-08	6.712223e-08
2.160000e+03	2.200000e+03	5.665145e-07	4.700488e-08	4.700488e-08
2.200000e+03	2.240000e+03	5.543170e-07	5.538259e-08	5.538259e-08
2.240000e+03	2.280000e+03	4.914167e-07	3.523290e-08	3.523290e-08
2.280000e+03	2.320000e+03	4.203080e-07	3.379042e-08	3.379042e-08
2.320000e+03	2.360000e+03	4.419197e-07	4.600271e-08	4.600271e-08
2.360000e+03	2.400000e+03	3.219870e-07	3.441695e-08	3.441695e-08
2.400000e+03	2.440000e+03	4.896827e-07	1.262675e-07	1.262675e-07
2.440000e+03	2.480000e+03	3.491670e-07	3.544525e-08	3.544525e-08
2.480000e+03	2.520000e+03	2.753103e-07	3.412762e-08	3.412762e-08
2.520000e+03	2.560000e+03	3.662990e-07	5.237424e-08	5.237424e-08
2.560000e+03	2.600000e+03	2.597697e-07	4.311947e-08	4.311947e-08
2.600000e+03	2.640000e+03	2.289825e-07	2.792247e-08	2.792247e-08
2.640000e+03	2.680000e+03	2.068508e-07	3.110327e-08	3.110327e-08
2.680000e+03	2.720000e+03	2.138912e-07	1.897064e-08	1.897064e-08
2.720000e+03	2.760000e+03	1.170734e-07	3.531172e-08	3.531172e-08
2.760000e+03	2.800000e+03	1.938044e-07	1.923368e-08	1.923368e-08
2.800000e+03	2.840000e+03	1.940492e-07	3.226297e-08	3.226297e-08
2.840000e+03	2.880000e+03	1.626341e-07	1.881498e-08	1.881498e-08
2.880000e+03	2.920000e+03	1.267314e-07	1.331768e-08	1.331768e-08
2.920000e+03	2.960000e+03	1.675518e-07	3.698038e-08	3.698038e-08
2.960000e+03	3.000000e+03	9.427530e-08	2.257435e-08	2.257435e-08
3.000000e+03	3.040000e+03	1.085624e-07	9.744495e-09	9.744495e-09
3.040000e+03	3.080000e+03	1.119263e-07	1.162219e-08	1.162219e-08
3.080000e+03	3.120000e+03	9.967173e-08	1.845875e-08	1.845875e-08
3.120000e+03	3.160000e+03	6.708290e-08	1.453214e-08	1.453214e-08
3.160000e+03	3.200000e+03	7.041343e-08	9.302335e-09	9.302335e-09
3.200000e+03	3.240000e+03	8.284087e-08	2.226223e-08	2.226223e-08
3.240000e+03	3.280000e+03	3.685587e-08	2.801106e-08	2.801106e-08
3.280000e+03	3.320000e+03	3.634938e-08	3.116811e-08	3.116811e-08
3.320000e+03	3.360000e+03	5.160450e-08	7.579913e-09	7.579913e-09
3.360000e+03	3.400000e+03	5.950980e-08	6.852412e-09	6.852412e-09
3.400000e+03	3.440000e+03	6.610825e-08	1.126881e-08	1.126881e-08
3.440000e+03	3.480000e+03	6.700090e-08	1.756958e-08	1.756958e-08
3.480000e+03	3.520000e+03	4.933568e-08	1.586445e-08	1.586445e-08
3.520000e+03	3.560000e+03	5.480643e-08	1.845728e-08	1.845728e-08
3.560000e+03	3.600000e+03	4.918195e-08	1.077483e-08	1.077483e-08
3.600000e+03	3.640000e+03	3.788747e-08	1.070951e-08	1.070951e-08
3.640000e+03	3.680000e+03	3.915568e-08	8.842044e-09	8.842044e-09
3.680000e+03	3.720000e+03	3.052682e-08	4.168072e-09	4.168072e-09
3.720000e+03	3.760000e+03	2.449578e-08	2.721560e-09	2.721560e-09
3.760000e+03	3.800000e+03	1.764337e-08	6.368559e-09	6.368559e-09
3.800000e+03	3.840000e+03	1.953622e-08	3.201955e-09	3.201955e-09
3.840000e+03	3.880000e+03	2.384069e-08	6.526434e-09	6.526434e-09
3.880000e+03	3.920000e+03	1.512439e-08	1.943648e-09	1.943648e-09
3.920000e+03	3.960000e+03	-1.009819e-08	2.861359e-08	2.861359e-08
3.960000e+03	4.000000e+03	1.431059e-08	2.484540e-09	2.484540e-09
4.000000e+03	4.040000e+03	2.074769e-08	9.182779e-09	9.182779e-09
4.040000e+03	4.080000e+03	1.351888e-08	2.064146e-09	2.064146e-09
4.080000e+03	4.120000e+03	1.340076e-08	2.657666e-09	2.657666e-09
4.120000e+03	4.160000e+03	8.328372e-09	1.343884e-09	1.343884e-09
4.160000e+03	4.200000e+03	1.143284e-08	2.211132e-09	2.211132e-09
4.200000e+03	4.240000e+03	1.165667e-08	1.405605e-09	1.405605e-09
4.240000e+03	4.280000e+03	1.141853e-08	1.711524e-09	1.711524e-09
4.280000e+03	4.320000e+03	7.719185e-09	1.664354e-09	1.664354e-09
4.320000e+03	4.360000e+03	8.814880e-09	1.771671e-09	1.771671e-09
4.360000e+03	4.400000e+03	1.103312e-09	3.556602e-09	3.556602e-09
4.400000e+03	4.440000e+03	2.454187e-09	1.261640e-09	1.261640e-09
4.440000e+03	4.480000e+03	6.347795e-09	3.253233e-09	3.253233e-09
4.480000e+03	4.520000e+03	5.393313e-09	7.741444e-10	7.741444e-10
4.520000e+03	4.560000e+03	4.921700e-09	8.816196e-10	8.816196e-10
4.560000e+03	4.600000e+03	3.693025e-09	1.413914e-09	1.413914e-09
4.600000e+03	4.640000e+03	3.285340e-09	6.351460e-10	6.351460e-10
4.640000e+03	4.680000e+03	3.133765e-09	1.046838e-09	1.046838e-09
4.680000e+03	4.720000e+03	3.850855e-09	6.825907e-10	6.825907e-10
4.720000e+03	4.760000e+03	2.800440e-09	7.462051e-10	7.462051e-10
4.760000e+03	4.800000e+03	3.003950e-09	8.473525e-10	8.473525e-10
4.800000e+03	4.840000e+03	3.241005e-09	7.659829e-10	7.659829e-10
4.840000e+03	4.880000e+03	1.712827e-09	3.924921e-10	3.924921e-10
4.880000e+03	4.920000e+03	2.032182e-09	3.676157e-10	3.676157e-10
4.920000e+03	4.960000e+03	1.715539e-09	7.973186e-10	7.973186e-10
4.960000e+03	5.000000e+03	1.600613e-09	3.267124e-10	3.267124e-10
5.000000e+03	5.040000e+03	1.082397e-09	2.439428e-10	2.439428e-10
5.040000e+03	5.080000e+03	9.136158e-10	3.133963e-10	3.133963e-10
5.080000e+03	5.120000e+03	1.000210e-09	2.280884e-10	2.280884e-10
5.120000e+03	5.160000e+03	2.879410e-10	2.946250e-10	2.946250e-10
5.160000e+03	5.200000e+03	1.706980e-09	9.063143e-10	9.063143e-10
5.200000e+03	5.240000e+03	1.035816e-09	3.533142e-10	3.533142e-10
5.240000e+03	5.280000e+03	3.483170e-10	1.901026e-10	1.901026e-10
5.280000e+03	5.320000e+03	8.464012e-10	2.268059e-10	2.268059e-10
5.320000e+03	5.360000e+03	2.297289e-10	2.646001e-10	2.646001e-10
5.360000e+03	5.400000e+03	3.096380e-10	2.247743e-10	2.247743e-10
5.400000e+03	5.440000e+03	4.147882e-10	9.369849e-11	9.369849e-11
5.440000e+03	5.480000e+03	3.162640e-10	8.922297e-11	8.922297e-11
5.480000e+03	5.520000e+03	5.739920e-10	1.760096e-10	1.760096e-10
5.520000e+03	5.560000e+03	1.339692e-10	1.977170e-10	1.977170e-10
5.560000e+03	5.600000e+03	1.767915e-10	7.171622e-11	7.171622e-11
5.600000e+03	5.640000e+03	5.236622e-10	9.230618e-10	9.230618e-10
5.640000e+03	5.680000e+03	2.202596e-10	7.489269e-11	7.489269e-11
5.680000e+03	5.720000e+03	5.888963e-10	3.369816e-10	3.369816e-10
5.720000e+03	5.760000e+03	2.322444e-10	8.311795e-11	8.311795e-11
5.760000e+03	5.800000e+03	4.516578e-10	2.027229e-10	2.027229e-10
5.800000e+03	5.840000e+03	1.480474e-10	5.470319e-11	5.470319e-11
5.840000e+03	5.880000e+03	8.193957e-11	6.046339e-11	6.046339e-11
5.880000e+03	5.920000e+03	-7.133092e-11	1.333678e-10	1.333678e-10
5.920000e+03	5.960000e+03	1.188326e-10	6.972172e-11	6.972172e-11
5.960000e+03	6.000000e+03	1.734970e-10	8.984226e-11	8.984226e-11
# END HISTO1D

