# BEGIN PLOT
Rebin=4
DrawOnly=//homes/tinghua1/higgs-anomalous/Herwig7/gcc11_install_test/H-N2-N3-4-25gev/plots/H-N2-N3-4-25gev-SM.yoda/MC_H2JETS_04_TIGHT/jet2_mass //homes/tinghua1/higgs-anomalous/Herwig7/gcc11_install_test/H-N2-N3-4-25gev/plots/H-N2-N3-4-25gev-mixed-nofac.yoda/MC_H2JETS_04_TIGHT/jet2_mass //homes/tinghua1/higgs-anomalous/Herwig7/gcc11_install_test/H-N2-N3-4-25gev/plots/H-N2-N3-4-25gev-mixed-ffac1-400GeV.yoda/MC_H2JETS_04_TIGHT/jet2_mass //homes/tinghua1/higgs-anomalous/Herwig7/gcc11_install_test/H-N2-N3-4-25gev/plots/H-N2-N3-4-25gev-mixed-ffac2-400GeV.yoda/MC_H2JETS_04_TIGHT/jet2_mass
Title=h(2*,3*,4)
RatioPlotReference=//homes/tinghua1/higgs-anomalous/Herwig7/gcc11_install_test/H-N2-N3-4-25gev/plots/H-N2-N3-4-25gev-SM.yoda/MC_H2JETS_04_TIGHT/jet2_mass
RightMargin=0.5
RatioPlot=1
LogY=1
RatioPlotYMax=3.0
RatioPlotYLabel=Ratio
LegendOnly=//homes/tinghua1/higgs-anomalous/Herwig7/gcc11_install_test/H-N2-N3-4-25gev/plots/H-N2-N3-4-25gev-SM.yoda/MC_H2JETS_04_TIGHT/jet2_mass //homes/tinghua1/higgs-anomalous/Herwig7/gcc11_install_test/H-N2-N3-4-25gev/plots/H-N2-N3-4-25gev-mixed-nofac.yoda/MC_H2JETS_04_TIGHT/jet2_mass //homes/tinghua1/higgs-anomalous/Herwig7/gcc11_install_test/H-N2-N3-4-25gev/plots/H-N2-N3-4-25gev-mixed-ffac1-400GeV.yoda/MC_H2JETS_04_TIGHT/jet2_mass //homes/tinghua1/higgs-anomalous/Herwig7/gcc11_install_test/H-N2-N3-4-25gev/plots/H-N2-N3-4-25gev-mixed-ffac2-400GeV.yoda/MC_H2JETS_04_TIGHT/jet2_mass
XLabel=$m_{j_2}$ (GeV)
LegendAlign=r
YLabel=$ \text{d} \sigma/ \text{d}  m_{j_2}$ (pb/GeV)
Legend=1
RatioPlotYMin=0.0
# END PLOT


# BEGIN SPECIAL /MC_H2JETS_04_TIGHT/jet2_mass
\rput[tl](0.05,0.75){\parbox{5cm}{\textcolor{gray}{{\bf Herwig 7.2.3} \\ VBFNLO 3.0.0}}}
# END SPECIAL

# BEGIN HISTO1D //homes/tinghua1/higgs-anomalous/Herwig7/gcc11_install_test/H-N2-N3-4-25gev/plots/H-N2-N3-4-25gev-SM.yoda/MC_H2JETS_04_TIGHT/jet2_mass
ErrorBars=1
LineColor=red
LineStyle=solid
Path=//homes/tinghua1/higgs-anomalous/Herwig7/gcc11_install_test/H-N2-N3-4-25gev/plots/H-N2-N3-4-25gev-SM.yoda/MC_H2JETS_04_TIGHT/jet2_mass
Scale=1.23132253028
Title=SM
# xlow	 xhigh	 val	 errminus	 errplus
0.000000e+00	1.000000e+00	3.148272e-01	2.654433e-04	2.654433e-04
1.000000e+00	2.000000e+00	2.835359e-02	3.607105e-05	3.607105e-05
2.000000e+00	3.000000e+00	3.064236e-02	6.049657e-05	6.049657e-05
3.000000e+00	4.000000e+00	7.756763e-02	9.866791e-05	9.866791e-05
4.000000e+00	5.000000e+00	8.727737e-02	8.346003e-05	8.346003e-05
5.000000e+00	6.000000e+00	7.212207e-02	1.483973e-04	1.483973e-04
6.000000e+00	7.000000e+00	5.624525e-02	1.023218e-04	1.023218e-04
7.000000e+00	8.000000e+00	4.054347e-02	7.414939e-05	7.414939e-05
8.000000e+00	9.000000e+00	2.876631e-02	6.793036e-05	6.793036e-05
9.000000e+00	1.000000e+01	2.038313e-02	6.927207e-05	6.927207e-05
1.000000e+01	1.100000e+01	1.458985e-02	7.590320e-05	7.590320e-05
1.100000e+01	1.200000e+01	1.049082e-02	7.861962e-05	7.861962e-05
1.200000e+01	1.300000e+01	7.706888e-03	4.367470e-05	4.367470e-05
1.300000e+01	1.400000e+01	5.637373e-03	3.246416e-05	3.246416e-05
1.400000e+01	1.500000e+01	4.266457e-03	4.901847e-05	4.901847e-05
1.500000e+01	1.600000e+01	3.200748e-03	4.778759e-05	4.778759e-05
1.600000e+01	1.700000e+01	2.397571e-03	2.862543e-05	2.862543e-05
1.700000e+01	1.800000e+01	1.789241e-03	1.302459e-05	1.302459e-05
1.800000e+01	1.900000e+01	1.320023e-03	1.163293e-05	1.163293e-05
1.900000e+01	2.000000e+01	9.897586e-04	1.261759e-05	1.261759e-05
2.000000e+01	2.100000e+01	7.465022e-04	8.999950e-06	8.999950e-06
2.100000e+01	2.200000e+01	5.650044e-04	1.194681e-05	1.194681e-05
2.200000e+01	2.300000e+01	4.256796e-04	9.041737e-06	9.041737e-06
2.300000e+01	2.400000e+01	3.100117e-04	1.067598e-05	1.067598e-05
2.400000e+01	2.500000e+01	2.348133e-04	6.871025e-06	6.871025e-06
2.500000e+01	2.600000e+01	1.707241e-04	4.101188e-06	4.101188e-06
2.600000e+01	2.700000e+01	1.357304e-04	2.694512e-06	2.694512e-06
2.700000e+01	2.800000e+01	1.006773e-04	2.355834e-06	2.355834e-06
2.800000e+01	2.900000e+01	8.030332e-05	3.070288e-06	3.070288e-06
2.900000e+01	3.000000e+01	5.653070e-05	1.811953e-06	1.811953e-06
3.000000e+01	3.100000e+01	3.713110e-05	4.953859e-06	4.953859e-06
3.100000e+01	3.200000e+01	3.529409e-05	1.401773e-06	1.401773e-06
3.200000e+01	3.300000e+01	2.610392e-05	9.788507e-07	9.788507e-07
3.300000e+01	3.400000e+01	2.068516e-05	1.066647e-06	1.066647e-06
3.400000e+01	3.500000e+01	1.618773e-05	8.486473e-07	8.486473e-07
3.500000e+01	3.600000e+01	1.165792e-05	7.134313e-07	7.134313e-07
3.600000e+01	3.700000e+01	9.259163e-06	1.035808e-06	1.035808e-06
3.700000e+01	3.800000e+01	7.909454e-06	7.309196e-07	7.309196e-07
3.800000e+01	3.900000e+01	5.286573e-06	8.760310e-07	8.760310e-07
3.900000e+01	4.000000e+01	3.673273e-06	3.855193e-07	3.855193e-07
4.000000e+01	4.100000e+01	3.461284e-06	3.973649e-07	3.973649e-07
4.100000e+01	4.200000e+01	2.752110e-06	3.051168e-07	3.051168e-07
4.200000e+01	4.300000e+01	7.425394e-07	1.625666e-06	1.625666e-06
4.300000e+01	4.400000e+01	1.709359e-06	2.938325e-07	2.938325e-07
4.400000e+01	4.500000e+01	1.394129e-06	1.583453e-07	1.583453e-07
4.500000e+01	4.600000e+01	1.625432e-06	4.878280e-07	4.878280e-07
4.600000e+01	4.700000e+01	2.639976e-06	2.368430e-06	2.368430e-06
4.700000e+01	4.800000e+01	9.862458e-08	6.618179e-07	6.618179e-07
4.800000e+01	4.900000e+01	6.818733e-07	1.408757e-07	1.408757e-07
4.900000e+01	5.000000e+01	5.967175e-07	9.335634e-08	9.335634e-08
5.000000e+01	5.100000e+01	4.062381e-07	9.711860e-08	9.711860e-08
5.100000e+01	5.200000e+01	-2.672069e-07	5.749330e-07	5.749330e-07
5.200000e+01	5.300000e+01	3.204105e-07	1.016400e-07	1.016400e-07
5.300000e+01	5.400000e+01	1.834484e-07	6.702175e-08	6.702175e-08
5.400000e+01	5.500000e+01	1.526842e-07	4.527030e-08	4.527030e-08
5.500000e+01	5.600000e+01	1.122458e-07	6.183323e-08	6.183323e-08
5.600000e+01	5.700000e+01	1.495618e-07	3.450270e-08	3.450270e-08
5.700000e+01	5.800000e+01	1.381890e-07	3.961084e-08	3.961084e-08
5.800000e+01	5.900000e+01	-2.336296e-08	9.464508e-08	9.464508e-08
5.900000e+01	6.000000e+01	7.458590e-08	6.969600e-08	6.969600e-08
6.000000e+01	6.100000e+01	5.305501e-08	1.447597e-08	1.447597e-08
6.100000e+01	6.200000e+01	6.172860e-08	2.744467e-08	2.744467e-08
6.200000e+01	6.300000e+01	1.009291e-07	4.118622e-08	4.118622e-08
6.300000e+01	6.400000e+01	9.910812e-07	9.046309e-07	9.046309e-07
6.400000e+01	6.500000e+01	4.928750e-08	1.261787e-08	1.261787e-08
6.500000e+01	6.600000e+01	1.205424e-08	6.380103e-09	6.380103e-09
6.600000e+01	6.700000e+01	3.153242e-08	9.426615e-09	9.426615e-09
6.700000e+01	6.800000e+01	1.459441e-07	1.153904e-07	1.153904e-07
6.800000e+01	6.900000e+01	2.357844e-08	1.091951e-08	1.091951e-08
6.900000e+01	7.000000e+01	2.103413e-08	1.054446e-08	1.054446e-08
7.000000e+01	7.100000e+01	1.435009e-08	5.510157e-09	5.510157e-09
7.100000e+01	7.200000e+01	2.125172e-08	7.782616e-09	7.782616e-09
7.200000e+01	7.300000e+01	8.402788e-09	1.200774e-08	1.200774e-08
7.300000e+01	7.400000e+01	6.057025e-09	1.540931e-09	1.540931e-09
7.400000e+01	7.500000e+01	8.917295e-09	3.147773e-09	3.147773e-09
7.500000e+01	7.600000e+01	2.710966e-09	2.570056e-09	2.570056e-09
7.600000e+01	7.700000e+01	4.847337e-09	1.500614e-09	1.500614e-09
7.700000e+01	7.800000e+01	5.284570e-08	4.627030e-08	4.627030e-08
7.800000e+01	7.900000e+01	2.479476e-09	8.463258e-10	8.463258e-10
7.900000e+01	8.000000e+01	9.218687e-09	6.893474e-09	6.893474e-09
8.000000e+01	8.100000e+01	2.340714e-09	9.886844e-10	9.886844e-10
8.100000e+01	8.200000e+01	3.780407e-09	1.611985e-09	1.611985e-09
8.200000e+01	8.300000e+01	1.685449e-09	6.620538e-10	6.620538e-10
8.300000e+01	8.400000e+01	2.417457e-09	1.535513e-09	1.535513e-09
8.400000e+01	8.500000e+01	4.675356e-10	1.845758e-10	1.845758e-10
8.500000e+01	8.600000e+01	9.198547e-10	4.479586e-10	4.479586e-10
8.600000e+01	8.700000e+01	-1.225699e-09	1.790026e-09	1.790026e-09
8.700000e+01	8.800000e+01	1.540372e-09	1.294641e-09	1.294641e-09
8.800000e+01	8.900000e+01	4.022956e-10	3.880278e-10	3.880278e-10
8.900000e+01	9.000000e+01	8.181567e-10	4.697264e-10	4.697264e-10
9.000000e+01	9.100000e+01	3.431338e-10	1.611730e-10	1.611730e-10
9.100000e+01	9.200000e+01	2.286038e-10	1.069687e-10	1.069687e-10
9.200000e+01	9.300000e+01	1.891872e-10	9.657440e-11	9.657440e-11
9.300000e+01	9.400000e+01	1.673590e-10	8.518831e-11	8.518831e-11
9.400000e+01	9.500000e+01	3.704450e-10	2.565146e-10	2.565146e-10
9.500000e+01	9.600000e+01	9.389463e-11	4.888075e-11	4.888075e-11
9.600000e+01	9.700000e+01	2.687569e-11	1.285650e-11	1.285650e-11
9.700000e+01	9.800000e+01	8.359044e-10	8.025340e-10	8.025340e-10
9.800000e+01	9.900000e+01	2.282051e-11	1.186668e-11	1.186668e-11
9.900000e+01	1.000000e+02	7.625418e-11	4.227687e-11	4.227687e-11
# END HISTO1D


# BEGIN HISTO1D //homes/tinghua1/higgs-anomalous/Herwig7/gcc11_install_test/H-N2-N3-4-25gev/plots/H-N2-N3-4-25gev-mixed-nofac.yoda/MC_H2JETS_04_TIGHT/jet2_mass
ErrorBars=1
LineColor=blue
LineStyle=solid
Path=//homes/tinghua1/higgs-anomalous/Herwig7/gcc11_install_test/H-N2-N3-4-25gev/plots/H-N2-N3-4-25gev-mixed-nofac.yoda/MC_H2JETS_04_TIGHT/jet2_mass
Scale=6.4701676744
Title=CP-mixed
# xlow	 xhigh	 val	 errminus	 errplus
0.000000e+00	1.000000e+00	4.181564e-02	1.238190e-04	1.238190e-04
1.000000e+00	2.000000e+00	3.166201e-03	2.887841e-05	2.887841e-05
2.000000e+00	3.000000e+00	3.877539e-03	5.347265e-05	5.347265e-05
3.000000e+00	4.000000e+00	1.010852e-02	4.578066e-05	4.578066e-05
4.000000e+00	5.000000e+00	1.188921e-02	6.694091e-05	6.694091e-05
5.000000e+00	6.000000e+00	1.153108e-02	7.573743e-05	7.573743e-05
6.000000e+00	7.000000e+00	1.106924e-02	6.386004e-05	6.386004e-05
7.000000e+00	8.000000e+00	9.854370e-03	1.009562e-04	1.009562e-04
8.000000e+00	9.000000e+00	8.412055e-03	7.156328e-05	7.156328e-05
9.000000e+00	1.000000e+01	7.171163e-03	5.172579e-05	5.172579e-05
1.000000e+01	1.100000e+01	5.917481e-03	7.179803e-05	7.179803e-05
1.100000e+01	1.200000e+01	4.887203e-03	6.306218e-05	6.306218e-05
1.200000e+01	1.300000e+01	4.068939e-03	4.208172e-05	4.208172e-05
1.300000e+01	1.400000e+01	3.451089e-03	4.293853e-05	4.293853e-05
1.400000e+01	1.500000e+01	2.778493e-03	3.069386e-05	3.069386e-05
1.500000e+01	1.600000e+01	2.469338e-03	1.071550e-04	1.071550e-04
1.600000e+01	1.700000e+01	1.953247e-03	1.901028e-05	1.901028e-05
1.700000e+01	1.800000e+01	1.649367e-03	2.686034e-05	2.686034e-05
1.800000e+01	1.900000e+01	1.365651e-03	2.111961e-05	2.111961e-05
1.900000e+01	2.000000e+01	1.137762e-03	2.063042e-05	2.063042e-05
2.000000e+01	2.100000e+01	9.454519e-04	2.009043e-05	2.009043e-05
2.100000e+01	2.200000e+01	7.616011e-04	2.427820e-05	2.427820e-05
2.200000e+01	2.300000e+01	6.896796e-04	2.686215e-05	2.686215e-05
2.300000e+01	2.400000e+01	5.453044e-04	1.350878e-05	1.350878e-05
2.400000e+01	2.500000e+01	4.704503e-04	1.646049e-05	1.646049e-05
2.500000e+01	2.600000e+01	4.110927e-04	1.511167e-05	1.511167e-05
2.600000e+01	2.700000e+01	3.552589e-04	1.396560e-05	1.396560e-05
2.700000e+01	2.800000e+01	2.732129e-04	1.035500e-05	1.035500e-05
2.800000e+01	2.900000e+01	2.175188e-04	1.589128e-05	1.589128e-05
2.900000e+01	3.000000e+01	2.017079e-04	2.028738e-05	2.028738e-05
3.000000e+01	3.100000e+01	1.618409e-04	1.242082e-05	1.242082e-05
3.100000e+01	3.200000e+01	1.788667e-04	2.377978e-05	2.377978e-05
3.200000e+01	3.300000e+01	1.212794e-04	6.016024e-06	6.016024e-06
3.300000e+01	3.400000e+01	1.031411e-04	6.474282e-06	6.474282e-06
3.400000e+01	3.500000e+01	8.433891e-05	8.806167e-06	8.806167e-06
3.500000e+01	3.600000e+01	8.091568e-05	6.875240e-06	6.875240e-06
3.600000e+01	3.700000e+01	5.957448e-05	4.850794e-06	4.850794e-06
3.700000e+01	3.800000e+01	4.296260e-05	1.013929e-05	1.013929e-05
3.800000e+01	3.900000e+01	4.844065e-05	3.190268e-06	3.190268e-06
3.900000e+01	4.000000e+01	4.190294e-05	3.406830e-06	3.406830e-06
4.000000e+01	4.100000e+01	6.868258e-06	2.725971e-05	2.725971e-05
4.100000e+01	4.200000e+01	3.063984e-05	2.679155e-06	2.679155e-06
4.200000e+01	4.300000e+01	1.943168e-05	4.656359e-06	4.656359e-06
4.300000e+01	4.400000e+01	2.123414e-05	3.175912e-06	3.175912e-06
4.400000e+01	4.500000e+01	2.052233e-05	2.571623e-06	2.571623e-06
4.500000e+01	4.600000e+01	1.855104e-05	1.990117e-06	1.990117e-06
4.600000e+01	4.700000e+01	1.268817e-05	2.373241e-06	2.373241e-06
4.700000e+01	4.800000e+01	-1.712351e-05	2.817069e-05	2.817069e-05
4.800000e+01	4.900000e+01	9.362313e-06	7.299808e-07	7.299808e-07
4.900000e+01	5.000000e+01	6.719425e-06	1.721143e-06	1.721143e-06
5.000000e+01	5.100000e+01	6.073801e-06	3.320477e-06	3.320477e-06
5.100000e+01	5.200000e+01	6.891202e-06	1.068517e-06	1.068517e-06
5.200000e+01	5.300000e+01	6.186017e-06	1.361859e-06	1.361859e-06
5.300000e+01	5.400000e+01	3.811534e-06	1.302978e-06	1.302978e-06
5.400000e+01	5.500000e+01	4.501002e-06	4.125556e-07	4.125556e-07
5.500000e+01	5.600000e+01	3.960083e-06	5.123617e-07	5.123617e-07
5.600000e+01	5.700000e+01	4.297487e-06	6.006012e-07	6.006012e-07
5.700000e+01	5.800000e+01	1.948482e-06	6.856177e-07	6.856177e-07
5.800000e+01	5.900000e+01	2.963715e-06	3.774108e-07	3.774108e-07
5.900000e+01	6.000000e+01	2.557288e-06	4.623543e-07	4.623543e-07
6.000000e+01	6.100000e+01	5.809984e-07	1.152132e-06	1.152132e-06
6.100000e+01	6.200000e+01	2.197755e-06	2.546927e-07	2.546927e-07
6.200000e+01	6.300000e+01	1.131691e-06	4.388683e-07	4.388683e-07
6.300000e+01	6.400000e+01	2.190389e-06	3.986746e-07	3.986746e-07
6.400000e+01	6.500000e+01	9.059223e-07	4.712942e-07	4.712942e-07
6.500000e+01	6.600000e+01	9.085156e-07	2.921581e-07	2.921581e-07
6.600000e+01	6.700000e+01	8.757644e-07	2.226666e-07	2.226666e-07
6.700000e+01	6.800000e+01	9.923412e-07	2.290864e-07	2.290864e-07
6.800000e+01	6.900000e+01	7.308240e-07	1.438463e-07	1.438463e-07
6.900000e+01	7.000000e+01	7.184604e-07	1.303261e-07	1.303261e-07
7.000000e+01	7.100000e+01	7.145883e-07	1.686487e-07	1.686487e-07
7.100000e+01	7.200000e+01	1.015710e-06	3.351703e-07	3.351703e-07
7.200000e+01	7.300000e+01	5.898106e-07	2.976093e-07	2.976093e-07
7.300000e+01	7.400000e+01	4.552203e-07	1.232348e-07	1.232348e-07
7.400000e+01	7.500000e+01	5.543934e-07	1.102086e-07	1.102086e-07
7.500000e+01	7.600000e+01	7.086402e-07	2.683071e-07	2.683071e-07
7.600000e+01	7.700000e+01	3.590768e-07	9.924564e-08	9.924564e-08
7.700000e+01	7.800000e+01	3.356443e-07	5.570525e-08	5.570525e-08
7.800000e+01	7.900000e+01	5.169800e-09	2.413838e-07	2.413838e-07
7.900000e+01	8.000000e+01	-2.515166e-06	2.803811e-06	2.803811e-06
8.000000e+01	8.100000e+01	2.897525e-07	8.006013e-08	8.006013e-08
8.100000e+01	8.200000e+01	1.299120e-07	1.477218e-07	1.477218e-07
8.200000e+01	8.300000e+01	2.084555e-07	9.421180e-08	9.421180e-08
8.300000e+01	8.400000e+01	2.230212e-07	8.267003e-08	8.267003e-08
8.400000e+01	8.500000e+01	2.644057e-07	1.037431e-07	1.037431e-07
8.500000e+01	8.600000e+01	2.732974e-07	1.455753e-07	1.455753e-07
8.600000e+01	8.700000e+01	3.666631e-08	5.735451e-08	5.735451e-08
8.700000e+01	8.800000e+01	9.790734e-08	2.513838e-08	2.513838e-08
8.800000e+01	8.900000e+01	1.006476e-07	3.287800e-08	3.287800e-08
8.900000e+01	9.000000e+01	7.442137e-08	2.134594e-08	2.134594e-08
9.000000e+01	9.100000e+01	9.465303e-08	3.924713e-08	3.924713e-08
9.100000e+01	9.200000e+01	-1.083304e-07	1.346004e-07	1.346004e-07
9.200000e+01	9.300000e+01	-1.158972e-07	1.298841e-07	1.298841e-07
9.300000e+01	9.400000e+01	2.082130e-08	1.471366e-08	1.471366e-08
9.400000e+01	9.500000e+01	1.852338e-08	1.593551e-08	1.593551e-08
9.500000e+01	9.600000e+01	2.437463e-08	1.531643e-08	1.531643e-08
9.600000e+01	9.700000e+01	1.928230e-08	6.735199e-09	6.735199e-09
9.700000e+01	9.800000e+01	1.753436e-08	5.425232e-09	5.425232e-09
9.800000e+01	9.900000e+01	4.451600e-08	2.360146e-08	2.360146e-08
9.900000e+01	1.000000e+02	1.722445e-08	1.357812e-08	1.357812e-08
# END HISTO1D


# BEGIN HISTO1D //homes/tinghua1/higgs-anomalous/Herwig7/gcc11_install_test/H-N2-N3-4-25gev/plots/H-N2-N3-4-25gev-mixed-ffac1-400GeV.yoda/MC_H2JETS_04_TIGHT/jet2_mass
ErrorBars=1
LineColor=green
LineStyle=solid
Path=//homes/tinghua1/higgs-anomalous/Herwig7/gcc11_install_test/H-N2-N3-4-25gev/plots/H-N2-N3-4-25gev-mixed-ffac1-400GeV.yoda/MC_H2JETS_04_TIGHT/jet2_mass
Scale=12.5152858573
Title=CP-mixed-ffac1
# xlow	 xhigh	 val	 errminus	 errplus
0.000000e+00	1.000000e+00	2.380632e-02	4.503347e-05	4.503347e-05
1.000000e+00	2.000000e+00	1.889255e-03	7.859625e-06	7.859625e-06
2.000000e+00	3.000000e+00	2.197646e-03	8.928600e-06	8.928600e-06
3.000000e+00	4.000000e+00	5.761690e-03	2.671826e-05	2.671826e-05
4.000000e+00	5.000000e+00	6.689192e-03	2.595523e-05	2.595523e-05
5.000000e+00	6.000000e+00	6.488160e-03	3.465640e-05	3.465640e-05
6.000000e+00	7.000000e+00	5.968545e-03	2.106324e-05	2.106324e-05
7.000000e+00	8.000000e+00	5.158635e-03	2.124653e-05	2.124653e-05
8.000000e+00	9.000000e+00	4.268548e-03	2.239180e-05	2.239180e-05
9.000000e+00	1.000000e+01	3.524689e-03	4.242081e-05	4.242081e-05
1.000000e+01	1.100000e+01	2.784549e-03	1.575017e-05	1.575017e-05
1.100000e+01	1.200000e+01	2.215550e-03	2.698609e-05	2.698609e-05
1.200000e+01	1.300000e+01	1.783475e-03	1.143082e-05	1.143082e-05
1.300000e+01	1.400000e+01	1.433440e-03	1.080442e-05	1.080442e-05
1.400000e+01	1.500000e+01	1.161329e-03	1.567508e-05	1.567508e-05
1.500000e+01	1.600000e+01	9.221604e-04	1.062666e-05	1.062666e-05
1.600000e+01	1.700000e+01	7.427806e-04	1.261836e-05	1.261836e-05
1.700000e+01	1.800000e+01	6.048800e-04	1.279922e-05	1.279922e-05
1.800000e+01	1.900000e+01	4.747777e-04	4.803057e-06	4.803057e-06
1.900000e+01	2.000000e+01	3.868271e-04	7.794987e-06	7.794987e-06
2.000000e+01	2.100000e+01	3.204869e-04	1.439949e-05	1.439949e-05
2.100000e+01	2.200000e+01	2.456185e-04	7.386888e-06	7.386888e-06
2.200000e+01	2.300000e+01	2.137399e-04	9.676644e-06	9.676644e-06
2.300000e+01	2.400000e+01	1.714223e-04	5.007700e-06	5.007700e-06
2.400000e+01	2.500000e+01	1.275676e-04	1.324325e-05	1.324325e-05
2.500000e+01	2.600000e+01	1.035978e-04	9.688628e-06	9.688628e-06
2.600000e+01	2.700000e+01	8.888192e-05	2.352835e-06	2.352835e-06
2.700000e+01	2.800000e+01	6.436578e-05	6.055145e-06	6.055145e-06
2.800000e+01	2.900000e+01	5.742884e-05	1.983993e-06	1.983993e-06
2.900000e+01	3.000000e+01	4.181642e-05	2.275391e-06	2.275391e-06
3.000000e+01	3.100000e+01	3.934838e-05	1.472823e-06	1.472823e-06
3.100000e+01	3.200000e+01	2.954254e-05	1.620875e-06	1.620875e-06
3.200000e+01	3.300000e+01	2.448055e-05	1.835898e-06	1.835898e-06
3.300000e+01	3.400000e+01	2.106721e-05	2.380909e-06	2.380909e-06
3.400000e+01	3.500000e+01	1.361953e-05	2.237787e-06	2.237787e-06
3.500000e+01	3.600000e+01	1.532235e-05	1.185212e-06	1.185212e-06
3.600000e+01	3.700000e+01	1.169227e-05	2.270264e-06	2.270264e-06
3.700000e+01	3.800000e+01	9.531609e-06	9.784498e-07	9.784498e-07
3.800000e+01	3.900000e+01	9.030600e-06	8.594967e-07	8.594967e-07
3.900000e+01	4.000000e+01	5.718185e-06	5.762205e-07	5.762205e-07
4.000000e+01	4.100000e+01	5.304346e-06	1.940284e-06	1.940284e-06
4.100000e+01	4.200000e+01	4.593945e-06	5.634433e-07	5.634433e-07
4.200000e+01	4.300000e+01	4.098050e-06	4.471256e-07	4.471256e-07
4.300000e+01	4.400000e+01	3.156388e-06	5.273281e-07	5.273281e-07
4.400000e+01	4.500000e+01	2.078852e-06	3.928632e-07	3.928632e-07
4.500000e+01	4.600000e+01	1.539456e-06	4.116907e-07	4.116907e-07
4.600000e+01	4.700000e+01	1.720218e-06	3.006726e-07	3.006726e-07
4.700000e+01	4.800000e+01	1.160444e-06	4.102058e-07	4.102058e-07
4.800000e+01	4.900000e+01	1.423984e-06	4.399322e-07	4.399322e-07
4.900000e+01	5.000000e+01	2.402873e-06	1.663438e-06	1.663438e-06
5.000000e+01	5.100000e+01	1.068633e-07	2.601032e-07	2.601032e-07
5.100000e+01	5.200000e+01	-1.722952e-08	2.444433e-07	2.444433e-07
5.200000e+01	5.300000e+01	3.041714e-07	2.480809e-07	2.480809e-07
5.300000e+01	5.400000e+01	-5.116940e-07	5.224080e-07	5.224080e-07
5.400000e+01	5.500000e+01	2.694093e-07	2.619464e-07	2.619464e-07
5.500000e+01	5.600000e+01	-3.495768e-07	2.087628e-07	2.087628e-07
5.600000e+01	5.700000e+01	-2.212217e-08	1.182705e-07	1.182705e-07
5.700000e+01	5.800000e+01	-1.189699e-07	1.782551e-07	1.782551e-07
5.800000e+01	5.900000e+01	-7.799868e-08	1.042278e-07	1.042278e-07
5.900000e+01	6.000000e+01	-1.641606e-07	9.129151e-08	9.129151e-08
6.000000e+01	6.100000e+01	2.485027e-07	2.818258e-07	2.818258e-07
6.100000e+01	6.200000e+01	-2.152534e-07	1.299091e-07	1.299091e-07
6.200000e+01	6.300000e+01	-5.275900e-09	9.006021e-08	9.006021e-08
6.300000e+01	6.400000e+01	-2.540092e-07	1.079799e-07	1.079799e-07
6.400000e+01	6.500000e+01	-1.040043e-07	5.090520e-08	5.090520e-08
6.500000e+01	6.600000e+01	7.759663e-08	9.544948e-08	9.544948e-08
6.600000e+01	6.700000e+01	4.295943e-08	1.050460e-07	1.050460e-07
6.700000e+01	6.800000e+01	-3.008782e-07	1.128701e-07	1.128701e-07
6.800000e+01	6.900000e+01	-1.230139e-07	6.628473e-08	6.628473e-08
6.900000e+01	7.000000e+01	-1.376524e-07	1.559493e-07	1.559493e-07
7.000000e+01	7.100000e+01	-2.590608e-08	2.654754e-08	2.654754e-08
7.100000e+01	7.200000e+01	-1.088479e-07	5.821229e-08	5.821229e-08
7.200000e+01	7.300000e+01	-5.998330e-08	4.425851e-08	4.425851e-08
7.300000e+01	7.400000e+01	-4.331248e-08	2.207487e-08	2.207487e-08
7.400000e+01	7.500000e+01	-3.062890e-08	1.413795e-08	1.413795e-08
7.500000e+01	7.600000e+01	4.559378e-09	4.515875e-08	4.515875e-08
7.600000e+01	7.700000e+01	-5.193385e-09	1.982995e-08	1.982995e-08
7.700000e+01	7.800000e+01	-1.872111e-08	1.495274e-08	1.495274e-08
7.800000e+01	7.900000e+01	-1.929649e-08	3.352137e-08	3.352137e-08
7.900000e+01	8.000000e+01	-1.800342e-08	1.222807e-08	1.222807e-08
8.000000e+01	8.100000e+01	-1.358203e-08	2.076130e-08	2.076130e-08
8.100000e+01	8.200000e+01	-6.987703e-08	4.640539e-08	4.640539e-08
8.200000e+01	8.300000e+01	-2.004566e-08	1.433512e-08	1.433512e-08
8.300000e+01	8.400000e+01	-2.230829e-08	2.254753e-08	2.254753e-08
8.400000e+01	8.500000e+01	-1.738456e-08	8.854982e-09	8.854982e-09
8.500000e+01	8.600000e+01	-6.494107e-09	1.431779e-08	1.431779e-08
8.600000e+01	8.700000e+01	-1.723763e-08	1.350051e-08	1.350051e-08
8.700000e+01	8.800000e+01	-8.666254e-09	1.859007e-08	1.859007e-08
8.800000e+01	8.900000e+01	-2.440068e-08	1.708709e-08	1.708709e-08
8.900000e+01	9.000000e+01	-4.008998e-09	6.312329e-09	6.312329e-09
9.000000e+01	9.100000e+01	-3.333188e-09	2.033831e-09	2.033831e-09
9.100000e+01	9.200000e+01	2.418051e-09	2.206533e-09	2.206533e-09
9.200000e+01	9.300000e+01	-1.274827e-08	1.191648e-08	1.191648e-08
9.300000e+01	9.400000e+01	-8.739427e-09	7.957973e-09	7.957973e-09
9.400000e+01	9.500000e+01	-1.667655e-09	1.448779e-09	1.448779e-09
9.500000e+01	9.600000e+01	-4.370927e-10	8.325489e-10	8.325489e-10
9.600000e+01	9.700000e+01	2.224795e-09	1.555477e-09	1.555477e-09
9.700000e+01	9.800000e+01	-6.640460e-11	1.860818e-10	1.860818e-10
9.800000e+01	9.900000e+01	1.755112e-10	1.130676e-10	1.130676e-10
9.900000e+01	1.000000e+02	-5.388282e-10	6.437575e-10	6.437575e-10
# END HISTO1D


# BEGIN HISTO1D //homes/tinghua1/higgs-anomalous/Herwig7/gcc11_install_test/H-N2-N3-4-25gev/plots/H-N2-N3-4-25gev-mixed-ffac2-400GeV.yoda/MC_H2JETS_04_TIGHT/jet2_mass
ErrorBars=1
LineColor=orange
LineStyle=solid
Path=//homes/tinghua1/higgs-anomalous/Herwig7/gcc11_install_test/H-N2-N3-4-25gev/plots/H-N2-N3-4-25gev-mixed-ffac2-400GeV.yoda/MC_H2JETS_04_TIGHT/jet2_mass
Scale=6.91285653058
Title=CP-mixed-ffac2
# xlow	 xhigh	 val	 errminus	 errplus
0.000000e+00	1.000000e+00	3.962512e-02	1.279739e-04	1.279739e-04
1.000000e+00	2.000000e+00	3.027315e-03	1.587800e-05	1.587800e-05
2.000000e+00	3.000000e+00	3.628772e-03	2.437266e-05	2.437266e-05
3.000000e+00	4.000000e+00	9.683986e-03	8.472305e-05	8.472305e-05
4.000000e+00	5.000000e+00	1.117305e-02	5.731115e-05	5.731115e-05
5.000000e+00	6.000000e+00	1.089234e-02	5.436888e-05	5.436888e-05
6.000000e+00	7.000000e+00	1.028162e-02	8.953694e-05	8.953694e-05
7.000000e+00	8.000000e+00	9.295343e-03	5.918406e-05	5.918406e-05
8.000000e+00	9.000000e+00	7.979012e-03	5.677564e-05	5.677564e-05
9.000000e+00	1.000000e+01	6.724257e-03	5.071810e-05	5.071810e-05
1.000000e+01	1.100000e+01	5.512003e-03	4.196843e-05	4.196843e-05
1.100000e+01	1.200000e+01	4.601463e-03	3.946758e-05	3.946758e-05
1.200000e+01	1.300000e+01	3.809326e-03	6.529632e-05	6.529632e-05
1.300000e+01	1.400000e+01	3.102454e-03	6.123040e-05	6.123040e-05
1.400000e+01	1.500000e+01	2.547780e-03	2.831857e-05	2.831857e-05
1.500000e+01	1.600000e+01	2.096200e-03	5.388555e-05	5.388555e-05
1.600000e+01	1.700000e+01	1.753478e-03	3.897833e-05	3.897833e-05
1.700000e+01	1.800000e+01	1.473428e-03	2.504069e-05	2.504069e-05
1.800000e+01	1.900000e+01	1.244135e-03	3.797943e-05	3.797943e-05
1.900000e+01	2.000000e+01	1.030052e-03	4.325754e-05	4.325754e-05
2.000000e+01	2.100000e+01	8.386293e-04	1.243397e-05	1.243397e-05
2.100000e+01	2.200000e+01	6.944922e-04	1.035939e-05	1.035939e-05
2.200000e+01	2.300000e+01	5.842554e-04	1.310883e-05	1.310883e-05
2.300000e+01	2.400000e+01	4.513457e-04	2.464859e-05	2.464859e-05
2.400000e+01	2.500000e+01	3.919173e-04	1.057737e-05	1.057737e-05
2.500000e+01	2.600000e+01	3.664216e-04	1.724817e-05	1.724817e-05
2.600000e+01	2.700000e+01	2.780574e-04	1.242236e-05	1.242236e-05
2.700000e+01	2.800000e+01	2.292462e-04	1.465280e-05	1.465280e-05
2.800000e+01	2.900000e+01	1.738573e-04	3.795148e-05	3.795148e-05
2.900000e+01	3.000000e+01	1.675097e-04	4.813290e-06	4.813290e-06
3.000000e+01	3.100000e+01	1.479687e-04	7.136463e-06	7.136463e-06
3.100000e+01	3.200000e+01	1.342227e-04	2.680412e-05	2.680412e-05
3.200000e+01	3.300000e+01	1.180916e-04	1.397669e-05	1.397669e-05
3.300000e+01	3.400000e+01	8.890131e-05	6.536642e-06	6.536642e-06
3.400000e+01	3.500000e+01	7.767815e-05	6.858113e-06	6.858113e-06
3.500000e+01	3.600000e+01	7.085288e-05	8.396849e-06	8.396849e-06
3.600000e+01	3.700000e+01	4.292976e-05	1.138436e-05	1.138436e-05
3.700000e+01	3.800000e+01	3.408079e-05	8.466582e-06	8.466582e-06
3.800000e+01	3.900000e+01	3.866874e-05	2.839865e-06	2.839865e-06
3.900000e+01	4.000000e+01	3.469909e-05	4.351803e-06	4.351803e-06
4.000000e+01	4.100000e+01	2.804860e-05	3.834407e-06	3.834407e-06
4.100000e+01	4.200000e+01	2.258214e-05	1.817732e-06	1.817732e-06
4.200000e+01	4.300000e+01	2.825342e-05	9.613011e-06	9.613011e-06
4.300000e+01	4.400000e+01	1.783394e-05	2.161342e-06	2.161342e-06
4.400000e+01	4.500000e+01	1.347931e-05	1.661146e-06	1.661146e-06
4.500000e+01	4.600000e+01	1.445383e-05	1.297847e-06	1.297847e-06
4.600000e+01	4.700000e+01	1.069851e-05	1.471937e-06	1.471937e-06
4.700000e+01	4.800000e+01	5.981656e-06	3.857170e-06	3.857170e-06
4.800000e+01	4.900000e+01	7.758686e-06	1.501370e-06	1.501370e-06
4.900000e+01	5.000000e+01	1.246400e-05	3.514406e-06	3.514406e-06
5.000000e+01	5.100000e+01	5.994461e-06	7.764099e-07	7.764099e-07
5.100000e+01	5.200000e+01	6.289561e-06	1.983979e-06	1.983979e-06
5.200000e+01	5.300000e+01	4.473708e-06	1.317683e-06	1.317683e-06
5.300000e+01	5.400000e+01	3.038746e-06	5.190744e-07	5.190744e-07
5.400000e+01	5.500000e+01	3.164476e-06	4.541551e-07	4.541551e-07
5.500000e+01	5.600000e+01	2.748972e-06	4.904604e-07	4.904604e-07
5.600000e+01	5.700000e+01	3.131672e-06	4.584755e-07	4.584755e-07
5.700000e+01	5.800000e+01	2.130380e-06	5.021250e-07	5.021250e-07
5.800000e+01	5.900000e+01	1.709206e-06	3.040206e-07	3.040206e-07
5.900000e+01	6.000000e+01	2.035239e-06	3.869596e-07	3.869596e-07
6.000000e+01	6.100000e+01	1.902711e-06	2.705193e-07	2.705193e-07
6.100000e+01	6.200000e+01	1.480312e-06	2.253939e-07	2.253939e-07
6.200000e+01	6.300000e+01	9.536218e-07	2.978198e-07	2.978198e-07
6.300000e+01	6.400000e+01	8.737351e-07	3.020411e-07	3.020411e-07
6.400000e+01	6.500000e+01	7.799480e-07	3.542158e-07	3.542158e-07
6.500000e+01	6.600000e+01	5.423266e-07	1.990244e-07	1.990244e-07
6.600000e+01	6.700000e+01	5.424870e-07	2.077435e-07	2.077435e-07
6.700000e+01	6.800000e+01	5.315895e-07	1.768709e-07	1.768709e-07
6.800000e+01	6.900000e+01	5.018677e-07	1.854974e-07	1.854974e-07
6.900000e+01	7.000000e+01	1.873646e-07	3.647736e-07	3.647736e-07
7.000000e+01	7.100000e+01	4.974824e-07	1.352721e-07	1.352721e-07
7.100000e+01	7.200000e+01	6.002411e-07	2.594549e-07	2.594549e-07
7.200000e+01	7.300000e+01	3.055873e-07	8.126116e-08	8.126116e-08
7.300000e+01	7.400000e+01	2.164783e-07	1.008613e-07	1.008613e-07
7.400000e+01	7.500000e+01	5.473758e-07	3.837154e-07	3.837154e-07
7.500000e+01	7.600000e+01	1.621781e-07	7.026596e-08	7.026596e-08
7.600000e+01	7.700000e+01	1.991004e-07	2.135500e-07	2.135500e-07
7.700000e+01	7.800000e+01	8.632194e-08	1.358986e-07	1.358986e-07
7.800000e+01	7.900000e+01	1.845154e-07	1.653179e-07	1.653179e-07
7.900000e+01	8.000000e+01	7.865011e-08	5.120146e-08	5.120146e-08
8.000000e+01	8.100000e+01	5.013033e-06	4.906398e-06	4.906398e-06
8.100000e+01	8.200000e+01	2.142396e-07	1.219734e-07	1.219734e-07
8.200000e+01	8.300000e+01	5.261129e-08	2.369200e-08	2.369200e-08
8.300000e+01	8.400000e+01	6.604658e-08	1.297518e-08	1.297518e-08
8.400000e+01	8.500000e+01	7.251019e-08	2.088949e-08	2.088949e-08
8.500000e+01	8.600000e+01	5.869313e-08	1.703770e-08	1.703770e-08
8.600000e+01	8.700000e+01	3.137981e-08	3.120284e-08	3.120284e-08
8.700000e+01	8.800000e+01	4.048154e-08	1.381360e-08	1.381360e-08
8.800000e+01	8.900000e+01	3.466743e-08	1.364449e-08	1.364449e-08
8.900000e+01	9.000000e+01	4.116528e-08	1.931699e-08	1.931699e-08
9.000000e+01	9.100000e+01	2.236437e-08	8.654267e-09	8.654267e-09
9.100000e+01	9.200000e+01	3.236978e-08	1.850756e-08	1.850756e-08
9.200000e+01	9.300000e+01	1.854577e-08	1.203436e-08	1.203436e-08
9.300000e+01	9.400000e+01	-3.813952e-07	3.975817e-07	3.975817e-07
9.400000e+01	9.500000e+01	1.858876e-08	1.003215e-08	1.003215e-08
9.500000e+01	9.600000e+01	5.156228e-09	7.069586e-09	7.069586e-09
9.600000e+01	9.700000e+01	1.731212e-08	3.094186e-08	3.094186e-08
9.700000e+01	9.800000e+01	8.000839e-09	4.382297e-09	4.382297e-09
9.800000e+01	9.900000e+01	7.496648e-09	7.794512e-09	7.794512e-09
9.900000e+01	1.000000e+02	9.833886e-09	5.916523e-09	5.916523e-09
# END HISTO1D

