# BEGIN PLOT
Rebin=2
DrawOnly=//homes/tinghua1/higgs-anomalous/Herwig7/gcc11_install_test/H-N2-N3-4-25gev/plots/H-N2-N3-4-25gev-SM.yoda/MC_H2JETS_04_TIGHT/jet3_mass //homes/tinghua1/higgs-anomalous/Herwig7/gcc11_install_test/H-N2-N3-4-25gev/plots/H-N2-N3-4-25gev-mixed-nofac.yoda/MC_H2JETS_04_TIGHT/jet3_mass //homes/tinghua1/higgs-anomalous/Herwig7/gcc11_install_test/H-N2-N3-4-25gev/plots/H-N2-N3-4-25gev-mixed-ffac1-400GeV.yoda/MC_H2JETS_04_TIGHT/jet3_mass //homes/tinghua1/higgs-anomalous/Herwig7/gcc11_install_test/H-N2-N3-4-25gev/plots/H-N2-N3-4-25gev-mixed-ffac2-400GeV.yoda/MC_H2JETS_04_TIGHT/jet3_mass
Title=h(2*,3*,4)
RatioPlotReference=//homes/tinghua1/higgs-anomalous/Herwig7/gcc11_install_test/H-N2-N3-4-25gev/plots/H-N2-N3-4-25gev-SM.yoda/MC_H2JETS_04_TIGHT/jet3_mass
RightMargin=0.5
RatioPlot=1
LogY=1
RatioPlotYMax=3.0
RatioPlotYLabel=Ratio
LegendOnly=//homes/tinghua1/higgs-anomalous/Herwig7/gcc11_install_test/H-N2-N3-4-25gev/plots/H-N2-N3-4-25gev-SM.yoda/MC_H2JETS_04_TIGHT/jet3_mass //homes/tinghua1/higgs-anomalous/Herwig7/gcc11_install_test/H-N2-N3-4-25gev/plots/H-N2-N3-4-25gev-mixed-nofac.yoda/MC_H2JETS_04_TIGHT/jet3_mass //homes/tinghua1/higgs-anomalous/Herwig7/gcc11_install_test/H-N2-N3-4-25gev/plots/H-N2-N3-4-25gev-mixed-ffac1-400GeV.yoda/MC_H2JETS_04_TIGHT/jet3_mass //homes/tinghua1/higgs-anomalous/Herwig7/gcc11_install_test/H-N2-N3-4-25gev/plots/H-N2-N3-4-25gev-mixed-ffac2-400GeV.yoda/MC_H2JETS_04_TIGHT/jet3_mass
XLabel=$m_{j_3}$ (GeV)
LegendAlign=r
YLabel=$ \text{d} \sigma/ \text{d}  m_{j_3}$ (pb/GeV)
Legend=1
RatioPlotYMin=0.0
# END PLOT


# BEGIN SPECIAL /MC_H2JETS_04_TIGHT/jet3_mass
\rput[tl](0.05,0.75){\parbox{5cm}{\textcolor{gray}{{\bf Herwig 7.2.3} \\ VBFNLO 3.0.0}}}
# END SPECIAL

# BEGIN HISTO1D //homes/tinghua1/higgs-anomalous/Herwig7/gcc11_install_test/H-N2-N3-4-25gev/plots/H-N2-N3-4-25gev-SM.yoda/MC_H2JETS_04_TIGHT/jet3_mass
ErrorBars=1
LineColor=red
LineStyle=solid
Path=//homes/tinghua1/higgs-anomalous/Herwig7/gcc11_install_test/H-N2-N3-4-25gev/plots/H-N2-N3-4-25gev-SM.yoda/MC_H2JETS_04_TIGHT/jet3_mass
Scale=1.23132253028
Title=SM
# xlow	 xhigh	 val	 errminus	 errplus
0.000000e+00	1.000000e+00	4.118214e-02	1.198179e-04	1.198179e-04
1.000000e+00	2.000000e+00	5.378708e-03	4.226049e-05	4.226049e-05
2.000000e+00	3.000000e+00	5.280955e-03	3.232193e-05	3.232193e-05
3.000000e+00	4.000000e+00	1.506144e-02	7.071239e-05	7.071239e-05
4.000000e+00	5.000000e+00	1.834794e-02	1.688187e-04	1.688187e-04
5.000000e+00	6.000000e+00	1.302428e-02	8.165437e-05	8.165437e-05
6.000000e+00	7.000000e+00	9.251638e-03	6.916207e-05	6.916207e-05
7.000000e+00	8.000000e+00	5.604134e-03	3.435025e-05	3.435025e-05
8.000000e+00	9.000000e+00	3.623860e-03	4.138598e-05	4.138598e-05
9.000000e+00	1.000000e+01	2.454025e-03	3.573838e-05	3.573838e-05
1.000000e+01	1.100000e+01	1.618163e-03	1.835157e-05	1.835157e-05
1.100000e+01	1.200000e+01	1.120121e-03	1.284570e-05	1.284570e-05
1.200000e+01	1.300000e+01	7.895522e-04	1.279703e-05	1.279703e-05
1.300000e+01	1.400000e+01	5.265560e-04	1.899412e-05	1.899412e-05
1.400000e+01	1.500000e+01	3.929318e-04	7.611060e-06	7.611060e-06
1.500000e+01	1.600000e+01	2.770280e-04	7.961061e-06	7.961061e-06
1.600000e+01	1.700000e+01	1.817327e-04	2.567971e-05	2.567971e-05
1.700000e+01	1.800000e+01	1.229881e-04	3.433089e-06	3.433089e-06
1.800000e+01	1.900000e+01	1.131838e-04	3.348556e-05	3.348556e-05
1.900000e+01	2.000000e+01	5.208952e-05	5.281411e-06	5.281411e-06
2.000000e+01	2.100000e+01	3.834038e-05	3.794358e-06	3.794358e-06
2.100000e+01	2.200000e+01	3.172720e-05	5.988147e-06	5.988147e-06
2.200000e+01	2.300000e+01	1.843598e-05	1.228800e-06	1.228800e-06
2.300000e+01	2.400000e+01	1.220193e-05	7.907694e-07	7.907694e-07
2.400000e+01	2.500000e+01	9.732028e-06	5.925854e-07	5.925854e-07
2.500000e+01	2.600000e+01	6.177697e-06	7.569269e-07	7.569269e-07
2.600000e+01	2.700000e+01	3.429446e-06	8.557155e-07	8.557155e-07
2.700000e+01	2.800000e+01	2.476381e-06	3.918047e-07	3.918047e-07
2.800000e+01	2.900000e+01	1.610513e-06	3.869947e-07	3.869947e-07
2.900000e+01	3.000000e+01	1.967192e-06	3.191501e-07	3.191501e-07
3.000000e+01	3.100000e+01	4.873801e-06	3.861690e-06	3.861690e-06
3.100000e+01	3.200000e+01	4.856993e-07	1.416533e-07	1.416533e-07
3.200000e+01	3.300000e+01	5.591933e-07	8.680741e-08	8.680741e-08
3.300000e+01	3.400000e+01	4.014645e-07	5.799701e-08	5.799701e-08
3.400000e+01	3.500000e+01	1.356842e-07	1.196856e-07	1.196856e-07
3.500000e+01	3.600000e+01	2.479162e-07	4.883144e-08	4.883144e-08
3.600000e+01	3.700000e+01	1.318653e-07	6.521736e-08	6.521736e-08
3.700000e+01	3.800000e+01	8.500096e-08	2.101000e-08	2.101000e-08
3.800000e+01	3.900000e+01	1.245272e-07	3.448179e-08	3.448179e-08
3.900000e+01	4.000000e+01	1.312664e-07	5.763988e-08	5.763988e-08
4.000000e+01	4.100000e+01	3.806621e-08	5.302122e-09	5.302122e-09
4.100000e+01	4.200000e+01	2.419600e-08	1.173266e-08	1.173266e-08
4.200000e+01	4.300000e+01	1.733908e-08	7.823797e-09	7.823797e-09
4.300000e+01	4.400000e+01	1.811715e-08	3.863224e-09	3.863224e-09
4.400000e+01	4.500000e+01	1.452403e-08	5.587499e-09	5.587499e-09
4.500000e+01	4.600000e+01	1.454922e-08	7.859169e-09	7.859169e-09
4.600000e+01	4.700000e+01	3.510964e-06	3.499410e-06	3.499410e-06
4.700000e+01	4.800000e+01	3.357496e-09	2.538674e-09	2.538674e-09
4.800000e+01	4.900000e+01	1.511632e-09	2.557464e-09	2.557464e-09
4.900000e+01	5.000000e+01	4.602656e-09	2.583667e-09	2.583667e-09
5.000000e+01	5.100000e+01	1.456319e-09	4.231914e-10	4.231914e-10
5.100000e+01	5.200000e+01	4.379039e-09	3.177375e-09	3.177375e-09
5.200000e+01	5.300000e+01	4.983769e-09	3.830362e-09	3.830362e-09
5.300000e+01	5.400000e+01	6.827621e-10	4.274255e-10	4.274255e-10
5.400000e+01	5.500000e+01	1.143551e-09	4.672926e-10	4.672926e-10
5.500000e+01	5.600000e+01	4.635564e-10	2.246315e-10	2.246315e-10
5.600000e+01	5.700000e+01	2.067733e-10	1.566159e-10	1.566159e-10
5.700000e+01	5.800000e+01	2.986424e-10	1.838687e-10	1.838687e-10
5.800000e+01	5.900000e+01	3.205166e-10	1.768004e-10	1.768004e-10
5.900000e+01	6.000000e+01	2.382875e-10	1.388509e-10	1.388509e-10
6.000000e+01	6.100000e+01	-6.199170e-11	1.015364e-10	1.015364e-10
6.100000e+01	6.200000e+01	5.772592e-11	3.148123e-11	3.148123e-11
6.200000e+01	6.300000e+01	1.126015e-09	8.697676e-10	8.697676e-10
6.300000e+01	6.400000e+01	4.432699e-11	2.871768e-11	2.871768e-11
6.400000e+01	6.500000e+01	6.693648e-11	4.079516e-11	4.079516e-11
6.500000e+01	6.600000e+01	4.154730e-12	1.850964e-11	1.850964e-11
6.600000e+01	6.700000e+01	2.389351e-10	1.388067e-10	1.388067e-10
6.700000e+01	6.800000e+01	1.536946e-11	1.055474e-11	1.055474e-11
6.800000e+01	6.900000e+01	4.936021e-12	7.886842e-12	7.886842e-12
6.900000e+01	7.000000e+01	3.345772e-11	4.034822e-11	4.034822e-11
7.000000e+01	7.100000e+01	3.979450e-12	2.839094e-12	2.839094e-12
7.100000e+01	7.200000e+01	-6.988690e-12	5.440437e-11	5.440437e-11
7.200000e+01	7.300000e+01	6.215353e-12	4.793965e-12	4.793965e-12
7.300000e+01	7.400000e+01	1.619685e-13	1.156688e-13	1.156688e-13
7.400000e+01	7.500000e+01	-8.970830e-11	8.993862e-11	8.993862e-11
7.500000e+01	7.600000e+01	-1.142062e-12	1.154556e-12	1.154556e-12
7.600000e+01	7.700000e+01	1.662051e-12	6.864909e-13	6.864909e-13
7.700000e+01	7.800000e+01	-4.133394e-14	5.838217e-14	5.838217e-14
7.800000e+01	7.900000e+01	1.801936e-13	1.243827e-13	1.243827e-13
7.900000e+01	8.000000e+01	4.839169e-13	3.467822e-13	3.467822e-13
8.000000e+01	8.100000e+01	-3.382875e-14	3.796666e-13	3.796666e-13
8.100000e+01	8.200000e+01	2.808440e-11	3.293846e-11	3.293846e-11
8.200000e+01	8.300000e+01	1.549218e-12	1.541109e-12	1.541109e-12
8.300000e+01	8.400000e+01	1.734839e-14	1.159404e-14	1.159404e-14
8.400000e+01	8.500000e+01	4.491906e-14	3.355661e-14	3.355661e-14
8.500000e+01	8.600000e+01	4.139014e-13	3.908698e-13	3.908698e-13
8.600000e+01	8.700000e+01	3.379932e-14	2.551556e-14	2.551556e-14
8.700000e+01	8.800000e+01	3.551164e-16	1.418099e-15	1.418099e-15
8.800000e+01	8.900000e+01	2.627851e-16	1.976688e-16	1.976688e-16
8.900000e+01	9.000000e+01	5.264867e-15	3.520088e-15	3.520088e-15
9.000000e+01	9.100000e+01	3.984977e-16	5.477908e-15	5.477908e-15
9.100000e+01	9.200000e+01	-1.612109e-16	1.856870e-15	1.856870e-15
9.200000e+01	9.300000e+01	5.918006e-14	4.952299e-14	4.952299e-14
9.300000e+01	9.400000e+01	2.703711e-15	2.687099e-15	2.687099e-15
9.400000e+01	9.500000e+01	5.847469e-17	3.242736e-17	3.242736e-17
9.500000e+01	9.600000e+01	3.900398e-17	3.030797e-17	3.030797e-17
9.600000e+01	9.700000e+01	9.852630e-17	6.103292e-17	6.103292e-17
9.700000e+01	9.800000e+01	5.520594e-13	4.632397e-13	4.632397e-13
9.800000e+01	9.900000e+01	3.354162e-15	3.497741e-15	3.497741e-15
9.900000e+01	1.000000e+02	9.464911e-16	9.463084e-16	9.463084e-16
# END HISTO1D


# BEGIN HISTO1D //homes/tinghua1/higgs-anomalous/Herwig7/gcc11_install_test/H-N2-N3-4-25gev/plots/H-N2-N3-4-25gev-mixed-nofac.yoda/MC_H2JETS_04_TIGHT/jet3_mass
ErrorBars=1
LineColor=blue
LineStyle=solid
Path=//homes/tinghua1/higgs-anomalous/Herwig7/gcc11_install_test/H-N2-N3-4-25gev/plots/H-N2-N3-4-25gev-mixed-nofac.yoda/MC_H2JETS_04_TIGHT/jet3_mass
Scale=6.4701676744
Title=CP-mixed
# xlow	 xhigh	 val	 errminus	 errplus
0.000000e+00	1.000000e+00	1.411070e-02	9.203378e-05	9.203378e-05
1.000000e+00	2.000000e+00	1.680970e-03	2.670504e-05	2.670504e-05
2.000000e+00	3.000000e+00	1.807591e-03	3.592134e-05	3.592134e-05
3.000000e+00	4.000000e+00	5.163859e-03	7.538977e-05	7.538977e-05
4.000000e+00	5.000000e+00	6.755457e-03	7.996920e-05	7.996920e-05
5.000000e+00	6.000000e+00	5.416713e-03	1.065507e-04	1.065507e-04
6.000000e+00	7.000000e+00	4.416036e-03	4.811203e-05	4.811203e-05
7.000000e+00	8.000000e+00	3.089337e-03	5.915916e-05	5.915916e-05
8.000000e+00	9.000000e+00	2.380098e-03	4.440098e-05	4.440098e-05
9.000000e+00	1.000000e+01	1.735500e-03	4.465815e-05	4.465815e-05
1.000000e+01	1.100000e+01	1.273463e-03	6.906616e-05	6.906616e-05
1.100000e+01	1.200000e+01	1.022034e-03	3.138454e-05	3.138454e-05
1.200000e+01	1.300000e+01	7.575513e-04	2.265468e-05	2.265468e-05
1.300000e+01	1.400000e+01	6.174003e-04	2.487718e-05	2.487718e-05
1.400000e+01	1.500000e+01	4.826244e-04	2.043629e-05	2.043629e-05
1.500000e+01	1.600000e+01	3.567748e-04	1.565801e-05	1.565801e-05
1.600000e+01	1.700000e+01	2.595228e-04	1.703473e-05	1.703473e-05
1.700000e+01	1.800000e+01	2.050146e-04	8.271719e-06	8.271719e-06
1.800000e+01	1.900000e+01	1.622211e-04	1.231198e-05	1.231198e-05
1.900000e+01	2.000000e+01	1.081907e-04	8.895128e-06	8.895128e-06
2.000000e+01	2.100000e+01	9.266277e-05	4.743781e-06	4.743781e-06
2.100000e+01	2.200000e+01	7.354249e-05	1.085606e-05	1.085606e-05
2.200000e+01	2.300000e+01	5.230936e-05	2.861426e-06	2.861426e-06
2.300000e+01	2.400000e+01	3.727878e-05	4.755550e-06	4.755550e-06
2.400000e+01	2.500000e+01	3.863072e-05	2.377407e-06	2.377407e-06
2.500000e+01	2.600000e+01	2.364555e-05	2.824029e-06	2.824029e-06
2.600000e+01	2.700000e+01	2.071900e-05	2.303953e-06	2.303953e-06
2.700000e+01	2.800000e+01	1.375812e-05	2.062747e-06	2.062747e-06
2.800000e+01	2.900000e+01	1.312807e-05	9.600849e-07	9.600849e-07
2.900000e+01	3.000000e+01	-3.741034e-06	1.350432e-05	1.350432e-05
3.000000e+01	3.100000e+01	7.699633e-06	7.443197e-07	7.443197e-07
3.100000e+01	3.200000e+01	1.134028e-05	2.932173e-06	2.932173e-06
3.200000e+01	3.300000e+01	4.655837e-06	7.610691e-07	7.610691e-07
3.300000e+01	3.400000e+01	4.756737e-06	8.079806e-07	8.079806e-07
3.400000e+01	3.500000e+01	2.588353e-06	6.337791e-07	6.337791e-07
3.500000e+01	3.600000e+01	2.311384e-06	3.753466e-07	3.753466e-07
3.600000e+01	3.700000e+01	2.838253e-06	7.785967e-07	7.785967e-07
3.700000e+01	3.800000e+01	1.519287e-06	2.911861e-07	2.911861e-07
3.800000e+01	3.900000e+01	7.814847e-07	3.971221e-07	3.971221e-07
3.900000e+01	4.000000e+01	1.019955e-06	4.048570e-07	4.048570e-07
4.000000e+01	4.100000e+01	7.718540e-07	4.580245e-07	4.580245e-07
4.100000e+01	4.200000e+01	7.133780e-07	1.508487e-07	1.508487e-07
4.200000e+01	4.300000e+01	1.489419e-07	4.514228e-07	4.514228e-07
4.300000e+01	4.400000e+01	5.043535e-07	1.225020e-07	1.225020e-07
4.400000e+01	4.500000e+01	3.416930e-07	7.043872e-08	7.043872e-08
4.500000e+01	4.600000e+01	-4.897641e-07	7.934554e-07	7.934554e-07
4.600000e+01	4.700000e+01	1.481872e-07	9.354556e-08	9.354556e-08
4.700000e+01	4.800000e+01	3.114253e-07	2.385122e-07	2.385122e-07
4.800000e+01	4.900000e+01	-6.175558e-08	1.407516e-07	1.407516e-07
4.900000e+01	5.000000e+01	5.755158e-08	4.314982e-08	4.314982e-08
5.000000e+01	5.100000e+01	2.811792e-07	8.933196e-08	8.933196e-08
5.100000e+01	5.200000e+01	1.327777e-07	3.685124e-08	3.685124e-08
5.200000e+01	5.300000e+01	6.994960e-08	2.545728e-08	2.545728e-08
5.300000e+01	5.400000e+01	-2.911951e-08	7.484224e-08	7.484224e-08
5.400000e+01	5.500000e+01	1.981647e-07	9.151539e-08	9.151539e-08
5.500000e+01	5.600000e+01	3.234890e-08	1.788987e-08	1.788987e-08
5.600000e+01	5.700000e+01	1.796912e-08	1.636634e-08	1.636634e-08
5.700000e+01	5.800000e+01	2.367283e-08	1.326894e-08	1.326894e-08
5.800000e+01	5.900000e+01	2.166375e-08	2.210848e-08	2.210848e-08
5.900000e+01	6.000000e+01	3.040030e-08	1.367788e-08	1.367788e-08
6.000000e+01	6.100000e+01	2.222026e-08	4.834526e-09	4.834526e-09
6.100000e+01	6.200000e+01	1.166155e-08	7.248761e-09	7.248761e-09
6.200000e+01	6.300000e+01	1.164675e-08	6.070890e-09	6.070890e-09
6.300000e+01	6.400000e+01	1.752552e-08	1.077515e-08	1.077515e-08
6.400000e+01	6.500000e+01	4.202404e-09	1.459254e-09	1.459254e-09
6.500000e+01	6.600000e+01	1.035954e-08	6.042884e-09	6.042884e-09
6.600000e+01	6.700000e+01	5.100418e-09	1.858702e-09	1.858702e-09
6.700000e+01	6.800000e+01	3.962563e-09	2.863701e-09	2.863701e-09
6.800000e+01	6.900000e+01	2.012984e-09	2.008256e-09	2.008256e-09
6.900000e+01	7.000000e+01	3.176348e-09	1.599495e-09	1.599495e-09
7.000000e+01	7.100000e+01	3.170304e-09	1.758286e-09	1.758286e-09
7.100000e+01	7.200000e+01	3.596400e-09	2.130476e-09	2.130476e-09
7.200000e+01	7.300000e+01	2.051654e-09	9.164887e-10	9.164887e-10
7.300000e+01	7.400000e+01	1.188445e-09	5.724749e-10	5.724749e-10
7.400000e+01	7.500000e+01	7.838001e-10	9.042285e-10	9.042285e-10
7.500000e+01	7.600000e+01	-4.740185e-11	5.088000e-10	5.088000e-10
7.600000e+01	7.700000e+01	5.858278e-10	4.386788e-10	4.386788e-10
7.700000e+01	7.800000e+01	4.936648e-10	8.195014e-10	8.195014e-10
7.800000e+01	7.900000e+01	8.447547e-10	4.949756e-10	4.949756e-10
7.900000e+01	8.000000e+01	5.071000e-10	3.824999e-10	3.824999e-10
8.000000e+01	8.100000e+01	3.160578e-10	2.529591e-10	2.529591e-10
8.100000e+01	8.200000e+01	-4.294690e-10	1.151806e-09	1.151806e-09
8.200000e+01	8.300000e+01	5.413849e-10	3.655124e-10	3.655124e-10
8.300000e+01	8.400000e+01	6.981251e-10	6.888683e-10	6.888683e-10
8.400000e+01	8.500000e+01	2.391288e-09	2.108391e-09	2.108391e-09
8.500000e+01	8.600000e+01	3.409943e-11	2.639419e-11	2.639419e-11
8.600000e+01	8.700000e+01	6.537492e-11	3.311838e-11	3.311838e-11
8.700000e+01	8.800000e+01	-1.234706e-10	1.074330e-10	1.074330e-10
8.800000e+01	8.900000e+01	6.828659e-12	3.015744e-12	3.015744e-12
8.900000e+01	9.000000e+01	-2.474378e-12	8.535063e-12	8.535063e-12
9.000000e+01	9.100000e+01	-1.519738e-08	1.521428e-08	1.521428e-08
9.100000e+01	9.200000e+01	2.285240e-11	3.119234e-11	3.119234e-11
9.200000e+01	9.300000e+01	3.345329e-11	2.878599e-11	2.878599e-11
9.300000e+01	9.400000e+01	2.167656e-11	1.782876e-11	1.782876e-11
9.400000e+01	9.500000e+01	2.665434e-12	3.066449e-11	3.066449e-11
9.500000e+01	9.600000e+01	-2.567547e-12	3.760561e-12	3.760561e-12
9.600000e+01	9.700000e+01	1.104392e-12	9.662227e-13	9.662227e-13
9.700000e+01	9.800000e+01	1.021057e-11	7.648951e-12	7.648951e-12
9.800000e+01	9.900000e+01	6.062735e-13	5.737399e-13	5.737399e-13
9.900000e+01	1.000000e+02	3.250102e-12	2.519609e-12	2.519609e-12
# END HISTO1D


# BEGIN HISTO1D //homes/tinghua1/higgs-anomalous/Herwig7/gcc11_install_test/H-N2-N3-4-25gev/plots/H-N2-N3-4-25gev-mixed-ffac1-400GeV.yoda/MC_H2JETS_04_TIGHT/jet3_mass
ErrorBars=1
LineColor=green
LineStyle=solid
Path=//homes/tinghua1/higgs-anomalous/Herwig7/gcc11_install_test/H-N2-N3-4-25gev/plots/H-N2-N3-4-25gev-mixed-ffac1-400GeV.yoda/MC_H2JETS_04_TIGHT/jet3_mass
Scale=12.5152858573
Title=CP-mixed-ffac1
# xlow	 xhigh	 val	 errminus	 errplus
0.000000e+00	1.000000e+00	5.273214e-03	3.376070e-05	3.376070e-05
1.000000e+00	2.000000e+00	6.651706e-04	1.439023e-05	1.439023e-05
2.000000e+00	3.000000e+00	6.597965e-04	1.376883e-05	1.376883e-05
3.000000e+00	4.000000e+00	1.945303e-03	2.613970e-05	2.613970e-05
4.000000e+00	5.000000e+00	2.367070e-03	1.632590e-05	1.632590e-05
5.000000e+00	6.000000e+00	1.785385e-03	4.241958e-05	4.241958e-05
6.000000e+00	7.000000e+00	1.309463e-03	1.875888e-05	1.875888e-05
7.000000e+00	8.000000e+00	8.570044e-04	1.374606e-05	1.374606e-05
8.000000e+00	9.000000e+00	5.681492e-04	1.037231e-05	1.037231e-05
9.000000e+00	1.000000e+01	4.006310e-04	1.021807e-05	1.021807e-05
1.000000e+01	1.100000e+01	2.613656e-04	1.256349e-05	1.256349e-05
1.100000e+01	1.200000e+01	1.909409e-04	1.251577e-05	1.251577e-05
1.200000e+01	1.300000e+01	1.350314e-04	1.312470e-05	1.312470e-05
1.300000e+01	1.400000e+01	1.017417e-04	7.942420e-06	7.942420e-06
1.400000e+01	1.500000e+01	6.367110e-05	4.236051e-06	4.236051e-06
1.500000e+01	1.600000e+01	3.850727e-05	5.019466e-06	5.019466e-06
1.600000e+01	1.700000e+01	3.295618e-05	4.030021e-06	4.030021e-06
1.700000e+01	1.800000e+01	2.200234e-05	2.957991e-06	2.957991e-06
1.800000e+01	1.900000e+01	1.316516e-05	2.554721e-06	2.554721e-06
1.900000e+01	2.000000e+01	1.229259e-05	1.949652e-06	1.949652e-06
2.000000e+01	2.100000e+01	7.175498e-06	1.835706e-06	1.835706e-06
2.100000e+01	2.200000e+01	7.747798e-06	1.961010e-06	1.961010e-06
2.200000e+01	2.300000e+01	4.328240e-06	1.423394e-06	1.423394e-06
2.300000e+01	2.400000e+01	7.665498e-06	3.624279e-06	3.624279e-06
2.400000e+01	2.500000e+01	-4.565080e-07	2.624340e-06	2.624340e-06
2.500000e+01	2.600000e+01	5.560991e-07	4.063449e-07	4.063449e-07
2.600000e+01	2.700000e+01	5.778372e-07	4.610503e-07	4.610503e-07
2.700000e+01	2.800000e+01	9.308194e-07	7.439134e-07	7.439134e-07
2.800000e+01	2.900000e+01	2.424175e-07	2.412412e-07	2.412412e-07
2.900000e+01	3.000000e+01	-2.173961e-08	2.229906e-07	2.229906e-07
3.000000e+01	3.100000e+01	4.151452e-07	1.544380e-07	1.544380e-07
3.100000e+01	3.200000e+01	4.244138e-07	2.638308e-07	2.638308e-07
3.200000e+01	3.300000e+01	-3.422048e-07	1.351418e-07	1.351418e-07
3.300000e+01	3.400000e+01	-2.279334e-07	1.200232e-07	1.200232e-07
3.400000e+01	3.500000e+01	-6.821710e-08	1.446101e-07	1.446101e-07
3.500000e+01	3.600000e+01	-3.112389e-08	9.838565e-08	9.838565e-08
3.600000e+01	3.700000e+01	3.411088e-07	3.745874e-07	3.745874e-07
3.700000e+01	3.800000e+01	-3.745408e-08	9.606059e-08	9.606059e-08
3.800000e+01	3.900000e+01	-3.590888e-08	4.858766e-08	4.858766e-08
3.900000e+01	4.000000e+01	4.950508e-09	6.059929e-08	6.059929e-08
4.000000e+01	4.100000e+01	-1.072991e-07	1.043447e-07	1.043447e-07
4.100000e+01	4.200000e+01	9.558496e-08	6.597187e-08	6.597187e-08
4.200000e+01	4.300000e+01	6.486007e-08	2.761680e-08	2.761680e-08
4.300000e+01	4.400000e+01	-4.903599e-08	1.704313e-08	1.704313e-08
4.400000e+01	4.500000e+01	-3.480980e-08	1.033449e-08	1.033449e-08
4.500000e+01	4.600000e+01	-2.619448e-08	1.109039e-08	1.109039e-08
4.600000e+01	4.700000e+01	1.849826e-08	9.673018e-09	9.673018e-09
4.700000e+01	4.800000e+01	-5.049181e-09	1.179296e-08	1.179296e-08
4.800000e+01	4.900000e+01	-3.071237e-09	8.164847e-09	8.164847e-09
4.900000e+01	5.000000e+01	-8.560005e-09	3.831787e-09	3.831787e-09
5.000000e+01	5.100000e+01	-8.356474e-09	3.997073e-09	3.997073e-09
5.100000e+01	5.200000e+01	5.078414e-09	1.934968e-08	1.934968e-08
5.200000e+01	5.300000e+01	1.229573e-09	2.855258e-09	2.855258e-09
5.300000e+01	5.400000e+01	-1.666764e-09	2.254620e-09	2.254620e-09
5.400000e+01	5.500000e+01	3.357273e-09	3.655805e-09	3.655805e-09
5.500000e+01	5.600000e+01	-2.515432e-09	1.066992e-09	1.066992e-09
5.600000e+01	5.700000e+01	-2.842911e-09	1.772336e-09	1.772336e-09
5.700000e+01	5.800000e+01	4.255239e-10	5.568529e-10	5.568529e-10
5.800000e+01	5.900000e+01	-1.197257e-09	8.952307e-10	8.952307e-10
5.900000e+01	6.000000e+01	-1.913855e-09	2.494858e-09	2.494858e-09
6.000000e+01	6.100000e+01	-1.041800e-09	3.840215e-10	3.840215e-10
6.100000e+01	6.200000e+01	6.820819e-10	9.240972e-10	9.240972e-10
6.200000e+01	6.300000e+01	-5.586587e-10	2.096410e-10	2.096410e-10
6.300000e+01	6.400000e+01	-3.449776e-10	2.736235e-10	2.736235e-10
6.400000e+01	6.500000e+01	-9.511394e-10	5.626655e-10	5.626655e-10
6.500000e+01	6.600000e+01	-3.335055e-10	1.803268e-10	1.803268e-10
6.600000e+01	6.700000e+01	-3.587465e-11	7.728822e-11	7.728822e-11
6.700000e+01	6.800000e+01	-5.011352e-10	2.423627e-10	2.423627e-10
6.800000e+01	6.900000e+01	-1.320037e-10	8.164877e-11	8.164877e-11
6.900000e+01	7.000000e+01	-4.638125e-10	3.105933e-10	3.105933e-10
7.000000e+01	7.100000e+01	-5.257717e-11	2.984512e-11	2.984512e-11
7.100000e+01	7.200000e+01	-5.285585e-11	5.011410e-11	5.011410e-11
7.200000e+01	7.300000e+01	2.609217e-11	3.999206e-11	3.999206e-11
7.300000e+01	7.400000e+01	2.174318e-10	2.237950e-10	2.237950e-10
7.400000e+01	7.500000e+01	1.095806e-11	1.491748e-11	1.491748e-11
7.500000e+01	7.600000e+01	-1.125962e-09	1.104510e-09	1.104510e-09
7.600000e+01	7.700000e+01	-8.921955e-12	3.800617e-11	3.800617e-11
7.700000e+01	7.800000e+01	-7.424801e-11	4.308995e-11	4.308995e-11
7.800000e+01	7.900000e+01	-6.950600e-11	6.766120e-11	6.766120e-11
7.900000e+01	8.000000e+01	4.556592e-12	4.882130e-12	4.882130e-12
8.000000e+01	8.100000e+01	-1.610088e-12	1.390405e-12	1.390405e-12
8.100000e+01	8.200000e+01	-7.539798e-11	7.313628e-11	7.313628e-11
8.200000e+01	8.300000e+01	-2.308733e-12	2.466509e-12	2.466509e-12
8.300000e+01	8.400000e+01	-2.516765e-12	1.071721e-11	1.071721e-11
8.400000e+01	8.500000e+01	-1.723392e-14	4.685454e-14	4.685454e-14
8.500000e+01	8.600000e+01	-8.589187e-12	5.181460e-12	5.181460e-12
8.600000e+01	8.700000e+01	-6.335298e-13	7.331501e-13	7.331501e-13
8.700000e+01	8.800000e+01	1.052478e-11	1.086274e-11	1.086274e-11
8.800000e+01	8.900000e+01	-4.678043e-12	2.671327e-12	2.671327e-12
8.900000e+01	9.000000e+01	-6.479267e-14	3.773068e-14	3.773068e-14
9.000000e+01	9.100000e+01	6.638034e-13	7.652558e-13	7.652558e-13
9.100000e+01	9.200000e+01	-1.274732e-14	1.413868e-14	1.413868e-14
9.200000e+01	9.300000e+01	-6.314929e-12	6.314046e-12	6.314046e-12
9.300000e+01	9.400000e+01	-2.432138e-13	2.310540e-13	2.310540e-13
9.400000e+01	9.500000e+01	-3.404129e-14	1.834393e-14	1.834393e-14
9.500000e+01	9.600000e+01	-1.303591e-13	1.441748e-13	1.441748e-13
9.600000e+01	9.700000e+01	-6.515486e-14	6.291624e-14	6.291624e-14
9.700000e+01	9.800000e+01	-2.573095e-14	1.836159e-14	1.836159e-14
9.800000e+01	9.900000e+01	-3.125046e-13	3.179431e-13	3.179431e-13
9.900000e+01	1.000000e+02	1.427476e-14	1.600033e-14	1.600033e-14
# END HISTO1D


# BEGIN HISTO1D //homes/tinghua1/higgs-anomalous/Herwig7/gcc11_install_test/H-N2-N3-4-25gev/plots/H-N2-N3-4-25gev-mixed-ffac2-400GeV.yoda/MC_H2JETS_04_TIGHT/jet3_mass
ErrorBars=1
LineColor=orange
LineStyle=solid
Path=//homes/tinghua1/higgs-anomalous/Herwig7/gcc11_install_test/H-N2-N3-4-25gev/plots/H-N2-N3-4-25gev-mixed-ffac2-400GeV.yoda/MC_H2JETS_04_TIGHT/jet3_mass
Scale=6.91285653058
Title=CP-mixed-ffac2
# xlow	 xhigh	 val	 errminus	 errplus
0.000000e+00	1.000000e+00	1.276150e-02	8.180859e-05	8.180859e-05
1.000000e+00	2.000000e+00	1.555932e-03	2.111848e-05	2.111848e-05
2.000000e+00	3.000000e+00	1.622027e-03	1.631793e-05	1.631793e-05
3.000000e+00	4.000000e+00	4.731385e-03	7.476850e-05	7.476850e-05
4.000000e+00	5.000000e+00	6.018780e-03	4.795961e-05	4.795961e-05
5.000000e+00	6.000000e+00	4.839502e-03	7.415892e-05	7.415892e-05
6.000000e+00	7.000000e+00	3.898602e-03	4.827985e-05	4.827985e-05
7.000000e+00	8.000000e+00	2.787759e-03	4.072104e-05	4.072104e-05
8.000000e+00	9.000000e+00	2.099945e-03	2.728130e-05	2.728130e-05
9.000000e+00	1.000000e+01	1.428533e-03	8.110717e-05	8.110717e-05
1.000000e+01	1.100000e+01	1.148409e-03	2.800606e-05	2.800606e-05
1.100000e+01	1.200000e+01	9.166798e-04	3.930403e-05	3.930403e-05
1.200000e+01	1.300000e+01	6.634922e-04	1.779094e-05	1.779094e-05
1.300000e+01	1.400000e+01	5.010917e-04	1.642373e-05	1.642373e-05
1.400000e+01	1.500000e+01	4.082801e-04	1.688261e-05	1.688261e-05
1.500000e+01	1.600000e+01	3.413959e-04	4.446530e-05	4.446530e-05
1.600000e+01	1.700000e+01	2.160640e-04	7.968930e-06	7.968930e-06
1.700000e+01	1.800000e+01	1.670538e-04	4.887920e-06	4.887920e-06
1.800000e+01	1.900000e+01	9.997329e-05	1.999760e-05	1.999760e-05
1.900000e+01	2.000000e+01	1.012796e-04	4.482889e-06	4.482889e-06
2.000000e+01	2.100000e+01	7.169558e-05	7.011868e-06	7.011868e-06
2.100000e+01	2.200000e+01	5.409432e-05	3.367425e-06	3.367425e-06
2.200000e+01	2.300000e+01	4.489546e-05	4.312513e-06	4.312513e-06
2.300000e+01	2.400000e+01	2.984343e-05	3.319574e-06	3.319574e-06
2.400000e+01	2.500000e+01	3.068873e-05	4.500337e-06	4.500337e-06
2.500000e+01	2.600000e+01	1.337036e-05	3.948306e-06	3.948306e-06
2.600000e+01	2.700000e+01	2.156432e-05	2.940923e-06	2.940923e-06
2.700000e+01	2.800000e+01	9.617861e-06	2.748481e-06	2.748481e-06
2.800000e+01	2.900000e+01	2.069550e-06	7.723765e-06	7.723765e-06
2.900000e+01	3.000000e+01	1.025119e-05	1.463488e-06	1.463488e-06
3.000000e+01	3.100000e+01	5.093757e-06	5.698563e-07	5.698563e-07
3.100000e+01	3.200000e+01	8.272540e-06	3.152057e-06	3.152057e-06
3.200000e+01	3.300000e+01	2.845790e-06	3.648047e-07	3.648047e-07
3.300000e+01	3.400000e+01	2.301789e-06	4.732592e-07	4.732592e-07
3.400000e+01	3.500000e+01	2.452303e-06	4.211868e-07	4.211868e-07
3.500000e+01	3.600000e+01	1.299862e-06	4.963614e-07	4.963614e-07
3.600000e+01	3.700000e+01	2.679824e-07	6.787939e-07	6.787939e-07
3.700000e+01	3.800000e+01	9.841624e-07	2.825179e-07	2.825179e-07
3.800000e+01	3.900000e+01	4.654795e-07	3.566873e-07	3.566873e-07
3.900000e+01	4.000000e+01	4.873147e-07	1.705177e-07	1.705177e-07
4.000000e+01	4.100000e+01	3.436335e-07	1.776398e-07	1.776398e-07
4.100000e+01	4.200000e+01	4.662235e-07	1.018778e-07	1.018778e-07
4.200000e+01	4.300000e+01	3.089388e-07	1.460005e-07	1.460005e-07
4.300000e+01	4.400000e+01	1.304739e-08	2.045282e-07	2.045282e-07
4.400000e+01	4.500000e+01	2.966626e-07	8.032568e-08	8.032568e-08
4.500000e+01	4.600000e+01	2.187111e-07	4.594671e-08	4.594671e-08
4.600000e+01	4.700000e+01	2.588450e-08	1.297148e-07	1.297148e-07
4.700000e+01	4.800000e+01	1.506740e-07	4.430359e-08	4.430359e-08
4.800000e+01	4.900000e+01	1.573419e-07	8.957967e-08	8.957967e-08
4.900000e+01	5.000000e+01	5.906177e-08	2.577324e-08	2.577324e-08
5.000000e+01	5.100000e+01	3.209894e-07	2.523549e-07	2.523549e-07
5.100000e+01	5.200000e+01	3.872261e-08	1.290654e-08	1.290654e-08
5.200000e+01	5.300000e+01	2.811538e-08	1.725467e-08	1.725467e-08
5.300000e+01	5.400000e+01	6.905363e-08	4.198745e-08	4.198745e-08
5.400000e+01	5.500000e+01	3.642195e-08	2.201375e-08	2.201375e-08
5.500000e+01	5.600000e+01	-6.744691e-09	2.329376e-08	2.329376e-08
5.600000e+01	5.700000e+01	1.327209e-08	4.694413e-09	4.694413e-09
5.700000e+01	5.800000e+01	-8.084436e-09	1.496018e-08	1.496018e-08
5.800000e+01	5.900000e+01	8.618581e-09	6.500227e-09	6.500227e-09
5.900000e+01	6.000000e+01	1.092471e-08	4.640098e-09	4.640098e-09
6.000000e+01	6.100000e+01	6.348833e-09	4.751668e-09	4.751668e-09
6.100000e+01	6.200000e+01	3.580403e-09	2.404905e-09	2.404905e-09
6.200000e+01	6.300000e+01	1.145452e-08	4.099060e-09	4.099060e-09
6.300000e+01	6.400000e+01	6.839461e-09	2.758429e-09	2.758429e-09
6.400000e+01	6.500000e+01	2.420386e-08	2.073786e-08	2.073786e-08
6.500000e+01	6.600000e+01	3.400104e-09	1.413527e-09	1.413527e-09
6.600000e+01	6.700000e+01	4.938621e-09	2.352270e-09	2.352270e-09
6.700000e+01	6.800000e+01	5.009391e-09	3.477506e-09	3.477506e-09
6.800000e+01	6.900000e+01	9.064853e-10	1.474158e-09	1.474158e-09
6.900000e+01	7.000000e+01	-3.805808e-09	5.249093e-09	5.249093e-09
7.000000e+01	7.100000e+01	2.942705e-09	1.307462e-09	1.307462e-09
7.100000e+01	7.200000e+01	-2.931293e-09	5.767879e-09	5.767879e-09
7.200000e+01	7.300000e+01	3.814081e-10	1.482363e-10	1.482363e-10
7.300000e+01	7.400000e+01	3.131051e-10	3.529935e-10	3.529935e-10
7.400000e+01	7.500000e+01	1.917280e-10	8.706940e-11	8.706940e-11
7.500000e+01	7.600000e+01	5.890800e-10	3.903279e-10	3.903279e-10
7.600000e+01	7.700000e+01	7.461255e-09	5.188483e-09	5.188483e-09
7.700000e+01	7.800000e+01	4.814187e-10	3.101056e-10	3.101056e-10
7.800000e+01	7.900000e+01	5.027034e-11	2.527737e-11	2.527737e-11
7.900000e+01	8.000000e+01	4.277309e-11	2.443607e-11	2.443607e-11
8.000000e+01	8.100000e+01	-4.889528e-10	7.438302e-10	7.438302e-10
8.100000e+01	8.200000e+01	7.059857e-12	1.069166e-10	1.069166e-10
8.200000e+01	8.300000e+01	-2.165561e-10	2.882320e-10	2.882320e-10
8.300000e+01	8.400000e+01	2.551172e-10	1.285353e-10	1.285353e-10
8.400000e+01	8.500000e+01	3.168903e-10	3.067967e-10	3.067967e-10
8.500000e+01	8.600000e+01	1.004079e-09	1.100227e-09	1.100227e-09
8.600000e+01	8.700000e+01	5.250269e-11	5.442312e-11	5.442312e-11
8.700000e+01	8.800000e+01	2.309971e-12	1.147765e-12	1.147765e-12
8.800000e+01	8.900000e+01	8.317158e-12	1.934486e-11	1.934486e-11
8.900000e+01	9.000000e+01	2.339315e-11	1.860529e-11	1.860529e-11
9.000000e+01	9.100000e+01	5.735896e-12	4.409163e-12	4.409163e-12
9.100000e+01	9.200000e+01	1.305895e-11	9.342366e-12	9.342366e-12
9.200000e+01	9.300000e+01	6.728585e-12	5.922662e-12	5.922662e-12
9.300000e+01	9.400000e+01	-1.060381e-12	2.531368e-12	2.531368e-12
9.400000e+01	9.500000e+01	3.087829e-13	8.345233e-13	8.345233e-13
9.500000e+01	9.600000e+01	1.606647e-14	1.714855e-13	1.714855e-13
9.600000e+01	9.700000e+01	-1.189452e-12	1.297696e-12	1.297696e-12
9.700000e+01	9.800000e+01	6.829418e-15	3.286711e-14	3.286711e-14
9.800000e+01	9.900000e+01	8.527313e-13	1.007207e-12	1.007207e-12
9.900000e+01	1.000000e+02	4.036217e-11	4.240406e-11	4.240406e-11
# END HISTO1D

