# BEGIN PLOT
LegendOnly=//homes/tinghua1/higgs-anomalous/Herwig7/gcc11_install_test/H-N2-N3-4-25gev/plots/H-N2-N3-4-25gev-SM.yoda/MC_H2JETS_04_TIGHT/jet4_x //homes/tinghua1/higgs-anomalous/Herwig7/gcc11_install_test/H-N2-N3-4-25gev/plots/H-N2-N3-4-25gev-mixed-nofac.yoda/MC_H2JETS_04_TIGHT/jet4_x //homes/tinghua1/higgs-anomalous/Herwig7/gcc11_install_test/H-N2-N3-4-25gev/plots/H-N2-N3-4-25gev-mixed-ffac1-400GeV.yoda/MC_H2JETS_04_TIGHT/jet4_x //homes/tinghua1/higgs-anomalous/Herwig7/gcc11_install_test/H-N2-N3-4-25gev/plots/H-N2-N3-4-25gev-mixed-ffac2-400GeV.yoda/MC_H2JETS_04_TIGHT/jet4_x
DrawOnly=//homes/tinghua1/higgs-anomalous/Herwig7/gcc11_install_test/H-N2-N3-4-25gev/plots/H-N2-N3-4-25gev-SM.yoda/MC_H2JETS_04_TIGHT/jet4_x //homes/tinghua1/higgs-anomalous/Herwig7/gcc11_install_test/H-N2-N3-4-25gev/plots/H-N2-N3-4-25gev-mixed-nofac.yoda/MC_H2JETS_04_TIGHT/jet4_x //homes/tinghua1/higgs-anomalous/Herwig7/gcc11_install_test/H-N2-N3-4-25gev/plots/H-N2-N3-4-25gev-mixed-ffac1-400GeV.yoda/MC_H2JETS_04_TIGHT/jet4_x //homes/tinghua1/higgs-anomalous/Herwig7/gcc11_install_test/H-N2-N3-4-25gev/plots/H-N2-N3-4-25gev-mixed-ffac2-400GeV.yoda/MC_H2JETS_04_TIGHT/jet4_x
Title=h(2*,3*,4)
RatioPlotReference=//homes/tinghua1/higgs-anomalous/Herwig7/gcc11_install_test/H-N2-N3-4-25gev/plots/H-N2-N3-4-25gev-SM.yoda/MC_H2JETS_04_TIGHT/jet4_x
RightMargin=0.5
RatioPlot=1
LogY=1
RatioPlotYMax=2.5
RatioPlotYLabel=Ratio
XLabel=$x_{j_4}^{\star}$
LegendAlign=r
YLabel=$\text{d} \sigma/ \text{d} x_{j_4}^{\star}$ (pb)
Legend=1
RatioPlotYMin=0.0
# END PLOT


# BEGIN SPECIAL /MC_H2JETS_04_TIGHT/jet4_x
\rput[tl](0.05,0.75){\parbox{5cm}{\textcolor{gray}{{\bf Herwig 7.2.3} \\ VBFNLO 3.0.0}}}
# END SPECIAL

# BEGIN HISTO1D //homes/tinghua1/higgs-anomalous/Herwig7/gcc11_install_test/H-N2-N3-4-25gev/plots/H-N2-N3-4-25gev-SM.yoda/MC_H2JETS_04_TIGHT/jet4_x
ErrorBars=1
LineColor=red
LineStyle=solid
Path=//homes/tinghua1/higgs-anomalous/Herwig7/gcc11_install_test/H-N2-N3-4-25gev/plots/H-N2-N3-4-25gev-SM.yoda/MC_H2JETS_04_TIGHT/jet4_x
Scale=1.23132253028
Title=SM
# xlow	 xhigh	 val	 errminus	 errplus
-5.000000e+00	-4.600000e+00	0.000000e+00	0.000000e+00	0.000000e+00
-4.600000e+00	-4.200000e+00	1.633012e-09	1.473061e-07	1.473061e-07
-4.200000e+00	-3.800000e+00	4.728340e-06	5.072894e-07	5.072894e-07
-3.800000e+00	-3.400000e+00	2.680408e-05	1.822695e-06	1.822695e-06
-3.400000e+00	-3.000000e+00	8.291728e-05	5.479581e-06	5.479581e-06
-3.000000e+00	-2.600000e+00	2.233465e-04	9.405281e-06	9.405281e-06
-2.600000e+00	-2.200000e+00	5.145358e-04	3.192201e-05	3.192201e-05
-2.200000e+00	-1.800000e+00	9.271245e-04	2.391078e-05	2.391078e-05
-1.800000e+00	-1.400000e+00	1.635432e-03	3.168164e-05	3.168164e-05
-1.400000e+00	-1.000000e+00	2.592058e-03	9.243430e-05	9.243430e-05
-1.000000e+00	-6.000000e-01	4.567430e-03	5.969661e-05	5.969661e-05
-6.000000e-01	-2.000000e-01	7.042818e-03	5.384955e-05	5.384955e-05
-2.000000e-01	2.000000e-01	6.006532e-03	6.016781e-05	6.016781e-05
2.000000e-01	6.000000e-01	6.344018e-03	9.350251e-05	9.350251e-05
6.000000e-01	1.000000e+00	3.996972e-03	1.310151e-04	1.310151e-04
1.000000e+00	1.400000e+00	2.191607e-03	2.665926e-04	2.665926e-04
1.400000e+00	1.800000e+00	1.656997e-03	2.478867e-05	2.478867e-05
1.800000e+00	2.200000e+00	1.213163e-03	7.015739e-05	7.015739e-05
2.200000e+00	2.600000e+00	8.489228e-04	2.252642e-05	2.252642e-05
2.600000e+00	3.000000e+00	3.593493e-04	3.057232e-05	3.057232e-05
3.000000e+00	3.400000e+00	1.382058e-04	5.619879e-06	5.619879e-06
3.400000e+00	3.800000e+00	2.620238e-05	3.865155e-06	3.865155e-06
3.800000e+00	4.200000e+00	6.039455e-06	1.418360e-06	1.418360e-06
4.200000e+00	4.600000e+00	1.084482e-07	3.577168e-08	3.577168e-08
4.600000e+00	5.000000e+00	0.000000e+00	0.000000e+00	0.000000e+00
# END HISTO1D


# BEGIN HISTO1D //homes/tinghua1/higgs-anomalous/Herwig7/gcc11_install_test/H-N2-N3-4-25gev/plots/H-N2-N3-4-25gev-mixed-nofac.yoda/MC_H2JETS_04_TIGHT/jet4_x
ErrorBars=1
LineColor=blue
LineStyle=solid
Path=//homes/tinghua1/higgs-anomalous/Herwig7/gcc11_install_test/H-N2-N3-4-25gev/plots/H-N2-N3-4-25gev-mixed-nofac.yoda/MC_H2JETS_04_TIGHT/jet4_x
Scale=6.4701676744
Title=CP-mixed
# xlow	 xhigh	 val	 errminus	 errplus
-5.000000e+00	-4.600000e+00	0.000000e+00	0.000000e+00	0.000000e+00
-4.600000e+00	-4.200000e+00	2.048661e-07	1.280924e-07	1.280924e-07
-4.200000e+00	-3.800000e+00	2.252106e-06	3.530414e-07	3.530414e-07
-3.800000e+00	-3.400000e+00	1.769314e-05	2.861580e-06	2.861580e-06
-3.400000e+00	-3.000000e+00	5.311820e-05	7.148207e-06	7.148207e-06
-3.000000e+00	-2.600000e+00	1.305823e-04	7.359270e-06	7.359270e-06
-2.600000e+00	-2.200000e+00	3.482010e-04	3.122010e-05	3.122010e-05
-2.200000e+00	-1.800000e+00	6.462025e-04	4.007237e-05	4.007237e-05
-1.800000e+00	-1.400000e+00	1.328219e-03	1.349788e-04	1.349788e-04
-1.400000e+00	-1.000000e+00	2.097469e-03	6.141133e-05	6.141133e-05
-1.000000e+00	-6.000000e-01	3.603460e-03	1.885277e-04	1.885277e-04
-6.000000e-01	-2.000000e-01	5.581868e-03	1.117082e-04	1.117082e-04
-2.000000e-01	2.000000e-01	4.598315e-03	1.115063e-04	1.115063e-04
2.000000e-01	6.000000e-01	5.016523e-03	2.474528e-04	2.474528e-04
6.000000e-01	1.000000e+00	3.024535e-03	5.729672e-05	5.729672e-05
1.000000e+00	1.400000e+00	1.847606e-03	3.669493e-05	3.669493e-05
1.400000e+00	1.800000e+00	1.415615e-03	8.362565e-05	8.362565e-05
1.800000e+00	2.200000e+00	1.000688e-03	3.721290e-05	3.721290e-05
2.200000e+00	2.600000e+00	7.371048e-04	2.673154e-05	2.673154e-05
2.600000e+00	3.000000e+00	2.820913e-04	6.215330e-05	6.215330e-05
3.000000e+00	3.400000e+00	5.435268e-05	3.411423e-06	3.411423e-06
3.400000e+00	3.800000e+00	9.250165e-06	9.268097e-07	9.268097e-07
3.800000e+00	4.200000e+00	9.200180e-07	1.228650e-07	1.228650e-07
4.200000e+00	4.600000e+00	3.590355e-08	1.821954e-08	1.821954e-08
4.600000e+00	5.000000e+00	0.000000e+00	0.000000e+00	0.000000e+00
# END HISTO1D


# BEGIN HISTO1D //homes/tinghua1/higgs-anomalous/Herwig7/gcc11_install_test/H-N2-N3-4-25gev/plots/H-N2-N3-4-25gev-mixed-ffac1-400GeV.yoda/MC_H2JETS_04_TIGHT/jet4_x
ErrorBars=1
LineColor=green
LineStyle=solid
Path=//homes/tinghua1/higgs-anomalous/Herwig7/gcc11_install_test/H-N2-N3-4-25gev/plots/H-N2-N3-4-25gev-mixed-ffac1-400GeV.yoda/MC_H2JETS_04_TIGHT/jet4_x
Scale=12.5152858573
Title=CP-mixed-ffac1
# xlow	 xhigh	 val	 errminus	 errplus
-5.000000e+00	-4.600000e+00	0.000000e+00	0.000000e+00	0.000000e+00
-4.600000e+00	-4.200000e+00	2.591000e-08	1.773334e-08	1.773334e-08
-4.200000e+00	-3.800000e+00	6.980697e-07	1.251266e-07	1.251266e-07
-3.800000e+00	-3.400000e+00	4.763385e-06	1.084543e-06	1.084543e-06
-3.400000e+00	-3.000000e+00	1.657330e-05	1.631243e-06	1.631243e-06
-3.000000e+00	-2.600000e+00	3.744333e-05	3.227836e-06	3.227836e-06
-2.600000e+00	-2.200000e+00	8.134440e-05	3.534729e-06	3.534729e-06
-2.200000e+00	-1.800000e+00	1.441752e-04	6.877379e-06	6.877379e-06
-1.800000e+00	-1.400000e+00	2.474453e-04	1.001111e-05	1.001111e-05
-1.400000e+00	-1.000000e+00	4.215545e-04	2.769118e-05	2.769118e-05
-1.000000e+00	-6.000000e-01	7.229165e-04	2.050825e-05	2.050825e-05
-6.000000e-01	-2.000000e-01	1.155956e-03	2.975114e-05	2.975114e-05
-2.000000e-01	2.000000e-01	1.003904e-03	3.532166e-05	3.532166e-05
2.000000e-01	6.000000e-01	1.060663e-03	3.272343e-05	3.272343e-05
6.000000e-01	1.000000e+00	7.335375e-04	1.951218e-05	1.951218e-05
1.000000e+00	1.400000e+00	4.589245e-04	1.807485e-05	1.807485e-05
1.400000e+00	1.800000e+00	3.589430e-04	2.037524e-05	2.037524e-05
1.800000e+00	2.200000e+00	3.362270e-04	1.905181e-05	1.905181e-05
2.200000e+00	2.600000e+00	2.987460e-04	9.700158e-05	9.700158e-05
2.600000e+00	3.000000e+00	7.380863e-05	2.703801e-06	2.703801e-06
3.000000e+00	3.400000e+00	2.141308e-05	1.059270e-06	1.059270e-06
3.400000e+00	3.800000e+00	4.343778e-06	5.509744e-07	5.509744e-07
3.800000e+00	4.200000e+00	8.607330e-07	3.360057e-07	3.360057e-07
4.200000e+00	4.600000e+00	1.536193e-08	9.098692e-09	9.098692e-09
4.600000e+00	5.000000e+00	0.000000e+00	0.000000e+00	0.000000e+00
# END HISTO1D


# BEGIN HISTO1D //homes/tinghua1/higgs-anomalous/Herwig7/gcc11_install_test/H-N2-N3-4-25gev/plots/H-N2-N3-4-25gev-mixed-ffac2-400GeV.yoda/MC_H2JETS_04_TIGHT/jet4_x
ErrorBars=1
LineColor=orange
LineStyle=solid
Path=//homes/tinghua1/higgs-anomalous/Herwig7/gcc11_install_test/H-N2-N3-4-25gev/plots/H-N2-N3-4-25gev-mixed-ffac2-400GeV.yoda/MC_H2JETS_04_TIGHT/jet4_x
Scale=6.91285653058
Title=CP-mixed-ffac2
# xlow	 xhigh	 val	 errminus	 errplus
-5.000000e+00	-4.600000e+00	0.000000e+00	0.000000e+00	0.000000e+00
-4.600000e+00	-4.200000e+00	9.854745e-08	2.724393e-08	2.724393e-08
-4.200000e+00	-3.800000e+00	2.264492e-06	5.546243e-07	5.546243e-07
-3.800000e+00	-3.400000e+00	1.363777e-05	1.570586e-06	1.570586e-06
-3.400000e+00	-3.000000e+00	5.046103e-05	3.739206e-06	3.739206e-06
-3.000000e+00	-2.600000e+00	1.124814e-04	7.633058e-06	7.633058e-06
-2.600000e+00	-2.200000e+00	2.602515e-04	8.413419e-06	8.413419e-06
-2.200000e+00	-1.800000e+00	5.457265e-04	1.618767e-05	1.618767e-05
-1.800000e+00	-1.400000e+00	1.136269e-03	9.900527e-05	9.900527e-05
-1.400000e+00	-1.000000e+00	1.707301e-03	4.987568e-05	4.987568e-05
-1.000000e+00	-6.000000e-01	3.054567e-03	4.996163e-05	4.996163e-05
-6.000000e-01	-2.000000e-01	4.743393e-03	8.547785e-05	8.547785e-05
-2.000000e-01	2.000000e-01	3.930442e-03	8.516847e-05	8.516847e-05
2.000000e-01	6.000000e-01	4.194020e-03	7.191803e-05	7.191803e-05
6.000000e-01	1.000000e+00	2.659345e-03	5.407200e-05	5.407200e-05
1.000000e+00	1.400000e+00	1.603417e-03	3.692487e-05	3.692487e-05
1.400000e+00	1.800000e+00	1.155688e-03	2.524223e-05	2.524223e-05
1.800000e+00	2.200000e+00	9.871662e-04	3.734755e-05	3.734755e-05
2.200000e+00	2.600000e+00	6.257548e-04	3.834383e-05	3.834383e-05
2.600000e+00	3.000000e+00	1.776439e-04	1.062113e-05	1.062113e-05
3.000000e+00	3.400000e+00	4.566085e-05	2.330322e-06	2.330322e-06
3.400000e+00	3.800000e+00	9.126348e-06	1.223431e-06	1.223431e-06
3.800000e+00	4.200000e+00	8.853902e-07	2.790756e-07	2.790756e-07
4.200000e+00	4.600000e+00	3.885950e-08	3.484019e-08	3.484019e-08
4.600000e+00	5.000000e+00	0.000000e+00	0.000000e+00	0.000000e+00
# END HISTO1D

