# BEGIN PLOT
Rebin=2
DrawOnly=//homes/tinghua1/higgs-anomalous/Herwig7/gcc11_install_test/H-N2-N3-4-25gev/plots/H-N2-N3-4-25gev-SM.yoda/MC_H2JETS_04_TIGHT/log10_d_34 //homes/tinghua1/higgs-anomalous/Herwig7/gcc11_install_test/H-N2-N3-4-25gev/plots/H-N2-N3-4-25gev-mixed-nofac.yoda/MC_H2JETS_04_TIGHT/log10_d_34 //homes/tinghua1/higgs-anomalous/Herwig7/gcc11_install_test/H-N2-N3-4-25gev/plots/H-N2-N3-4-25gev-mixed-ffac1-400GeV.yoda/MC_H2JETS_04_TIGHT/log10_d_34 //homes/tinghua1/higgs-anomalous/Herwig7/gcc11_install_test/H-N2-N3-4-25gev/plots/H-N2-N3-4-25gev-mixed-ffac2-400GeV.yoda/MC_H2JETS_04_TIGHT/log10_d_34
Title=h(2*,3*,4)
RatioPlotReference=//homes/tinghua1/higgs-anomalous/Herwig7/gcc11_install_test/H-N2-N3-4-25gev/plots/H-N2-N3-4-25gev-SM.yoda/MC_H2JETS_04_TIGHT/log10_d_34
RightMargin=0.5
RatioPlot=1
LogY=1
RatioPlotYMax=2.0
RatioPlotYLabel=Ratio
LegendOnly=//homes/tinghua1/higgs-anomalous/Herwig7/gcc11_install_test/H-N2-N3-4-25gev/plots/H-N2-N3-4-25gev-SM.yoda/MC_H2JETS_04_TIGHT/log10_d_34 //homes/tinghua1/higgs-anomalous/Herwig7/gcc11_install_test/H-N2-N3-4-25gev/plots/H-N2-N3-4-25gev-mixed-nofac.yoda/MC_H2JETS_04_TIGHT/log10_d_34 //homes/tinghua1/higgs-anomalous/Herwig7/gcc11_install_test/H-N2-N3-4-25gev/plots/H-N2-N3-4-25gev-mixed-ffac1-400GeV.yoda/MC_H2JETS_04_TIGHT/log10_d_34 //homes/tinghua1/higgs-anomalous/Herwig7/gcc11_install_test/H-N2-N3-4-25gev/plots/H-N2-N3-4-25gev-mixed-ffac2-400GeV.yoda/MC_H2JETS_04_TIGHT/log10_d_34
XLabel=$\sqrt{d_{34}}$ (GeV)
LegendAlign=r
XMax=3.0
YLabel=$ \text{d} \sigma / \sqrt{d_{34}}$ (pb/GeV)
Legend=1
RatioPlotYMin=0.0
# END PLOT


# BEGIN SPECIAL /MC_H2JETS_04_TIGHT/log10_d_34
\rput[tl](0.05,0.75){\parbox{5cm}{\textcolor{gray}{{\bf Herwig 7.2.3} \\ VBFNLO 3.0.0}}}
# END SPECIAL

# BEGIN HISTO1D //homes/tinghua1/higgs-anomalous/Herwig7/gcc11_install_test/H-N2-N3-4-25gev/plots/H-N2-N3-4-25gev-SM.yoda/MC_H2JETS_04_TIGHT/log10_d_34
ErrorBars=1
LineColor=red
LineStyle=solid
Path=//homes/tinghua1/higgs-anomalous/Herwig7/gcc11_install_test/H-N2-N3-4-25gev/plots/H-N2-N3-4-25gev-SM.yoda/MC_H2JETS_04_TIGHT/log10_d_34
Scale=1.23132253028
Title=SM
XLabel=~
YLabel=~
# xlow	 xhigh	 val	 errminus	 errplus
2.000000e-01	2.361291e-01	1.174364e-01	2.359108e-04	2.359108e-04
2.361291e-01	2.722583e-01	1.589827e-01	2.793076e-04	2.793076e-04
2.722583e-01	3.083874e-01	2.189823e-01	3.711990e-04	3.711990e-04
3.083874e-01	3.445165e-01	2.877060e-01	7.575367e-04	7.575367e-04
3.445165e-01	3.806457e-01	3.660792e-01	4.309633e-04	4.309633e-04
3.806457e-01	4.167748e-01	4.537044e-01	5.844875e-04	5.844875e-04
4.167748e-01	4.529039e-01	5.495094e-01	6.586072e-04	6.586072e-04
4.529039e-01	4.890331e-01	6.538722e-01	9.375698e-04	9.375698e-04
4.890331e-01	5.251622e-01	7.542989e-01	4.124634e-03	4.124634e-03
5.251622e-01	5.612913e-01	8.554976e-01	1.096314e-03	1.096314e-03
5.612913e-01	5.974205e-01	9.374038e-01	1.065939e-03	1.065939e-03
5.974205e-01	6.335496e-01	1.008322e+00	1.253479e-03	1.253479e-03
6.335496e-01	6.696787e-01	1.057954e+00	1.045724e-03	1.045724e-03
6.696787e-01	7.058079e-01	1.093974e+00	1.211907e-03	1.211907e-03
7.058079e-01	7.419370e-01	1.112309e+00	2.353864e-03	2.353864e-03
7.419370e-01	7.780661e-01	1.103822e+00	1.913507e-03	1.913507e-03
7.780661e-01	8.141953e-01	1.082537e+00	1.135105e-03	1.135105e-03
8.141953e-01	8.503244e-01	1.041677e+00	3.327158e-03	3.327158e-03
8.503244e-01	8.864535e-01	9.974256e-01	1.374776e-03	1.374776e-03
8.864535e-01	9.225827e-01	9.422008e-01	2.088023e-03	2.088023e-03
9.225827e-01	9.587118e-01	8.757312e-01	1.551522e-03	1.551522e-03
9.587118e-01	9.948409e-01	8.068551e-01	3.497600e-03	3.497600e-03
9.948409e-01	1.030970e+00	7.391798e-01	1.241319e-03	1.241319e-03
1.030970e+00	1.067099e+00	6.692020e-01	2.222243e-03	2.222243e-03
1.067099e+00	1.103228e+00	6.018763e-01	1.721006e-03	1.721006e-03
1.103228e+00	1.139357e+00	5.369147e-01	1.697721e-03	1.697721e-03
1.139357e+00	1.175487e+00	4.756073e-01	1.438478e-03	1.438478e-03
1.175487e+00	1.211616e+00	4.193808e-01	1.466675e-03	1.466675e-03
1.211616e+00	1.247745e+00	3.636920e-01	1.703169e-03	1.703169e-03
1.247745e+00	1.283874e+00	3.126774e-01	1.680639e-03	1.680639e-03
1.283874e+00	1.320003e+00	2.712726e-01	2.228799e-03	2.228799e-03
1.320003e+00	1.356132e+00	2.290489e-01	2.262452e-03	2.262452e-03
1.356132e+00	1.392261e+00	1.911198e-01	2.033091e-03	2.033091e-03
1.392261e+00	1.428391e+00	1.580772e-01	3.269671e-03	3.269671e-03
1.428391e+00	1.464520e+00	1.290461e-01	1.096434e-03	1.096434e-03
1.464520e+00	1.500649e+00	1.006760e-01	8.907964e-04	8.907964e-04
1.500649e+00	1.536778e+00	7.979161e-02	7.768249e-04	7.768249e-04
1.536778e+00	1.572907e+00	5.990670e-02	1.198404e-03	1.198404e-03
1.572907e+00	1.609036e+00	4.491647e-02	9.333291e-04	9.333291e-04
1.609036e+00	1.645165e+00	3.379676e-02	1.082823e-03	1.082823e-03
1.645165e+00	1.681294e+00	2.332858e-02	6.633955e-04	6.633955e-04
1.681294e+00	1.717424e+00	1.435325e-02	5.627062e-04	5.627062e-04
1.717424e+00	1.753553e+00	1.090986e-02	5.936657e-04	5.936657e-04
1.753553e+00	1.789682e+00	6.589789e-03	2.170221e-04	2.170221e-04
1.789682e+00	1.825811e+00	4.170024e-03	1.055383e-04	1.055383e-04
1.825811e+00	1.861940e+00	2.838039e-03	1.514249e-04	1.514249e-04
1.861940e+00	1.898069e+00	1.611570e-03	1.003732e-04	1.003732e-04
1.898069e+00	1.934198e+00	9.411428e-04	6.691211e-05	6.691211e-05
1.934198e+00	1.970328e+00	5.895259e-04	3.143503e-05	3.143503e-05
1.970328e+00	2.006457e+00	2.661992e-04	2.903114e-05	2.903114e-05
2.006457e+00	2.042586e+00	1.386613e-04	1.718694e-05	1.718694e-05
2.042586e+00	2.078715e+00	1.016086e-04	1.201641e-05	1.201641e-05
2.078715e+00	2.114844e+00	4.262623e-05	4.626171e-06	4.626171e-06
2.114844e+00	2.150973e+00	1.349823e-05	4.492783e-06	4.492783e-06
2.150973e+00	2.187102e+00	1.265009e-05	2.758730e-06	2.758730e-06
2.187102e+00	2.223231e+00	9.861391e-06	4.896188e-06	4.896188e-06
2.223231e+00	2.259361e+00	2.179191e-06	3.660029e-07	3.660029e-07
2.259361e+00	2.295490e+00	1.312443e-07	1.175709e-06	1.175709e-06
2.295490e+00	2.331619e+00	1.755774e-07	1.116608e-07	1.116608e-07
2.331619e+00	2.367748e+00	1.236809e-07	6.090289e-08	6.090289e-08
2.367748e+00	2.403877e+00	6.742096e-08	1.748063e-08	1.748063e-08
2.403877e+00	2.440006e+00	1.952519e-08	1.825658e-08	1.825658e-08
2.440006e+00	2.476135e+00	1.362487e-08	4.728758e-09	4.728758e-09
2.476135e+00	2.512265e+00	4.113709e-09	3.046183e-09	3.046183e-09
2.512265e+00	2.548394e+00	4.836076e-10	3.052027e-10	3.052027e-10
2.548394e+00	2.584523e+00	3.245202e-10	2.356235e-10	2.356235e-10
2.584523e+00	2.620652e+00	7.253157e-11	5.446160e-11	5.446160e-11
2.620652e+00	2.656781e+00	2.601212e-12	2.026772e-12	2.026772e-12
2.656781e+00	2.692910e+00	4.705497e-11	4.700056e-11	4.700056e-11
2.692910e+00	2.729039e+00	5.498768e-14	5.351533e-14	5.351533e-14
2.729039e+00	2.765168e+00	-2.709148e-16	2.611933e-16	2.611933e-16
2.765168e+00	2.801298e+00	1.412686e-17	1.393505e-17	1.393505e-17
2.801298e+00	2.837427e+00	5.300803e-19	5.299032e-19	5.299032e-19
2.837427e+00	2.873556e+00	1.417358e-22	1.417358e-22	1.417358e-22
2.873556e+00	2.909685e+00	-2.678020e-24	2.678020e-24	2.678020e-24
2.909685e+00	2.945814e+00	0.000000e+00	0.000000e+00	0.000000e+00
2.945814e+00	2.981943e+00	0.000000e+00	0.000000e+00	0.000000e+00
2.981943e+00	3.018072e+00	0.000000e+00	0.000000e+00	0.000000e+00
3.018072e+00	3.054202e+00	0.000000e+00	0.000000e+00	0.000000e+00
3.054202e+00	3.090331e+00	0.000000e+00	0.000000e+00	0.000000e+00
3.090331e+00	3.126460e+00	0.000000e+00	0.000000e+00	0.000000e+00
3.126460e+00	3.162589e+00	0.000000e+00	0.000000e+00	0.000000e+00
3.162589e+00	3.198718e+00	0.000000e+00	0.000000e+00	0.000000e+00
3.198718e+00	3.234847e+00	0.000000e+00	0.000000e+00	0.000000e+00
3.234847e+00	3.270976e+00	0.000000e+00	0.000000e+00	0.000000e+00
3.270976e+00	3.307105e+00	0.000000e+00	0.000000e+00	0.000000e+00
3.307105e+00	3.343235e+00	0.000000e+00	0.000000e+00	0.000000e+00
3.343235e+00	3.379364e+00	0.000000e+00	0.000000e+00	0.000000e+00
3.379364e+00	3.415493e+00	0.000000e+00	0.000000e+00	0.000000e+00
3.415493e+00	3.451622e+00	0.000000e+00	0.000000e+00	0.000000e+00
3.451622e+00	3.487751e+00	0.000000e+00	0.000000e+00	0.000000e+00
3.487751e+00	3.523880e+00	0.000000e+00	0.000000e+00	0.000000e+00
3.523880e+00	3.560009e+00	0.000000e+00	0.000000e+00	0.000000e+00
3.560009e+00	3.596139e+00	0.000000e+00	0.000000e+00	0.000000e+00
3.596139e+00	3.632268e+00	0.000000e+00	0.000000e+00	0.000000e+00
3.632268e+00	3.668397e+00	0.000000e+00	0.000000e+00	0.000000e+00
3.668397e+00	3.704526e+00	0.000000e+00	0.000000e+00	0.000000e+00
3.704526e+00	3.740655e+00	0.000000e+00	0.000000e+00	0.000000e+00
3.740655e+00	3.776784e+00	0.000000e+00	0.000000e+00	0.000000e+00
3.776784e+00	3.812913e+00	0.000000e+00	0.000000e+00	0.000000e+00
# END HISTO1D


# BEGIN HISTO1D //homes/tinghua1/higgs-anomalous/Herwig7/gcc11_install_test/H-N2-N3-4-25gev/plots/H-N2-N3-4-25gev-mixed-nofac.yoda/MC_H2JETS_04_TIGHT/log10_d_34
ErrorBars=1
LineColor=blue
LineStyle=solid
Path=//homes/tinghua1/higgs-anomalous/Herwig7/gcc11_install_test/H-N2-N3-4-25gev/plots/H-N2-N3-4-25gev-mixed-nofac.yoda/MC_H2JETS_04_TIGHT/log10_d_34
Scale=6.4701676744
Title=CP-mixed
XLabel=~
YLabel=~
# xlow	 xhigh	 val	 errminus	 errplus
2.000000e-01	2.361291e-01	6.805470e-03	8.423529e-05	8.423529e-05
2.361291e-01	2.722583e-01	1.007910e-02	7.375016e-05	7.375016e-05
2.722583e-01	3.083874e-01	1.475105e-02	1.374916e-04	1.374916e-04
3.083874e-01	3.445165e-01	2.031903e-02	1.358391e-04	1.358391e-04
3.445165e-01	3.806457e-01	2.702258e-02	2.537482e-04	2.537482e-04
3.806457e-01	4.167748e-01	3.534716e-02	3.923221e-04	3.923221e-04
4.167748e-01	4.529039e-01	4.570424e-02	2.131470e-04	2.131470e-04
4.529039e-01	4.890331e-01	5.756507e-02	2.690682e-04	2.690682e-04
4.890331e-01	5.251622e-01	7.072786e-02	3.773310e-04	3.773310e-04
5.251622e-01	5.612913e-01	8.359397e-02	1.238434e-03	1.238434e-03
5.612913e-01	5.974205e-01	9.936273e-02	6.433298e-04	6.433298e-04
5.974205e-01	6.335496e-01	1.128623e-01	8.188327e-04	8.188327e-04
6.335496e-01	6.696787e-01	1.241296e-01	2.160023e-03	2.160023e-03
6.696787e-01	7.058079e-01	1.406616e-01	8.849175e-04	8.849175e-04
7.058079e-01	7.419370e-01	1.520529e-01	1.297636e-03	1.297636e-03
7.419370e-01	7.780661e-01	1.611201e-01	8.514934e-04	8.514934e-04
7.780661e-01	8.141953e-01	1.686673e-01	1.212937e-03	1.212937e-03
8.141953e-01	8.503244e-01	1.754999e-01	1.236874e-03	1.236874e-03
8.503244e-01	8.864535e-01	1.769425e-01	9.570698e-04	9.570698e-04
8.864535e-01	9.225827e-01	1.791101e-01	1.001748e-03	1.001748e-03
9.225827e-01	9.587118e-01	1.765197e-01	1.357382e-03	1.357382e-03
9.587118e-01	9.948409e-01	1.769157e-01	1.284547e-03	1.284547e-03
9.948409e-01	1.030970e+00	1.731461e-01	1.022153e-03	1.022153e-03
1.030970e+00	1.067099e+00	1.677675e-01	9.580533e-04	9.580533e-04
1.067099e+00	1.103228e+00	1.617442e-01	1.378958e-03	1.378958e-03
1.103228e+00	1.139357e+00	1.531537e-01	1.478849e-03	1.478849e-03
1.139357e+00	1.175487e+00	1.457498e-01	1.460689e-03	1.460689e-03
1.175487e+00	1.211616e+00	1.346575e-01	1.309526e-03	1.309526e-03
1.211616e+00	1.247745e+00	1.285814e-01	1.194526e-03	1.194526e-03
1.247745e+00	1.283874e+00	1.189769e-01	1.606585e-03	1.606585e-03
1.283874e+00	1.320003e+00	1.085103e-01	1.510792e-03	1.510792e-03
1.320003e+00	1.356132e+00	1.021365e-01	1.216102e-03	1.216102e-03
1.356132e+00	1.392261e+00	9.408514e-02	1.134629e-03	1.134629e-03
1.392261e+00	1.428391e+00	8.753402e-02	1.800485e-03	1.800485e-03
1.428391e+00	1.464520e+00	7.925470e-02	1.270104e-03	1.270104e-03
1.464520e+00	1.500649e+00	7.045147e-02	1.668944e-03	1.668944e-03
1.500649e+00	1.536778e+00	5.932439e-02	1.164500e-03	1.164500e-03
1.536778e+00	1.572907e+00	5.052830e-02	1.064423e-03	1.064423e-03
1.572907e+00	1.609036e+00	4.333801e-02	3.376532e-03	3.376532e-03
1.609036e+00	1.645165e+00	3.469900e-02	8.299202e-04	8.299202e-04
1.645165e+00	1.681294e+00	2.975006e-02	1.195990e-03	1.195990e-03
1.681294e+00	1.717424e+00	2.461210e-02	1.535672e-03	1.535672e-03
1.717424e+00	1.753553e+00	1.806805e-02	3.922763e-04	3.922763e-04
1.753553e+00	1.789682e+00	1.354295e-02	5.735219e-04	5.735219e-04
1.789682e+00	1.825811e+00	1.167953e-02	7.433927e-04	7.433927e-04
1.825811e+00	1.861940e+00	8.496964e-03	5.659000e-04	5.659000e-04
1.861940e+00	1.898069e+00	5.455482e-03	3.535304e-04	3.535304e-04
1.898069e+00	1.934198e+00	3.601102e-03	2.444628e-04	2.444628e-04
1.934198e+00	1.970328e+00	2.416983e-03	2.125468e-04	2.125468e-04
1.970328e+00	2.006457e+00	1.535106e-03	4.598076e-04	4.598076e-04
2.006457e+00	2.042586e+00	1.119090e-03	1.177294e-04	1.177294e-04
2.042586e+00	2.078715e+00	1.021151e-03	2.783490e-04	2.783490e-04
2.078715e+00	2.114844e+00	4.225423e-04	4.652518e-05	4.652518e-05
2.114844e+00	2.150973e+00	3.521423e-04	5.883154e-05	5.883154e-05
2.150973e+00	2.187102e+00	2.796814e-04	7.924227e-05	7.924227e-05
2.187102e+00	2.223231e+00	1.089095e-04	1.037347e-05	1.037347e-05
2.223231e+00	2.259361e+00	7.594390e-05	7.610807e-06	7.610807e-06
2.259361e+00	2.295490e+00	1.492158e-05	4.430393e-05	4.430393e-05
2.295490e+00	2.331619e+00	1.476897e-05	6.918336e-06	6.918336e-06
2.331619e+00	2.367748e+00	9.333087e-06	5.638483e-06	5.638483e-06
2.367748e+00	2.403877e+00	4.384088e-06	8.548568e-07	8.548568e-07
2.403877e+00	2.440006e+00	3.236190e-06	6.618743e-07	6.618743e-07
2.440006e+00	2.476135e+00	1.017283e-06	2.066411e-07	2.066411e-07
2.476135e+00	2.512265e+00	2.980554e-07	1.238534e-07	1.238534e-07
2.512265e+00	2.548394e+00	2.434043e-07	1.080974e-07	1.080974e-07
2.548394e+00	2.584523e+00	-1.116357e-08	7.285648e-08	7.285648e-08
2.584523e+00	2.620652e+00	1.556035e-08	1.161931e-08	1.161931e-08
2.620652e+00	2.656781e+00	1.228487e-08	9.699841e-09	9.699841e-09
2.656781e+00	2.692910e+00	5.120297e-10	4.133211e-10	4.133211e-10
2.692910e+00	2.729039e+00	6.575856e-10	6.092714e-10	6.092714e-10
2.729039e+00	2.765168e+00	9.918448e-12	6.268978e-12	6.268978e-12
2.765168e+00	2.801298e+00	8.557426e-11	7.208760e-11	7.208760e-11
2.801298e+00	2.837427e+00	1.170424e-15	6.185450e-16	6.185450e-16
2.837427e+00	2.873556e+00	6.261220e-16	6.032461e-16	6.032461e-16
2.873556e+00	2.909685e+00	5.263581e-25	5.263580e-25	5.263580e-25
2.909685e+00	2.945814e+00	0.000000e+00	0.000000e+00	0.000000e+00
2.945814e+00	2.981943e+00	0.000000e+00	0.000000e+00	0.000000e+00
2.981943e+00	3.018072e+00	0.000000e+00	0.000000e+00	0.000000e+00
3.018072e+00	3.054202e+00	0.000000e+00	0.000000e+00	0.000000e+00
3.054202e+00	3.090331e+00	0.000000e+00	0.000000e+00	0.000000e+00
3.090331e+00	3.126460e+00	0.000000e+00	0.000000e+00	0.000000e+00
3.126460e+00	3.162589e+00	0.000000e+00	0.000000e+00	0.000000e+00
3.162589e+00	3.198718e+00	0.000000e+00	0.000000e+00	0.000000e+00
3.198718e+00	3.234847e+00	0.000000e+00	0.000000e+00	0.000000e+00
3.234847e+00	3.270976e+00	0.000000e+00	0.000000e+00	0.000000e+00
3.270976e+00	3.307105e+00	0.000000e+00	0.000000e+00	0.000000e+00
3.307105e+00	3.343235e+00	0.000000e+00	0.000000e+00	0.000000e+00
3.343235e+00	3.379364e+00	0.000000e+00	0.000000e+00	0.000000e+00
3.379364e+00	3.415493e+00	0.000000e+00	0.000000e+00	0.000000e+00
3.415493e+00	3.451622e+00	0.000000e+00	0.000000e+00	0.000000e+00
3.451622e+00	3.487751e+00	0.000000e+00	0.000000e+00	0.000000e+00
3.487751e+00	3.523880e+00	0.000000e+00	0.000000e+00	0.000000e+00
3.523880e+00	3.560009e+00	0.000000e+00	0.000000e+00	0.000000e+00
3.560009e+00	3.596139e+00	0.000000e+00	0.000000e+00	0.000000e+00
3.596139e+00	3.632268e+00	0.000000e+00	0.000000e+00	0.000000e+00
3.632268e+00	3.668397e+00	0.000000e+00	0.000000e+00	0.000000e+00
3.668397e+00	3.704526e+00	0.000000e+00	0.000000e+00	0.000000e+00
3.704526e+00	3.740655e+00	0.000000e+00	0.000000e+00	0.000000e+00
3.740655e+00	3.776784e+00	0.000000e+00	0.000000e+00	0.000000e+00
3.776784e+00	3.812913e+00	0.000000e+00	0.000000e+00	0.000000e+00
# END HISTO1D


# BEGIN HISTO1D //homes/tinghua1/higgs-anomalous/Herwig7/gcc11_install_test/H-N2-N3-4-25gev/plots/H-N2-N3-4-25gev-mixed-ffac1-400GeV.yoda/MC_H2JETS_04_TIGHT/log10_d_34
ErrorBars=1
LineColor=green
LineStyle=solid
Path=//homes/tinghua1/higgs-anomalous/Herwig7/gcc11_install_test/H-N2-N3-4-25gev/plots/H-N2-N3-4-25gev-mixed-ffac1-400GeV.yoda/MC_H2JETS_04_TIGHT/log10_d_34
Scale=12.5152858573
Title=CP-mixed-ffac1
XLabel=~
YLabel=~
# xlow	 xhigh	 val	 errminus	 errplus
2.000000e-01	2.361291e-01	5.133125e-03	2.970475e-05	2.970475e-05
2.361291e-01	2.722583e-01	7.410928e-03	4.400154e-05	4.400154e-05
2.722583e-01	3.083874e-01	1.086139e-02	7.286938e-05	7.286938e-05
3.083874e-01	3.445165e-01	1.473491e-02	5.954569e-05	5.954569e-05
3.445165e-01	3.806457e-01	1.976257e-02	1.121374e-04	1.121374e-04
3.806457e-01	4.167748e-01	2.537279e-02	1.607436e-04	1.607436e-04
4.167748e-01	4.529039e-01	3.269464e-02	1.112318e-04	1.112318e-04
4.529039e-01	4.890331e-01	4.064696e-02	1.054596e-04	1.054596e-04
4.890331e-01	5.251622e-01	4.918376e-02	7.274777e-04	7.274777e-04
5.251622e-01	5.612913e-01	5.892956e-02	1.543569e-04	1.543569e-04
5.612913e-01	5.974205e-01	6.795739e-02	1.535422e-04	1.535422e-04
5.974205e-01	6.335496e-01	7.719296e-02	4.465807e-04	4.465807e-04
6.335496e-01	6.696787e-01	8.509124e-02	1.916815e-04	1.916815e-04
6.696787e-01	7.058079e-01	9.313087e-02	6.325119e-04	6.325119e-04
7.058079e-01	7.419370e-01	9.913186e-02	3.127542e-04	3.127542e-04
7.419370e-01	7.780661e-01	1.032809e-01	2.287140e-04	2.287140e-04
7.780661e-01	8.141953e-01	1.064980e-01	4.387325e-04	4.387325e-04
8.141953e-01	8.503244e-01	1.071148e-01	3.978142e-04	3.978142e-04
8.503244e-01	8.864535e-01	1.072123e-01	2.869500e-04	2.869500e-04
8.864535e-01	9.225827e-01	1.056522e-01	4.490013e-04	4.490013e-04
9.225827e-01	9.587118e-01	1.022737e-01	4.645039e-04	4.645039e-04
9.587118e-01	9.948409e-01	9.885511e-02	3.751156e-04	3.751156e-04
9.948409e-01	1.030970e+00	9.314926e-02	3.345772e-04	3.345772e-04
1.030970e+00	1.067099e+00	8.776617e-02	4.561304e-04	4.561304e-04
1.067099e+00	1.103228e+00	8.044521e-02	8.994441e-04	8.994441e-04
1.103228e+00	1.139357e+00	7.392900e-02	4.041744e-04	4.041744e-04
1.139357e+00	1.175487e+00	6.703056e-02	6.179635e-04	6.179635e-04
1.175487e+00	1.211616e+00	5.880489e-02	4.700975e-04	4.700975e-04
1.211616e+00	1.247745e+00	5.191627e-02	6.327818e-04	6.327818e-04
1.247745e+00	1.283874e+00	4.555720e-02	5.254850e-04	5.254850e-04
1.283874e+00	1.320003e+00	4.005824e-02	7.175068e-04	7.175068e-04
1.320003e+00	1.356132e+00	3.329577e-02	4.213792e-04	4.213792e-04
1.356132e+00	1.392261e+00	2.850707e-02	4.114080e-04	4.114080e-04
1.392261e+00	1.428391e+00	2.353544e-02	4.686360e-04	4.686360e-04
1.428391e+00	1.464520e+00	2.013993e-02	3.938557e-04	3.938557e-04
1.464520e+00	1.500649e+00	1.582682e-02	4.242468e-04	4.242468e-04
1.500649e+00	1.536778e+00	1.337837e-02	2.945207e-04	2.945207e-04
1.536778e+00	1.572907e+00	1.000740e-02	3.968997e-04	3.968997e-04
1.572907e+00	1.609036e+00	7.929774e-03	3.083030e-04	3.083030e-04
1.609036e+00	1.645165e+00	6.136057e-03	2.253161e-04	2.253161e-04
1.645165e+00	1.681294e+00	5.117936e-03	2.166365e-04	2.166365e-04
1.681294e+00	1.717424e+00	3.348472e-03	1.489736e-04	1.489736e-04
1.717424e+00	1.753553e+00	3.715860e-03	1.085971e-03	1.085971e-03
1.753553e+00	1.789682e+00	1.227903e-03	2.861098e-04	2.861098e-04
1.789682e+00	1.825811e+00	1.002739e-03	1.354483e-04	1.354483e-04
1.825811e+00	1.861940e+00	7.831412e-04	7.520751e-05	7.520751e-05
1.861940e+00	1.898069e+00	4.639567e-04	8.642904e-05	8.642904e-05
1.898069e+00	1.934198e+00	1.809941e-04	7.317073e-05	7.317073e-05
1.934198e+00	1.970328e+00	1.867048e-04	2.941405e-05	2.941405e-05
1.970328e+00	2.006457e+00	1.436750e-04	2.805945e-05	2.805945e-05
2.006457e+00	2.042586e+00	6.575798e-05	2.252244e-05	2.252244e-05
2.042586e+00	2.078715e+00	2.821805e-05	2.171937e-05	2.171937e-05
2.078715e+00	2.114844e+00	1.309518e-05	5.951400e-06	5.951400e-06
2.114844e+00	2.150973e+00	1.787527e-05	4.728213e-06	4.728213e-06
2.150973e+00	2.187102e+00	5.603230e-06	2.149827e-06	2.149827e-06
2.187102e+00	2.223231e+00	1.899936e-06	1.525382e-06	1.525382e-06
2.223231e+00	2.259361e+00	1.809405e-06	8.063534e-07	8.063534e-07
2.259361e+00	2.295490e+00	2.027598e-06	9.743994e-07	9.743994e-07
2.295490e+00	2.331619e+00	-1.419841e-07	2.522917e-07	2.522917e-07
2.331619e+00	2.367748e+00	8.114534e-08	1.477811e-07	1.477811e-07
2.367748e+00	2.403877e+00	1.958823e-08	1.636658e-07	1.636658e-07
2.403877e+00	2.440006e+00	-2.560768e-08	1.972758e-08	1.972758e-08
2.440006e+00	2.476135e+00	-2.570434e-08	2.129523e-08	2.129523e-08
2.476135e+00	2.512265e+00	-1.003613e-08	6.347922e-09	6.347922e-09
2.512265e+00	2.548394e+00	-3.626522e-09	2.378661e-09	2.378661e-09
2.548394e+00	2.584523e+00	-5.778449e-09	5.994894e-09	5.994894e-09
2.584523e+00	2.620652e+00	2.016147e-10	6.064867e-10	6.064867e-10
2.620652e+00	2.656781e+00	1.218740e-11	1.709768e-10	1.709768e-10
2.656781e+00	2.692910e+00	-1.308010e-12	1.133185e-12	1.133185e-12
2.692910e+00	2.729039e+00	-1.170614e-12	1.073449e-12	1.073449e-12
2.729039e+00	2.765168e+00	-8.742492e-16	7.937442e-16	7.937442e-16
2.765168e+00	2.801298e+00	8.463451e-17	8.629588e-17	8.629588e-17
2.801298e+00	2.837427e+00	-3.306278e-16	3.347694e-16	3.347694e-16
2.837427e+00	2.873556e+00	3.139370e-19	3.143347e-19	3.143347e-19
2.873556e+00	2.909685e+00	6.020579e-27	6.020578e-27	6.020578e-27
2.909685e+00	2.945814e+00	0.000000e+00	0.000000e+00	0.000000e+00
2.945814e+00	2.981943e+00	0.000000e+00	0.000000e+00	0.000000e+00
2.981943e+00	3.018072e+00	0.000000e+00	0.000000e+00	0.000000e+00
3.018072e+00	3.054202e+00	0.000000e+00	0.000000e+00	0.000000e+00
3.054202e+00	3.090331e+00	0.000000e+00	0.000000e+00	0.000000e+00
3.090331e+00	3.126460e+00	0.000000e+00	0.000000e+00	0.000000e+00
3.126460e+00	3.162589e+00	0.000000e+00	0.000000e+00	0.000000e+00
3.162589e+00	3.198718e+00	0.000000e+00	0.000000e+00	0.000000e+00
3.198718e+00	3.234847e+00	0.000000e+00	0.000000e+00	0.000000e+00
3.234847e+00	3.270976e+00	0.000000e+00	0.000000e+00	0.000000e+00
3.270976e+00	3.307105e+00	0.000000e+00	0.000000e+00	0.000000e+00
3.307105e+00	3.343235e+00	0.000000e+00	0.000000e+00	0.000000e+00
3.343235e+00	3.379364e+00	0.000000e+00	0.000000e+00	0.000000e+00
3.379364e+00	3.415493e+00	0.000000e+00	0.000000e+00	0.000000e+00
3.415493e+00	3.451622e+00	0.000000e+00	0.000000e+00	0.000000e+00
3.451622e+00	3.487751e+00	0.000000e+00	0.000000e+00	0.000000e+00
3.487751e+00	3.523880e+00	0.000000e+00	0.000000e+00	0.000000e+00
3.523880e+00	3.560009e+00	0.000000e+00	0.000000e+00	0.000000e+00
3.560009e+00	3.596139e+00	0.000000e+00	0.000000e+00	0.000000e+00
3.596139e+00	3.632268e+00	0.000000e+00	0.000000e+00	0.000000e+00
3.632268e+00	3.668397e+00	0.000000e+00	0.000000e+00	0.000000e+00
3.668397e+00	3.704526e+00	0.000000e+00	0.000000e+00	0.000000e+00
3.704526e+00	3.740655e+00	0.000000e+00	0.000000e+00	0.000000e+00
3.740655e+00	3.776784e+00	0.000000e+00	0.000000e+00	0.000000e+00
3.776784e+00	3.812913e+00	0.000000e+00	0.000000e+00	0.000000e+00
# END HISTO1D


# BEGIN HISTO1D //homes/tinghua1/higgs-anomalous/Herwig7/gcc11_install_test/H-N2-N3-4-25gev/plots/H-N2-N3-4-25gev-mixed-ffac2-400GeV.yoda/MC_H2JETS_04_TIGHT/log10_d_34
ErrorBars=1
LineColor=orange
LineStyle=solid
Path=//homes/tinghua1/higgs-anomalous/Herwig7/gcc11_install_test/H-N2-N3-4-25gev/plots/H-N2-N3-4-25gev-mixed-ffac2-400GeV.yoda/MC_H2JETS_04_TIGHT/log10_d_34
Scale=6.91285653058
Title=CP-mixed-ffac2
XLabel=~
YLabel=~
# xlow	 xhigh	 val	 errminus	 errplus
2.000000e-01	2.361291e-01	6.879269e-03	1.076005e-04	1.076005e-04
2.361291e-01	2.722583e-01	1.002756e-02	2.411695e-04	2.411695e-04
2.722583e-01	3.083874e-01	1.452550e-02	1.464864e-04	1.464864e-04
3.083874e-01	3.445165e-01	2.001889e-02	1.867876e-04	1.867876e-04
3.445165e-01	3.806457e-01	2.627801e-02	3.386395e-04	3.386395e-04
3.806457e-01	4.167748e-01	3.424890e-02	4.216710e-04	4.216710e-04
4.167748e-01	4.529039e-01	4.575115e-02	9.100834e-04	9.100834e-04
4.529039e-01	4.890331e-01	5.595003e-02	2.866632e-04	2.866632e-04
4.890331e-01	5.251622e-01	6.956102e-02	6.066478e-04	6.066478e-04
5.251622e-01	5.612913e-01	8.339912e-02	4.295851e-04	4.295851e-04
5.612913e-01	5.974205e-01	9.655987e-02	4.581277e-04	4.581277e-04
5.974205e-01	6.335496e-01	1.093758e-01	8.029012e-04	8.029012e-04
6.335496e-01	6.696787e-01	1.223679e-01	1.196860e-03	1.196860e-03
6.696787e-01	7.058079e-01	1.368951e-01	9.470393e-04	9.470393e-04
7.058079e-01	7.419370e-01	1.460246e-01	8.916935e-04	8.916935e-04
7.419370e-01	7.780661e-01	1.552339e-01	5.991459e-04	5.991459e-04
7.780661e-01	8.141953e-01	1.636504e-01	1.027627e-03	1.027627e-03
8.141953e-01	8.503244e-01	1.676377e-01	8.537345e-04	8.537345e-04
8.503244e-01	8.864535e-01	1.687426e-01	2.177462e-03	2.177462e-03
8.864535e-01	9.225827e-01	1.701399e-01	1.130679e-03	1.130679e-03
9.225827e-01	9.587118e-01	1.676475e-01	1.689428e-03	1.689428e-03
9.587118e-01	9.948409e-01	1.691215e-01	1.359686e-03	1.359686e-03
9.948409e-01	1.030970e+00	1.622414e-01	1.637099e-03	1.637099e-03
1.030970e+00	1.067099e+00	1.571742e-01	8.804674e-04	8.804674e-04
1.067099e+00	1.103228e+00	1.518160e-01	1.428206e-03	1.428206e-03
1.103228e+00	1.139357e+00	1.434235e-01	9.966297e-04	9.966297e-04
1.139357e+00	1.175487e+00	1.371991e-01	1.722215e-03	1.722215e-03
1.175487e+00	1.211616e+00	1.244777e-01	1.805856e-03	1.805856e-03
1.211616e+00	1.247745e+00	1.180347e-01	1.727769e-03	1.727769e-03
1.247745e+00	1.283874e+00	1.090190e-01	1.024162e-03	1.024162e-03
1.283874e+00	1.320003e+00	9.919524e-02	1.298962e-03	1.298962e-03
1.320003e+00	1.356132e+00	9.197069e-02	2.839379e-03	2.839379e-03
1.356132e+00	1.392261e+00	8.365529e-02	1.213305e-03	1.213305e-03
1.392261e+00	1.428391e+00	7.459383e-02	9.471356e-04	9.471356e-04
1.428391e+00	1.464520e+00	6.794724e-02	1.446950e-03	1.446950e-03
1.464520e+00	1.500649e+00	5.971737e-02	1.146363e-03	1.146363e-03
1.500649e+00	1.536778e+00	5.258947e-02	1.074688e-03	1.074688e-03
1.536778e+00	1.572907e+00	4.321844e-02	9.478511e-04	9.478511e-04
1.572907e+00	1.609036e+00	3.666166e-02	6.857194e-04	6.857194e-04
1.609036e+00	1.645165e+00	3.005981e-02	6.515130e-04	6.515130e-04
1.645165e+00	1.681294e+00	2.241221e-02	6.067737e-04	6.067737e-04
1.681294e+00	1.717424e+00	1.914129e-02	5.201351e-04	5.201351e-04
1.717424e+00	1.753553e+00	1.485760e-02	5.795995e-04	5.795995e-04
1.753553e+00	1.789682e+00	1.123719e-02	5.869252e-04	5.869252e-04
1.789682e+00	1.825811e+00	8.504221e-03	3.984507e-04	3.984507e-04
1.825811e+00	1.861940e+00	6.175831e-03	2.857575e-04	2.857575e-04
1.861940e+00	1.898069e+00	4.068524e-03	2.205650e-04	2.205650e-04
1.898069e+00	1.934198e+00	2.541487e-03	2.893428e-04	2.893428e-04
1.934198e+00	1.970328e+00	2.645158e-03	6.661888e-04	6.661888e-04
1.970328e+00	2.006457e+00	1.405026e-03	9.070445e-05	9.070445e-05
2.006457e+00	2.042586e+00	8.680846e-04	1.090351e-04	1.090351e-04
2.042586e+00	2.078715e+00	6.432409e-04	6.717534e-05	6.717534e-05
2.078715e+00	2.114844e+00	3.288386e-04	3.522693e-05	3.522693e-05
2.114844e+00	2.150973e+00	2.139583e-04	3.936090e-05	3.936090e-05
2.150973e+00	2.187102e+00	4.558726e-05	7.579028e-05	7.579028e-05
2.187102e+00	2.223231e+00	7.687868e-05	1.123178e-05	1.123178e-05
2.223231e+00	2.259361e+00	3.250578e-05	6.140799e-06	6.140799e-06
2.259361e+00	2.295490e+00	9.793471e-06	1.045376e-05	1.045376e-05
2.295490e+00	2.331619e+00	1.008107e-05	5.429216e-06	5.429216e-06
2.331619e+00	2.367748e+00	9.097412e-06	3.150730e-06	3.150730e-06
2.367748e+00	2.403877e+00	3.288145e-06	9.943606e-07	9.943606e-07
2.403877e+00	2.440006e+00	2.621828e-06	1.400618e-06	1.400618e-06
2.440006e+00	2.476135e+00	5.831246e-07	1.936439e-07	1.936439e-07
2.476135e+00	2.512265e+00	1.537225e-07	6.746889e-08	6.746889e-08
2.512265e+00	2.548394e+00	7.595798e-08	2.824661e-08	2.824661e-08
2.548394e+00	2.584523e+00	4.318902e-09	6.129423e-09	6.129423e-09
2.584523e+00	2.620652e+00	1.128450e-08	4.498216e-09	4.498216e-09
2.620652e+00	2.656781e+00	6.101138e-09	5.388355e-09	5.388355e-09
2.656781e+00	2.692910e+00	6.994381e-10	3.409751e-10	3.409751e-10
2.692910e+00	2.729039e+00	1.132078e-11	7.696059e-12	7.696059e-12
2.729039e+00	2.765168e+00	1.908179e-10	1.878992e-10	1.878992e-10
2.765168e+00	2.801298e+00	2.315683e-13	8.411110e-13	8.411110e-13
2.801298e+00	2.837427e+00	1.056199e-14	1.146886e-14	1.146886e-14
2.837427e+00	2.873556e+00	2.088287e-15	2.074194e-15	2.074194e-15
2.873556e+00	2.909685e+00	2.932478e-16	2.932478e-16	2.932478e-16
2.909685e+00	2.945814e+00	0.000000e+00	0.000000e+00	0.000000e+00
2.945814e+00	2.981943e+00	0.000000e+00	0.000000e+00	0.000000e+00
2.981943e+00	3.018072e+00	0.000000e+00	0.000000e+00	0.000000e+00
3.018072e+00	3.054202e+00	0.000000e+00	0.000000e+00	0.000000e+00
3.054202e+00	3.090331e+00	0.000000e+00	0.000000e+00	0.000000e+00
3.090331e+00	3.126460e+00	0.000000e+00	0.000000e+00	0.000000e+00
3.126460e+00	3.162589e+00	0.000000e+00	0.000000e+00	0.000000e+00
3.162589e+00	3.198718e+00	0.000000e+00	0.000000e+00	0.000000e+00
3.198718e+00	3.234847e+00	0.000000e+00	0.000000e+00	0.000000e+00
3.234847e+00	3.270976e+00	0.000000e+00	0.000000e+00	0.000000e+00
3.270976e+00	3.307105e+00	0.000000e+00	0.000000e+00	0.000000e+00
3.307105e+00	3.343235e+00	0.000000e+00	0.000000e+00	0.000000e+00
3.343235e+00	3.379364e+00	0.000000e+00	0.000000e+00	0.000000e+00
3.379364e+00	3.415493e+00	0.000000e+00	0.000000e+00	0.000000e+00
3.415493e+00	3.451622e+00	0.000000e+00	0.000000e+00	0.000000e+00
3.451622e+00	3.487751e+00	0.000000e+00	0.000000e+00	0.000000e+00
3.487751e+00	3.523880e+00	0.000000e+00	0.000000e+00	0.000000e+00
3.523880e+00	3.560009e+00	0.000000e+00	0.000000e+00	0.000000e+00
3.560009e+00	3.596139e+00	0.000000e+00	0.000000e+00	0.000000e+00
3.596139e+00	3.632268e+00	0.000000e+00	0.000000e+00	0.000000e+00
3.632268e+00	3.668397e+00	0.000000e+00	0.000000e+00	0.000000e+00
3.668397e+00	3.704526e+00	0.000000e+00	0.000000e+00	0.000000e+00
3.704526e+00	3.740655e+00	0.000000e+00	0.000000e+00	0.000000e+00
3.740655e+00	3.776784e+00	0.000000e+00	0.000000e+00	0.000000e+00
3.776784e+00	3.812913e+00	0.000000e+00	0.000000e+00	0.000000e+00
# END HISTO1D

