# BEGIN PLOT
LegendOnly=//homes/tinghua1/higgs-anomalous/Herwig7/gcc11_install_test/plots/H-N2-N3-4-25gev-even-combine.yoda/MC_H2JETS_04_INC/Hjj_pT_excl //homes/tinghua1/higgs-anomalous/Herwig7/gcc11_install_test/plots/H2Jets-NLOPS-even-combine.yoda/MC_H2JETS_04_INC/Hjj_pT_excl //homes/tinghua1/higgs-anomalous/Herwig7/gcc11_install_test/plots/H2Jets-NLO-even-combine.yoda/MC_H2JETS_04_INC/Hjj_pT_excl
DrawOnly=//homes/tinghua1/higgs-anomalous/Herwig7/gcc11_install_test/plots/H-N2-N3-4-25gev-even-combine.yoda/MC_H2JETS_04_INC/Hjj_pT_excl //homes/tinghua1/higgs-anomalous/Herwig7/gcc11_install_test/plots/H2Jets-NLOPS-even-combine.yoda/MC_H2JETS_04_INC/Hjj_pT_excl //homes/tinghua1/higgs-anomalous/Herwig7/gcc11_install_test/plots/H2Jets-NLO-even-combine.yoda/MC_H2JETS_04_INC/Hjj_pT_excl
RightMargin=0.5
RatioPlotReference=//homes/tinghua1/higgs-anomalous/Herwig7/gcc11_install_test/plots/H-N2-N3-4-25gev-even-combine.yoda/MC_H2JETS_04_INC/Hjj_pT_excl
RatioPlot=1
LogY=1
RatioPlotYMax=4.0
RatioPlotYLabel=Ratio
XLabel=$p_{T,hj_1j_2}^{excl}$ (GeV)
LegendAlign=r
XMax=150.0
YLabel=$ \text{d} \sigma/ \text{d}  p_{T,hj_1j_2}^{excl}$ (pb/GeV)
Legend=1
RatioPlotYMin=0.0
# END PLOT


# BEGIN SPECIAL /MC_H2JETS_04_INC/Hjj_pT_excl
\rput[tl](0.05,0.75){\parbox{5cm}{\textcolor{gray}{{\bf Herwig 7.2.3} \\ VBFNLO 3.0.0}}}
# END SPECIAL

# BEGIN HISTO1D //homes/tinghua1/higgs-anomalous/Herwig7/gcc11_install_test/plots/H-N2-N3-4-25gev-even-combine.yoda/MC_H2JETS_04_INC/Hjj_pT_excl
ErrorBandColor=red
ErrorBandOpacity=0.3
ErrorBands=1
ErrorBars=1
ErrorType=env
LineColor=red
LineStyle=solid
Path=//homes/tinghua1/higgs-anomalous/Herwig7/gcc11_install_test/plots/H-N2-N3-4-25gev-even-combine.yoda/MC_H2JETS_04_INC/Hjj_pT_excl
RatioPlotSameStyle=1
Title=h(2*,3*,4)
# xlow	 xhigh	 val	 errminus	 errplus
0.000000e+00	1.000000e+01	1.132177e-02	2.851648e-03	2.983820e-03
1.000000e+01	2.000000e+01	1.077752e-02	6.317300e-04	0.000000e+00
2.000000e+01	3.000000e+01	6.760776e-03	5.709600e-04	5.270760e-04
3.000000e+01	4.000000e+01	3.540016e-03	6.389840e-04	4.932730e-04
4.000000e+01	5.000000e+01	1.598538e-03	4.106810e-04	4.636250e-04
5.000000e+01	6.000000e+01	6.517908e-04	2.021915e-04	2.778948e-04
6.000000e+01	7.000000e+01	2.508703e-04	8.566240e-05	1.303485e-04
7.000000e+01	8.000000e+01	8.843822e-05	3.528652e-05	5.652618e-05
8.000000e+01	9.000000e+01	3.150126e-05	1.437605e-05	2.640857e-05
9.000000e+01	1.000000e+02	1.010522e-05	5.508313e-06	1.511934e-05
1.000000e+02	1.100000e+02	3.508206e-06	2.275999e-06	4.324929e-06
1.100000e+02	1.200000e+02	1.192322e-06	6.937923e-07	1.799970e-06
1.200000e+02	1.300000e+02	3.578722e-07	2.019359e-07	7.472818e-07
1.300000e+02	1.400000e+02	9.492786e-08	5.087467e-08	2.315980e-07
1.400000e+02	1.500000e+02	2.061430e-08	1.268387e-08	7.344445e-08
1.500000e+02	1.600000e+02	7.111656e-09	4.083272e-09	2.936650e-08
1.600000e+02	1.700000e+02	8.876796e-09	5.100956e-08	0.000000e+00
1.700000e+02	1.800000e+02	3.395494e-10	5.243809e-10	0.000000e+00
1.800000e+02	1.900000e+02	1.441302e-10	8.680341e-09	0.000000e+00
1.900000e+02	2.000000e+02	5.732548e-11	6.032987e-11	0.000000e+00
2.000000e+02	2.100000e+02	2.159921e-11	2.107544e-11	1.380060e-10
2.100000e+02	2.200000e+02	7.323448e-13	5.172956e-13	4.289583e-12
2.200000e+02	2.300000e+02	1.011932e-14	3.845900e-12	0.000000e+00
2.300000e+02	2.400000e+02	6.839998e-17	6.647977e-17	1.054259e-14
2.400000e+02	2.500000e+02	4.600005e-17	4.561971e-17	0.000000e+00
2.500000e+02	2.600000e+02	3.406911e-18	3.462304e-18	0.000000e+00
2.600000e+02	2.700000e+02	0.000000e+00	3.479141e-19	0.000000e+00
2.700000e+02	2.800000e+02	0.000000e+00	0.000000e+00	0.000000e+00
2.800000e+02	2.900000e+02	0.000000e+00	0.000000e+00	0.000000e+00
2.900000e+02	3.000000e+02	0.000000e+00	0.000000e+00	0.000000e+00
3.000000e+02	3.100000e+02	0.000000e+00	0.000000e+00	0.000000e+00
3.100000e+02	3.200000e+02	0.000000e+00	0.000000e+00	0.000000e+00
3.200000e+02	3.300000e+02	0.000000e+00	0.000000e+00	0.000000e+00
3.300000e+02	3.400000e+02	0.000000e+00	0.000000e+00	0.000000e+00
3.400000e+02	3.500000e+02	0.000000e+00	0.000000e+00	0.000000e+00
3.500000e+02	3.600000e+02	0.000000e+00	0.000000e+00	0.000000e+00
3.600000e+02	3.700000e+02	0.000000e+00	0.000000e+00	0.000000e+00
3.700000e+02	3.800000e+02	0.000000e+00	0.000000e+00	0.000000e+00
3.800000e+02	3.900000e+02	0.000000e+00	0.000000e+00	0.000000e+00
3.900000e+02	4.000000e+02	0.000000e+00	0.000000e+00	0.000000e+00
4.000000e+02	4.100000e+02	0.000000e+00	0.000000e+00	0.000000e+00
4.100000e+02	4.200000e+02	0.000000e+00	0.000000e+00	0.000000e+00
4.200000e+02	4.300000e+02	0.000000e+00	0.000000e+00	0.000000e+00
4.300000e+02	4.400000e+02	0.000000e+00	0.000000e+00	0.000000e+00
4.400000e+02	4.500000e+02	0.000000e+00	0.000000e+00	0.000000e+00
4.500000e+02	4.600000e+02	0.000000e+00	0.000000e+00	0.000000e+00
4.600000e+02	4.700000e+02	0.000000e+00	0.000000e+00	0.000000e+00
4.700000e+02	4.800000e+02	0.000000e+00	0.000000e+00	0.000000e+00
4.800000e+02	4.900000e+02	0.000000e+00	0.000000e+00	0.000000e+00
4.900000e+02	5.000000e+02	0.000000e+00	0.000000e+00	0.000000e+00
# END HISTO1D


# BEGIN HISTO1D //homes/tinghua1/higgs-anomalous/Herwig7/gcc11_install_test/plots/H2Jets-NLOPS-even-combine.yoda/MC_H2JETS_04_INC/Hjj_pT_excl
ErrorBandColor=green
ErrorBandOpacity=0.3
ErrorBands=1
ErrorBars=1
ErrorType=env
LineColor=green
LineStyle=solid
Path=//homes/tinghua1/higgs-anomalous/Herwig7/gcc11_install_test/plots/H2Jets-NLOPS-even-combine.yoda/MC_H2JETS_04_INC/Hjj_pT_excl
RatioPlotSameStyle=1
Title=h(2*) $\oplus$ PS
# xlow	 xhigh	 val	 errminus	 errplus
0.000000e+00	1.000000e+01	1.810260e-02	8.278986e-03	0.000000e+00
1.000000e+01	2.000000e+01	1.381205e-02	1.458070e-03	0.000000e+00
2.000000e+01	3.000000e+01	7.528862e-03	0.000000e+00	8.122390e-04
3.000000e+01	4.000000e+01	3.094886e-03	0.000000e+00	1.409666e-03
4.000000e+01	5.000000e+01	1.148356e-03	0.000000e+00	9.754860e-04
5.000000e+01	6.000000e+01	3.917135e-04	0.000000e+00	5.233033e-04
6.000000e+01	7.000000e+01	1.270447e-04	0.000000e+00	2.419133e-04
7.000000e+01	8.000000e+01	4.015089e-05	0.000000e+00	1.003772e-04
8.000000e+01	9.000000e+01	1.244084e-05	0.000000e+00	3.928560e-05
9.000000e+01	1.000000e+02	3.835763e-06	0.000000e+00	1.440790e-05
1.000000e+02	1.100000e+02	1.198003e-06	0.000000e+00	4.999376e-06
1.100000e+02	1.200000e+02	3.603858e-07	0.000000e+00	1.769318e-06
1.200000e+02	1.300000e+02	9.871262e-08	0.000000e+00	5.727394e-07
1.300000e+02	1.400000e+02	3.056451e-08	0.000000e+00	1.761753e-07
1.400000e+02	1.500000e+02	7.121549e-09	0.000000e+00	5.894119e-08
1.500000e+02	1.600000e+02	1.396099e-09	0.000000e+00	1.909116e-08
1.600000e+02	1.700000e+02	2.582590e-10	0.000000e+00	7.561036e-09
1.700000e+02	1.800000e+02	2.954988e-11	0.000000e+00	1.243174e-09
1.800000e+02	1.900000e+02	6.453451e-12	0.000000e+00	2.743888e-10
1.900000e+02	2.000000e+02	2.206457e-10	2.221751e-10	1.481501e-10
2.000000e+02	2.100000e+02	1.532173e-13	0.000000e+00	3.927295e-12
2.100000e+02	2.200000e+02	7.895444e-16	0.000000e+00	2.895937e-12
2.200000e+02	2.300000e+02	7.376916e-18	9.465580e-15	0.000000e+00
2.300000e+02	2.400000e+02	0.000000e+00	0.000000e+00	3.281982e-16
2.400000e+02	2.500000e+02	0.000000e+00	0.000000e+00	6.118406e-19
2.500000e+02	2.600000e+02	0.000000e+00	0.000000e+00	0.000000e+00
2.600000e+02	2.700000e+02	0.000000e+00	0.000000e+00	0.000000e+00
2.700000e+02	2.800000e+02	0.000000e+00	0.000000e+00	0.000000e+00
2.800000e+02	2.900000e+02	0.000000e+00	0.000000e+00	0.000000e+00
2.900000e+02	3.000000e+02	0.000000e+00	0.000000e+00	0.000000e+00
3.000000e+02	3.100000e+02	0.000000e+00	0.000000e+00	0.000000e+00
3.100000e+02	3.200000e+02	0.000000e+00	0.000000e+00	0.000000e+00
3.200000e+02	3.300000e+02	0.000000e+00	0.000000e+00	0.000000e+00
3.300000e+02	3.400000e+02	0.000000e+00	0.000000e+00	0.000000e+00
3.400000e+02	3.500000e+02	0.000000e+00	0.000000e+00	0.000000e+00
3.500000e+02	3.600000e+02	0.000000e+00	0.000000e+00	0.000000e+00
3.600000e+02	3.700000e+02	0.000000e+00	0.000000e+00	0.000000e+00
3.700000e+02	3.800000e+02	0.000000e+00	0.000000e+00	0.000000e+00
3.800000e+02	3.900000e+02	0.000000e+00	0.000000e+00	0.000000e+00
3.900000e+02	4.000000e+02	0.000000e+00	0.000000e+00	0.000000e+00
4.000000e+02	4.100000e+02	0.000000e+00	0.000000e+00	0.000000e+00
4.100000e+02	4.200000e+02	0.000000e+00	0.000000e+00	0.000000e+00
4.200000e+02	4.300000e+02	0.000000e+00	0.000000e+00	0.000000e+00
4.300000e+02	4.400000e+02	0.000000e+00	0.000000e+00	0.000000e+00
4.400000e+02	4.500000e+02	0.000000e+00	0.000000e+00	0.000000e+00
4.500000e+02	4.600000e+02	0.000000e+00	0.000000e+00	0.000000e+00
4.600000e+02	4.700000e+02	0.000000e+00	0.000000e+00	0.000000e+00
4.700000e+02	4.800000e+02	0.000000e+00	0.000000e+00	0.000000e+00
4.800000e+02	4.900000e+02	0.000000e+00	0.000000e+00	0.000000e+00
4.900000e+02	5.000000e+02	0.000000e+00	0.000000e+00	0.000000e+00
# END HISTO1D


# BEGIN HISTO1D //homes/tinghua1/higgs-anomalous/Herwig7/gcc11_install_test/plots/H2Jets-NLO-even-combine.yoda/MC_H2JETS_04_INC/Hjj_pT_excl
ErrorBandColor=orange
ErrorBandOpacity=0.3
ErrorBands=1
ErrorBars=1
ErrorType=env
LineColor=orange
LineStyle=solid
Path=//homes/tinghua1/higgs-anomalous/Herwig7/gcc11_install_test/plots/H2Jets-NLO-even-combine.yoda/MC_H2JETS_04_INC/Hjj_pT_excl
RatioPlotSameStyle=1
Title=h(2*)-FO
# xlow	 xhigh	 val	 errminus	 errplus
0.000000e+00	1.000000e+01	2.142170e-04	2.591947e-02	0.000000e+00
1.000000e+01	2.000000e+01	2.861683e-02	0.000000e+00	9.006420e-03
2.000000e+01	3.000000e+01	8.412355e-03	0.000000e+00	2.671535e-03
3.000000e+01	4.000000e+01	7.432915e-05	0.000000e+00	3.918425e-05
4.000000e+01	5.000000e+01	3.399149e-05	0.000000e+00	1.861616e-05
5.000000e+01	6.000000e+01	1.718990e-05	0.000000e+00	9.896410e-06
6.000000e+01	7.000000e+01	8.272684e-06	0.000000e+00	5.518946e-06
7.000000e+01	8.000000e+01	3.759487e-06	0.000000e+00	2.633730e-06
8.000000e+01	9.000000e+01	1.607109e-06	0.000000e+00	9.566660e-07
9.000000e+01	1.000000e+02	5.007151e-07	0.000000e+00	4.689298e-07
1.000000e+02	1.100000e+02	1.404627e-07	0.000000e+00	1.381134e-07
1.100000e+02	1.200000e+02	2.824324e-08	0.000000e+00	1.563666e-08
1.200000e+02	1.300000e+02	3.278409e-09	0.000000e+00	2.905768e-09
1.300000e+02	1.400000e+02	6.845582e-11	0.000000e+00	9.489008e-11
1.400000e+02	1.500000e+02	3.173445e-14	2.992991e-14	1.629723e-14
1.500000e+02	1.600000e+02	0.000000e+00	0.000000e+00	0.000000e+00
1.600000e+02	1.700000e+02	0.000000e+00	0.000000e+00	0.000000e+00
1.700000e+02	1.800000e+02	0.000000e+00	0.000000e+00	0.000000e+00
1.800000e+02	1.900000e+02	0.000000e+00	0.000000e+00	0.000000e+00
1.900000e+02	2.000000e+02	0.000000e+00	0.000000e+00	0.000000e+00
2.000000e+02	2.100000e+02	0.000000e+00	0.000000e+00	0.000000e+00
2.100000e+02	2.200000e+02	0.000000e+00	0.000000e+00	0.000000e+00
2.200000e+02	2.300000e+02	0.000000e+00	0.000000e+00	0.000000e+00
2.300000e+02	2.400000e+02	0.000000e+00	0.000000e+00	0.000000e+00
2.400000e+02	2.500000e+02	0.000000e+00	0.000000e+00	0.000000e+00
2.500000e+02	2.600000e+02	0.000000e+00	0.000000e+00	0.000000e+00
2.600000e+02	2.700000e+02	0.000000e+00	0.000000e+00	0.000000e+00
2.700000e+02	2.800000e+02	0.000000e+00	0.000000e+00	0.000000e+00
2.800000e+02	2.900000e+02	0.000000e+00	0.000000e+00	0.000000e+00
2.900000e+02	3.000000e+02	0.000000e+00	0.000000e+00	0.000000e+00
3.000000e+02	3.100000e+02	0.000000e+00	0.000000e+00	0.000000e+00
3.100000e+02	3.200000e+02	0.000000e+00	0.000000e+00	0.000000e+00
3.200000e+02	3.300000e+02	0.000000e+00	0.000000e+00	0.000000e+00
3.300000e+02	3.400000e+02	0.000000e+00	0.000000e+00	0.000000e+00
3.400000e+02	3.500000e+02	0.000000e+00	0.000000e+00	0.000000e+00
3.500000e+02	3.600000e+02	0.000000e+00	0.000000e+00	0.000000e+00
3.600000e+02	3.700000e+02	0.000000e+00	0.000000e+00	0.000000e+00
3.700000e+02	3.800000e+02	0.000000e+00	0.000000e+00	0.000000e+00
3.800000e+02	3.900000e+02	0.000000e+00	0.000000e+00	0.000000e+00
3.900000e+02	4.000000e+02	0.000000e+00	0.000000e+00	0.000000e+00
4.000000e+02	4.100000e+02	0.000000e+00	0.000000e+00	0.000000e+00
4.100000e+02	4.200000e+02	0.000000e+00	0.000000e+00	0.000000e+00
4.200000e+02	4.300000e+02	0.000000e+00	0.000000e+00	0.000000e+00
4.300000e+02	4.400000e+02	0.000000e+00	0.000000e+00	0.000000e+00
4.400000e+02	4.500000e+02	0.000000e+00	0.000000e+00	0.000000e+00
4.500000e+02	4.600000e+02	0.000000e+00	0.000000e+00	0.000000e+00
4.600000e+02	4.700000e+02	0.000000e+00	0.000000e+00	0.000000e+00
4.700000e+02	4.800000e+02	0.000000e+00	0.000000e+00	0.000000e+00
4.800000e+02	4.900000e+02	0.000000e+00	0.000000e+00	0.000000e+00
4.900000e+02	5.000000e+02	0.000000e+00	0.000000e+00	0.000000e+00
# END HISTO1D

