# BEGIN PLOT
LegendOnly=//homes/tinghua1/higgs-anomalous/Herwig7/gcc11_install_test/plots/H-N2-N3-4-25gev-even-combine.yoda/MC_H2JETS_04_INC/j1j3_mass_fine //homes/tinghua1/higgs-anomalous/Herwig7/gcc11_install_test/plots/H2Jets-NLOPS-even-combine.yoda/MC_H2JETS_04_INC/j1j3_mass_fine //homes/tinghua1/higgs-anomalous/Herwig7/gcc11_install_test/plots/H2Jets-NLO-even-combine.yoda/MC_H2JETS_04_INC/j1j3_mass_fine
DrawOnly=//homes/tinghua1/higgs-anomalous/Herwig7/gcc11_install_test/plots/H-N2-N3-4-25gev-even-combine.yoda/MC_H2JETS_04_INC/j1j3_mass_fine //homes/tinghua1/higgs-anomalous/Herwig7/gcc11_install_test/plots/H2Jets-NLOPS-even-combine.yoda/MC_H2JETS_04_INC/j1j3_mass_fine //homes/tinghua1/higgs-anomalous/Herwig7/gcc11_install_test/plots/H2Jets-NLO-even-combine.yoda/MC_H2JETS_04_INC/j1j3_mass_fine
RightMargin=0.5
RatioPlotReference=//homes/tinghua1/higgs-anomalous/Herwig7/gcc11_install_test/plots/H-N2-N3-4-25gev-even-combine.yoda/MC_H2JETS_04_INC/j1j3_mass_fine
RatioPlot=1
LogY=1
RatioPlotYMax=1.6
RatioPlotYLabel=Ratio
XLabel=$m_{j_1j_3}$ (GeV)
LegendAlign=r
XMax=200
YLabel=$ \text{d} \sigma/ \text{d}  m_{j_1j_3}$ (pb/GeV)
Legend=1
RatioPlotYMin=0.0
# END PLOT


# BEGIN SPECIAL /MC_H2JETS_04_INC/j1j3_mass_fine
\rput[tl](0.05,0.75){\parbox{5cm}{\textcolor{gray}{{\bf Herwig 7.2.3} \\ VBFNLO 3.0.0}}}
# END SPECIAL

# BEGIN HISTO1D //homes/tinghua1/higgs-anomalous/Herwig7/gcc11_install_test/plots/H-N2-N3-4-25gev-even-combine.yoda/MC_H2JETS_04_INC/j1j3_mass_fine
ErrorBandColor=red
ErrorBandOpacity=0.3
ErrorBands=1
ErrorBars=1
ErrorType=env
LineColor=red
LineStyle=solid
Path=//homes/tinghua1/higgs-anomalous/Herwig7/gcc11_install_test/plots/H-N2-N3-4-25gev-even-combine.yoda/MC_H2JETS_04_INC/j1j3_mass_fine
RatioPlotSameStyle=1
Title=h(2*,3*,4)
# xlow	 xhigh	 val	 errminus	 errplus
0.000000e+00	4.000000e+00	0.000000e+00	0.000000e+00	0.000000e+00
4.000000e+00	8.000000e+00	0.000000e+00	0.000000e+00	0.000000e+00
8.000000e+00	1.200000e+01	2.650923e-08	0.000000e+00	2.175680e-08
1.200000e+01	1.600000e+01	3.947622e-06	0.000000e+00	9.422600e-07
1.600000e+01	2.000000e+01	2.974005e-05	0.000000e+00	2.927475e-06
2.000000e+01	2.400000e+01	8.856163e-05	0.000000e+00	7.731800e-06
2.400000e+01	2.800000e+01	1.768413e-04	0.000000e+00	2.598455e-05
2.800000e+01	3.200000e+01	2.862568e-04	0.000000e+00	1.039700e-05
3.200000e+01	3.600000e+01	3.863387e-04	0.000000e+00	3.415825e-05
3.600000e+01	4.000000e+01	4.902078e-04	6.353500e-06	3.636650e-05
4.000000e+01	4.400000e+01	5.764440e-04	2.601000e-05	4.640950e-05
4.400000e+01	4.800000e+01	6.465837e-04	4.869225e-05	3.804000e-05
4.800000e+01	5.200000e+01	6.924307e-04	2.039150e-05	1.002827e-04
5.200000e+01	5.600000e+01	7.617920e-04	8.649600e-05	7.046900e-05
5.600000e+01	6.000000e+01	7.901325e-04	3.441150e-05	1.385347e-04
6.000000e+01	6.400000e+01	8.554053e-04	3.795300e-05	6.408950e-05
6.400000e+01	6.800000e+01	8.799815e-04	2.790550e-05	4.394400e-05
6.800000e+01	7.200000e+01	9.512997e-04	9.750050e-05	0.000000e+00
7.200000e+01	7.600000e+01	9.300588e-04	5.278450e-05	7.468875e-05
7.600000e+01	8.000000e+01	9.572980e-04	5.369500e-06	2.365750e-06
8.000000e+01	8.400000e+01	9.040463e-04	0.000000e+00	4.920300e-05
8.400000e+01	8.800000e+01	9.664047e-04	5.048825e-05	0.000000e+00
8.800000e+01	9.200000e+01	9.951953e-04	6.846150e-05	3.859950e-05
9.200000e+01	9.600000e+01	9.539360e-04	1.399650e-05	3.461000e-05
9.600000e+01	1.000000e+02	9.802452e-04	3.940225e-05	0.000000e+00
1.000000e+02	1.040000e+02	9.874190e-04	2.680825e-05	0.000000e+00
1.040000e+02	1.080000e+02	9.760885e-04	5.820100e-05	8.047500e-07
1.080000e+02	1.120000e+02	9.849165e-04	4.059150e-05	0.000000e+00
1.120000e+02	1.160000e+02	9.440070e-04	4.976750e-06	2.430650e-05
1.160000e+02	1.200000e+02	9.656407e-04	3.336900e-05	0.000000e+00
1.200000e+02	1.240000e+02	9.526430e-04	3.599825e-05	8.357250e-06
1.240000e+02	1.280000e+02	9.883975e-04	8.090825e-05	0.000000e+00
1.280000e+02	1.320000e+02	9.100420e-04	0.000000e+00	5.214650e-05
1.320000e+02	1.360000e+02	9.409837e-04	3.174275e-05	3.213075e-05
1.360000e+02	1.400000e+02	9.542717e-04	6.344700e-05	0.000000e+00
1.400000e+02	1.440000e+02	8.980833e-04	2.334300e-05	4.176425e-05
1.440000e+02	1.480000e+02	9.510735e-04	9.316400e-05	0.000000e+00
1.480000e+02	1.520000e+02	9.021438e-04	2.091675e-05	0.000000e+00
1.520000e+02	1.560000e+02	9.109553e-04	5.420500e-06	3.843050e-05
1.560000e+02	1.600000e+02	8.960752e-04	9.977250e-06	4.455925e-05
1.600000e+02	1.640000e+02	8.582087e-04	5.990000e-06	0.000000e+00
1.640000e+02	1.680000e+02	8.809812e-04	6.772600e-05	0.000000e+00
1.680000e+02	1.720000e+02	8.904805e-04	3.231800e-05	0.000000e+00
1.720000e+02	1.760000e+02	8.745125e-04	5.822975e-05	0.000000e+00
1.760000e+02	1.800000e+02	8.382470e-04	2.404125e-05	4.921750e-06
1.800000e+02	1.840000e+02	8.218033e-04	3.875450e-05	0.000000e+00
1.840000e+02	1.880000e+02	8.171253e-04	2.155400e-05	1.662650e-05
1.880000e+02	1.920000e+02	8.029563e-04	1.252203e-04	0.000000e+00
1.920000e+02	1.960000e+02	7.778852e-04	5.516250e-06	3.276775e-05
1.960000e+02	2.000000e+02	7.368545e-04	6.409500e-06	8.498825e-05
# END HISTO1D


# BEGIN HISTO1D //homes/tinghua1/higgs-anomalous/Herwig7/gcc11_install_test/plots/H2Jets-NLOPS-even-combine.yoda/MC_H2JETS_04_INC/j1j3_mass_fine
ErrorBandColor=green
ErrorBandOpacity=0.3
ErrorBands=1
ErrorBars=1
ErrorType=env
LineColor=green
LineStyle=solid
Path=//homes/tinghua1/higgs-anomalous/Herwig7/gcc11_install_test/plots/H2Jets-NLOPS-even-combine.yoda/MC_H2JETS_04_INC/j1j3_mass_fine
RatioPlotSameStyle=1
Title=h(2*) $\oplus$ PS
# xlow	 xhigh	 val	 errminus	 errplus
0.000000e+00	4.000000e+00	0.000000e+00	0.000000e+00	0.000000e+00
4.000000e+00	8.000000e+00	0.000000e+00	0.000000e+00	0.000000e+00
8.000000e+00	1.200000e+01	6.211417e-08	2.359117e-08	0.000000e+00
1.200000e+01	1.600000e+01	4.687813e-06	6.043750e-07	0.000000e+00
1.600000e+01	2.000000e+01	3.284070e-05	3.089300e-06	0.000000e+00
2.000000e+01	2.400000e+01	9.963955e-05	7.431300e-06	0.000000e+00
2.400000e+01	2.800000e+01	1.977888e-04	8.900125e-06	2.318900e-06
2.800000e+01	3.200000e+01	3.117092e-04	8.614500e-06	1.093475e-05
3.200000e+01	3.600000e+01	4.226922e-04	2.967000e-06	2.439275e-05
3.600000e+01	4.000000e+01	5.201800e-04	0.000000e+00	4.194375e-05
4.000000e+01	4.400000e+01	5.992560e-04	0.000000e+00	5.673750e-05
4.400000e+01	4.800000e+01	6.595528e-04	0.000000e+00	6.989950e-05
4.800000e+01	5.200000e+01	7.060357e-04	0.000000e+00	8.253450e-05
5.200000e+01	5.600000e+01	7.357988e-04	0.000000e+00	9.238850e-05
5.600000e+01	6.000000e+01	7.555183e-04	0.000000e+00	9.990700e-05
6.000000e+01	6.400000e+01	7.659097e-04	0.000000e+00	1.060070e-04
6.400000e+01	6.800000e+01	7.736388e-04	0.000000e+00	1.075852e-04
6.800000e+01	7.200000e+01	7.731848e-04	0.000000e+00	1.110557e-04
7.200000e+01	7.600000e+01	7.732780e-04	0.000000e+00	1.062428e-04
7.600000e+01	8.000000e+01	7.667790e-04	0.000000e+00	1.126023e-04
8.000000e+01	8.400000e+01	7.658490e-04	0.000000e+00	1.056032e-04
8.400000e+01	8.800000e+01	7.561093e-04	0.000000e+00	1.101680e-04
8.800000e+01	9.200000e+01	7.532625e-04	0.000000e+00	1.045680e-04
9.200000e+01	9.600000e+01	7.487070e-04	0.000000e+00	1.024767e-04
9.600000e+01	1.000000e+02	7.421100e-04	0.000000e+00	1.041765e-04
1.000000e+02	1.040000e+02	7.381740e-04	0.000000e+00	9.750000e-05
1.040000e+02	1.080000e+02	7.302943e-04	0.000000e+00	1.014095e-04
1.080000e+02	1.120000e+02	7.277550e-04	0.000000e+00	9.346075e-05
1.120000e+02	1.160000e+02	7.213965e-04	0.000000e+00	9.313925e-05
1.160000e+02	1.200000e+02	7.155453e-04	0.000000e+00	9.206100e-05
1.200000e+02	1.240000e+02	7.128877e-04	0.000000e+00	8.716600e-05
1.240000e+02	1.280000e+02	7.068162e-04	0.000000e+00	8.292225e-05
1.280000e+02	1.320000e+02	7.034883e-04	0.000000e+00	8.171075e-05
1.320000e+02	1.360000e+02	6.979097e-04	0.000000e+00	7.839575e-05
1.360000e+02	1.400000e+02	6.909588e-04	0.000000e+00	7.847975e-05
1.400000e+02	1.440000e+02	6.841387e-04	0.000000e+00	8.212325e-05
1.440000e+02	1.480000e+02	6.794923e-04	0.000000e+00	7.598000e-05
1.480000e+02	1.520000e+02	6.742725e-04	0.000000e+00	7.511700e-05
1.520000e+02	1.560000e+02	6.686463e-04	0.000000e+00	7.394325e-05
1.560000e+02	1.600000e+02	6.623853e-04	0.000000e+00	6.955975e-05
1.600000e+02	1.640000e+02	6.542070e-04	0.000000e+00	7.097200e-05
1.640000e+02	1.680000e+02	6.466340e-04	0.000000e+00	7.172500e-05
1.680000e+02	1.720000e+02	6.404265e-04	0.000000e+00	6.984000e-05
1.720000e+02	1.760000e+02	6.348440e-04	0.000000e+00	6.664825e-05
1.760000e+02	1.800000e+02	6.276512e-04	0.000000e+00	6.635000e-05
1.800000e+02	1.840000e+02	6.166857e-04	0.000000e+00	6.885900e-05
1.840000e+02	1.880000e+02	6.113642e-04	0.000000e+00	6.651625e-05
1.880000e+02	1.920000e+02	6.036250e-04	0.000000e+00	6.585100e-05
1.920000e+02	1.960000e+02	5.962995e-04	0.000000e+00	6.352350e-05
1.960000e+02	2.000000e+02	5.886562e-04	0.000000e+00	6.409650e-05
# END HISTO1D


# BEGIN HISTO1D //homes/tinghua1/higgs-anomalous/Herwig7/gcc11_install_test/plots/H2Jets-NLO-even-combine.yoda/MC_H2JETS_04_INC/j1j3_mass_fine
ErrorBandColor=orange
ErrorBandOpacity=0.3
ErrorBands=1
ErrorBars=1
ErrorType=env
LineColor=orange
LineStyle=solid
Path=//homes/tinghua1/higgs-anomalous/Herwig7/gcc11_install_test/plots/H2Jets-NLO-even-combine.yoda/MC_H2JETS_04_INC/j1j3_mass_fine
RatioPlotSameStyle=1
Title=h(2*)-FO
# xlow	 xhigh	 val	 errminus	 errplus
0.000000e+00	4.000000e+00	0.000000e+00	0.000000e+00	0.000000e+00
4.000000e+00	8.000000e+00	0.000000e+00	0.000000e+00	0.000000e+00
8.000000e+00	1.200000e+01	7.945187e-08	0.000000e+00	4.985793e-08
1.200000e+01	1.600000e+01	8.226150e-06	0.000000e+00	1.767528e-06
1.600000e+01	2.000000e+01	5.473180e-05	0.000000e+00	9.803800e-06
2.000000e+01	2.400000e+01	1.505115e-04	0.000000e+00	3.642625e-05
2.400000e+01	2.800000e+01	2.896187e-04	0.000000e+00	6.678925e-05
2.800000e+01	3.200000e+01	4.216825e-04	0.000000e+00	1.127335e-04
3.200000e+01	3.600000e+01	5.587762e-04	0.000000e+00	1.480985e-04
3.600000e+01	4.000000e+01	6.503145e-04	0.000000e+00	1.923525e-04
4.000000e+01	4.400000e+01	7.347942e-04	0.000000e+00	1.922100e-04
4.400000e+01	4.800000e+01	7.851700e-04	0.000000e+00	2.430870e-04
4.800000e+01	5.200000e+01	8.313445e-04	0.000000e+00	2.163680e-04
5.200000e+01	5.600000e+01	8.439988e-04	0.000000e+00	2.318555e-04
5.600000e+01	6.000000e+01	8.694150e-04	0.000000e+00	2.435578e-04
6.000000e+01	6.400000e+01	8.630810e-04	0.000000e+00	2.737382e-04
6.400000e+01	6.800000e+01	8.858512e-04	0.000000e+00	2.587180e-04
6.800000e+01	7.200000e+01	8.696587e-04	0.000000e+00	2.535670e-04
7.200000e+01	7.600000e+01	8.695290e-04	0.000000e+00	2.690502e-04
7.600000e+01	8.000000e+01	8.718990e-04	0.000000e+00	2.537295e-04
8.000000e+01	8.400000e+01	8.581035e-04	0.000000e+00	2.659805e-04
8.400000e+01	8.800000e+01	8.647133e-04	0.000000e+00	2.645150e-04
8.800000e+01	9.200000e+01	8.577285e-04	0.000000e+00	2.861755e-04
9.200000e+01	9.600000e+01	8.795375e-04	0.000000e+00	2.495165e-04
9.600000e+01	1.000000e+02	8.778873e-04	0.000000e+00	2.389932e-04
1.000000e+02	1.040000e+02	8.606663e-04	0.000000e+00	2.892920e-04
1.040000e+02	1.080000e+02	8.926020e-04	0.000000e+00	2.455985e-04
1.080000e+02	1.120000e+02	8.644225e-04	0.000000e+00	2.687568e-04
1.120000e+02	1.160000e+02	8.834713e-04	0.000000e+00	2.336497e-04
1.160000e+02	1.200000e+02	9.008033e-04	0.000000e+00	2.683160e-04
1.200000e+02	1.240000e+02	8.991622e-04	0.000000e+00	2.586338e-04
1.240000e+02	1.280000e+02	9.243495e-04	0.000000e+00	2.254790e-04
1.280000e+02	1.320000e+02	8.863960e-04	0.000000e+00	2.594220e-04
1.320000e+02	1.360000e+02	8.943527e-04	0.000000e+00	2.557782e-04
1.360000e+02	1.400000e+02	8.860943e-04	0.000000e+00	2.544037e-04
1.400000e+02	1.440000e+02	8.861480e-04	0.000000e+00	2.754135e-04
1.440000e+02	1.480000e+02	8.711525e-04	0.000000e+00	2.757647e-04
1.480000e+02	1.520000e+02	8.807885e-04	0.000000e+00	2.525123e-04
1.520000e+02	1.560000e+02	8.663867e-04	0.000000e+00	2.567733e-04
1.560000e+02	1.600000e+02	8.659300e-04	0.000000e+00	2.510660e-04
1.600000e+02	1.640000e+02	8.575805e-04	0.000000e+00	2.566378e-04
1.640000e+02	1.680000e+02	8.508935e-04	0.000000e+00	2.514990e-04
1.680000e+02	1.720000e+02	8.384200e-04	0.000000e+00	2.545205e-04
1.720000e+02	1.760000e+02	8.460222e-04	0.000000e+00	2.243145e-04
1.760000e+02	1.800000e+02	8.336692e-04	0.000000e+00	2.757790e-04
1.800000e+02	1.840000e+02	8.208727e-04	0.000000e+00	2.542047e-04
1.840000e+02	1.880000e+02	8.079565e-04	0.000000e+00	2.586310e-04
1.880000e+02	1.920000e+02	8.149030e-04	0.000000e+00	2.291940e-04
1.920000e+02	1.960000e+02	8.024225e-04	0.000000e+00	2.274388e-04
1.960000e+02	2.000000e+02	7.778293e-04	0.000000e+00	2.724965e-04
# END HISTO1D

