# BEGIN PLOT
LegendOnly=//homes/tinghua1/higgs-anomalous/Herwig7/gcc11_install_test/plots/H-N2-N3-4-25gev-even-combine.yoda/MC_H2JETS_04_INC/j1j3_mass //homes/tinghua1/higgs-anomalous/Herwig7/gcc11_install_test/plots/H2Jets-NLOPS-even-combine.yoda/MC_H2JETS_04_INC/j1j3_mass //homes/tinghua1/higgs-anomalous/Herwig7/gcc11_install_test/plots/H2Jets-NLO-even-combine.yoda/MC_H2JETS_04_INC/j1j3_mass
DrawOnly=//homes/tinghua1/higgs-anomalous/Herwig7/gcc11_install_test/plots/H-N2-N3-4-25gev-even-combine.yoda/MC_H2JETS_04_INC/j1j3_mass //homes/tinghua1/higgs-anomalous/Herwig7/gcc11_install_test/plots/H2Jets-NLOPS-even-combine.yoda/MC_H2JETS_04_INC/j1j3_mass //homes/tinghua1/higgs-anomalous/Herwig7/gcc11_install_test/plots/H2Jets-NLO-even-combine.yoda/MC_H2JETS_04_INC/j1j3_mass
RightMargin=0.5
RatioPlotReference=//homes/tinghua1/higgs-anomalous/Herwig7/gcc11_install_test/plots/H-N2-N3-4-25gev-even-combine.yoda/MC_H2JETS_04_INC/j1j3_mass
RatioPlot=1
LogY=1
RatioPlotYMax=1.6
RatioPlotYLabel=Ratio
XLabel=$m_{j_1j_3}$ (GeV)
LegendAlign=r
XMax=1000
YLabel=$ \text{d} \sigma/ \text{d}  m_{j_1j_3}$ (pb/GeV)
Legend=1
RatioPlotYMin=0.0
# END PLOT


# BEGIN SPECIAL /MC_H2JETS_04_INC/j1j3_mass
\rput[tl](0.05,0.75){\parbox{5cm}{\textcolor{gray}{{\bf Herwig 7.2.3} \\ VBFNLO 3.0.0}}}
# END SPECIAL

# BEGIN HISTO1D //homes/tinghua1/higgs-anomalous/Herwig7/gcc11_install_test/plots/H-N2-N3-4-25gev-even-combine.yoda/MC_H2JETS_04_INC/j1j3_mass
ErrorBandColor=red
ErrorBandOpacity=0.3
ErrorBands=1
ErrorBars=1
ErrorType=env
LineColor=red
LineStyle=solid
Path=//homes/tinghua1/higgs-anomalous/Herwig7/gcc11_install_test/plots/H-N2-N3-4-25gev-even-combine.yoda/MC_H2JETS_04_INC/j1j3_mass
RatioPlotSameStyle=1
Title=h(2*,3*,4)
# xlow	 xhigh	 val	 errminus	 errplus
0.000000e+00	4.000000e+01	1.461920e-04	0.000000e+00	1.164162e-05
4.000000e+01	8.000000e+01	8.041425e-04	4.297775e-05	5.691800e-05
8.000000e+01	1.200000e+02	9.657900e-04	2.917800e-05	0.000000e+00
1.200000e+02	1.600000e+02	9.304670e-04	1.250650e-05	0.000000e+00
1.600000e+02	2.000000e+02	8.299055e-04	2.348525e-05	0.000000e+00
2.000000e+02	2.400000e+02	7.228615e-04	6.979750e-06	1.286700e-05
2.400000e+02	2.800000e+02	6.325795e-04	2.972375e-05	6.252000e-06
2.800000e+02	3.200000e+02	5.479858e-04	1.578875e-05	0.000000e+00
3.200000e+02	3.600000e+02	4.633470e-04	6.408475e-05	0.000000e+00
3.600000e+02	4.000000e+02	4.180522e-04	3.781500e-06	0.000000e+00
4.000000e+02	4.400000e+02	3.606695e-04	6.235250e-06	0.000000e+00
4.400000e+02	4.800000e+02	3.119710e-04	0.000000e+00	2.280250e-05
4.800000e+02	5.200000e+02	2.895807e-04	5.816250e-06	0.000000e+00
5.200000e+02	5.600000e+02	2.498370e-04	0.000000e+00	1.815855e-05
5.600000e+02	6.000000e+02	2.268369e-04	0.000000e+00	3.881900e-06
6.000000e+02	6.400000e+02	1.991356e-04	0.000000e+00	9.312875e-06
6.400000e+02	6.800000e+02	1.842971e-04	4.116250e-06	0.000000e+00
6.800000e+02	7.200000e+02	1.590172e-04	6.732175e-06	7.469500e-06
7.200000e+02	7.600000e+02	1.541915e-04	7.601100e-06	0.000000e+00
7.600000e+02	8.000000e+02	1.302881e-04	0.000000e+00	8.995825e-06
8.000000e+02	8.400000e+02	1.291453e-04	8.847800e-06	0.000000e+00
8.400000e+02	8.800000e+02	1.137490e-04	1.187200e-06	0.000000e+00
8.800000e+02	9.200000e+02	9.682663e-05	0.000000e+00	6.892975e-06
9.200000e+02	9.600000e+02	9.442712e-05	0.000000e+00	4.995625e-06
9.600000e+02	1.000000e+03	9.221975e-05	7.176475e-06	0.000000e+00
1.000000e+03	1.040000e+03	8.129593e-05	5.529750e-06	0.000000e+00
1.040000e+03	1.080000e+03	7.612558e-05	5.147175e-06	0.000000e+00
1.080000e+03	1.120000e+03	6.956750e-05	4.491425e-06	0.000000e+00
1.120000e+03	1.160000e+03	6.153745e-05	2.749775e-06	3.985000e-07
1.160000e+03	1.200000e+03	5.527255e-05	4.428565e-05	4.683825e-06
1.200000e+03	1.240000e+03	5.482065e-05	1.590108e-05	0.000000e+00
1.240000e+03	1.280000e+03	4.531890e-05	0.000000e+00	6.754150e-06
1.280000e+03	1.320000e+03	4.358647e-05	0.000000e+00	5.889350e-06
1.320000e+03	1.360000e+03	4.267852e-05	1.584250e-06	0.000000e+00
1.360000e+03	1.400000e+03	3.604830e-05	2.129500e-07	2.440300e-06
1.400000e+03	1.440000e+03	3.209285e-05	3.614100e-06	4.614425e-06
1.440000e+03	1.480000e+03	3.146395e-05	1.265075e-06	0.000000e+00
1.480000e+03	1.520000e+03	2.854718e-05	7.854845e-06	3.463750e-06
1.520000e+03	1.560000e+03	2.978470e-05	5.035175e-06	0.000000e+00
1.560000e+03	1.600000e+03	2.373316e-05	0.000000e+00	2.180962e-06
1.600000e+03	1.640000e+03	2.389939e-05	0.000000e+00	1.119810e-06
1.640000e+03	1.680000e+03	2.008625e-05	0.000000e+00	1.547252e-06
1.680000e+03	1.720000e+03	2.078377e-05	2.905125e-07	3.836732e-06
1.720000e+03	1.760000e+03	1.959806e-05	1.127095e-06	0.000000e+00
1.760000e+03	1.800000e+03	1.714511e-05	0.000000e+00	6.262050e-07
1.800000e+03	1.840000e+03	1.566219e-05	1.676225e-07	0.000000e+00
1.840000e+03	1.880000e+03	1.557688e-05	1.442297e-06	9.622325e-07
1.880000e+03	1.920000e+03	1.087035e-05	0.000000e+00	2.947688e-06
1.920000e+03	1.960000e+03	1.571473e-05	4.076880e-06	0.000000e+00
1.960000e+03	2.000000e+03	1.142927e-05	2.136552e-06	0.000000e+00
2.000000e+03	2.040000e+03	1.076937e-05	0.000000e+00	4.006225e-07
2.040000e+03	2.080000e+03	1.078433e-05	9.850125e-07	4.127113e-06
2.080000e+03	2.120000e+03	9.748938e-06	2.243740e-06	0.000000e+00
2.120000e+03	2.160000e+03	8.684577e-06	0.000000e+00	1.982475e-07
2.160000e+03	2.200000e+03	8.435292e-06	8.863675e-07	2.470725e-07
2.200000e+03	2.240000e+03	7.682538e-06	2.863525e-07	1.396282e-06
2.240000e+03	2.280000e+03	7.939430e-06	1.471540e-06	0.000000e+00
2.280000e+03	2.320000e+03	7.320030e-06	1.812340e-06	0.000000e+00
2.320000e+03	2.360000e+03	6.424198e-06	3.617525e-07	0.000000e+00
2.360000e+03	2.400000e+03	5.729155e-06	2.831608e-06	0.000000e+00
2.400000e+03	2.440000e+03	5.119267e-06	9.825825e-07	7.723050e-07
2.440000e+03	2.480000e+03	5.013895e-06	5.236975e-07	3.149865e-06
2.480000e+03	2.520000e+03	4.363198e-06	1.902450e-07	0.000000e+00
2.520000e+03	2.560000e+03	4.180375e-06	2.032100e-07	1.321050e-07
2.560000e+03	2.600000e+03	4.143793e-06	8.331225e-07	0.000000e+00
2.600000e+03	2.640000e+03	3.766848e-06	0.000000e+00	7.411125e-07
2.640000e+03	2.680000e+03	3.756312e-06	6.610300e-07	0.000000e+00
2.680000e+03	2.720000e+03	3.000785e-06	0.000000e+00	1.846025e-07
2.720000e+03	2.760000e+03	2.841910e-06	2.120634e-06	7.600000e-09
2.760000e+03	2.800000e+03	2.905523e-06	3.593050e-07	0.000000e+00
2.800000e+03	2.840000e+03	3.034782e-06	6.640045e-07	1.046610e-06
2.840000e+03	2.880000e+03	2.715205e-06	1.184295e-06	0.000000e+00
2.880000e+03	2.920000e+03	2.266181e-06	1.550243e-07	0.000000e+00
2.920000e+03	2.960000e+03	1.729986e-06	1.921741e-06	0.000000e+00
2.960000e+03	3.000000e+03	2.053942e-06	4.979475e-07	5.058883e-07
3.000000e+03	3.040000e+03	1.781368e-06	1.371845e-07	0.000000e+00
3.040000e+03	3.080000e+03	1.678453e-06	1.467860e-07	7.662000e-08
3.080000e+03	3.120000e+03	1.719169e-06	3.722772e-07	0.000000e+00
3.120000e+03	3.160000e+03	1.384925e-06	1.961160e-07	0.000000e+00
3.160000e+03	3.200000e+03	1.243006e-06	1.471753e-07	1.895277e-07
3.200000e+03	3.240000e+03	1.245530e-06	1.256372e-07	2.102718e-07
3.240000e+03	3.280000e+03	1.146627e-06	4.571975e-08	1.628700e-08
3.280000e+03	3.320000e+03	1.144772e-06	2.839563e-07	0.000000e+00
3.320000e+03	3.360000e+03	9.886733e-07	2.670930e-07	0.000000e+00
3.360000e+03	3.400000e+03	9.426745e-07	2.217083e-07	4.798450e-08
3.400000e+03	3.440000e+03	8.478093e-07	1.586690e-07	4.381150e-08
3.440000e+03	3.480000e+03	9.111307e-07	1.371495e-07	0.000000e+00
3.480000e+03	3.520000e+03	6.598715e-07	0.000000e+00	5.913725e-08
3.520000e+03	3.560000e+03	6.099677e-07	4.736900e-08	1.449625e-08
3.560000e+03	3.600000e+03	7.865155e-07	2.721195e-07	0.000000e+00
3.600000e+03	3.640000e+03	4.835080e-07	0.000000e+00	3.480980e-07
3.640000e+03	3.680000e+03	5.440215e-07	1.882825e-08	1.189467e-07
3.680000e+03	3.720000e+03	3.273197e-07	0.000000e+00	2.641105e-07
3.720000e+03	3.760000e+03	4.799998e-07	3.563300e-08	2.169435e-07
3.760000e+03	3.800000e+03	3.816715e-07	9.889650e-08	0.000000e+00
3.800000e+03	3.840000e+03	4.024242e-07	0.000000e+00	3.747825e-08
3.840000e+03	3.880000e+03	3.985495e-07	3.251441e-07	1.990650e-07
3.880000e+03	3.920000e+03	3.293780e-07	4.268450e-08	1.773550e-08
3.920000e+03	3.960000e+03	2.497847e-07	2.256985e-08	0.000000e+00
3.960000e+03	4.000000e+03	4.040095e-07	1.745393e-07	0.000000e+00
4.000000e+03	4.040000e+03	2.473546e-07	1.646900e-08	6.141400e-09
4.040000e+03	4.080000e+03	2.316364e-07	0.000000e+00	1.222101e-07
4.080000e+03	4.120000e+03	1.736151e-07	0.000000e+00	9.579840e-08
4.120000e+03	4.160000e+03	3.014042e-07	2.358590e-07	0.000000e+00
4.160000e+03	4.200000e+03	1.925005e-07	9.791525e-09	3.184473e-08
4.200000e+03	4.240000e+03	1.637018e-07	1.298808e-08	7.271925e-08
4.240000e+03	4.280000e+03	2.105192e-07	1.599976e-07	0.000000e+00
4.280000e+03	4.320000e+03	1.129122e-07	4.694375e-09	3.882202e-08
4.320000e+03	4.360000e+03	1.363756e-07	4.717188e-08	1.516625e-08
4.360000e+03	4.400000e+03	1.077970e-07	5.835730e-08	6.468483e-08
4.400000e+03	4.440000e+03	1.269337e-07	5.631273e-08	0.000000e+00
4.440000e+03	4.480000e+03	4.742535e-08	0.000000e+00	3.336470e-08
4.480000e+03	4.520000e+03	1.463579e-07	5.919105e-08	0.000000e+00
4.520000e+03	4.560000e+03	1.256093e-07	4.358823e-08	0.000000e+00
4.560000e+03	4.600000e+03	8.659415e-08	0.000000e+00	2.166447e-08
4.600000e+03	4.640000e+03	5.096375e-08	1.220640e-07	1.547475e-08
4.640000e+03	4.680000e+03	7.615010e-08	2.314180e-08	0.000000e+00
4.680000e+03	4.720000e+03	1.042984e-07	3.571985e-08	0.000000e+00
4.720000e+03	4.760000e+03	6.275392e-08	1.835533e-08	0.000000e+00
4.760000e+03	4.800000e+03	5.858113e-08	1.158735e-08	0.000000e+00
4.800000e+03	4.840000e+03	7.138170e-08	3.798015e-08	0.000000e+00
4.840000e+03	4.880000e+03	1.978214e-08	0.000000e+00	3.222478e-08
4.880000e+03	4.920000e+03	2.789298e-08	9.707232e-08	1.947390e-08
4.920000e+03	4.960000e+03	2.337954e-08	0.000000e+00	1.290948e-08
4.960000e+03	5.000000e+03	3.541593e-08	1.277394e-08	4.272075e-09
5.000000e+03	5.040000e+03	2.450828e-08	0.000000e+00	2.899017e-08
5.040000e+03	5.080000e+03	3.066777e-08	0.000000e+00	5.619075e-09
5.080000e+03	5.120000e+03	3.250687e-08	3.025828e-08	0.000000e+00
5.120000e+03	5.160000e+03	1.742800e-08	0.000000e+00	6.076402e-08
5.160000e+03	5.200000e+03	2.389634e-08	2.924070e-09	5.227288e-08
5.200000e+03	5.240000e+03	1.953081e-08	2.470522e-08	5.263780e-09
5.240000e+03	5.280000e+03	1.704452e-08	0.000000e+00	6.559947e-09
5.280000e+03	5.320000e+03	-1.185985e-10	0.000000e+00	1.821968e-08
5.320000e+03	5.360000e+03	1.060322e-08	5.941730e-09	1.175912e-08
5.360000e+03	5.400000e+03	1.286841e-08	4.657473e-09	1.672051e-08
5.400000e+03	5.440000e+03	2.061464e-08	1.006572e-08	0.000000e+00
5.440000e+03	5.480000e+03	1.485348e-08	3.383532e-09	1.505373e-09
5.480000e+03	5.520000e+03	1.016617e-08	8.722887e-09	4.390557e-09
5.520000e+03	5.560000e+03	-9.311600e-10	0.000000e+00	1.577810e-08
5.560000e+03	5.600000e+03	1.367515e-08	1.838575e-09	5.029340e-09
5.600000e+03	5.640000e+03	9.415888e-09	3.843643e-09	0.000000e+00
5.640000e+03	5.680000e+03	1.044028e-08	1.861452e-08	1.263245e-08
5.680000e+03	5.720000e+03	6.476150e-09	0.000000e+00	6.388190e-09
5.720000e+03	5.760000e+03	9.179577e-09	1.054092e-08	0.000000e+00
5.760000e+03	5.800000e+03	5.000520e-09	1.020630e-09	1.643155e-09
5.800000e+03	5.840000e+03	7.405515e-09	1.579862e-09	1.085736e-08
5.840000e+03	5.880000e+03	2.880903e-09	0.000000e+00	2.042462e-08
5.880000e+03	5.920000e+03	4.208270e-09	2.041750e-11	3.111703e-09
5.920000e+03	5.960000e+03	3.012325e-09	0.000000e+00	2.804963e-09
5.960000e+03	6.000000e+03	3.251125e-09	9.663067e-10	5.471125e-10
# END HISTO1D


# BEGIN HISTO1D //homes/tinghua1/higgs-anomalous/Herwig7/gcc11_install_test/plots/H2Jets-NLOPS-even-combine.yoda/MC_H2JETS_04_INC/j1j3_mass
ErrorBandColor=green
ErrorBandOpacity=0.3
ErrorBands=1
ErrorBars=1
ErrorType=env
LineColor=green
LineStyle=solid
Path=//homes/tinghua1/higgs-anomalous/Herwig7/gcc11_install_test/plots/H2Jets-NLOPS-even-combine.yoda/MC_H2JETS_04_INC/j1j3_mass
RatioPlotSameStyle=1
Title=h(2*) $\oplus$ PS
# xlow	 xhigh	 val	 errminus	 errplus
0.000000e+00	4.000000e+01	1.589600e-04	2.510525e-06	7.763100e-06
4.000000e+01	8.000000e+01	7.308953e-04	0.000000e+00	9.449600e-05
8.000000e+01	1.200000e+02	7.399203e-04	0.000000e+00	1.004563e-04
1.200000e+02	1.600000e+02	6.880995e-04	0.000000e+00	7.853975e-05
1.600000e+02	2.000000e+02	6.220392e-04	0.000000e+00	6.743825e-05
2.000000e+02	2.400000e+02	5.481318e-04	0.000000e+00	5.716075e-05
2.400000e+02	2.800000e+02	4.770295e-04	0.000000e+00	5.048350e-05
2.800000e+02	3.200000e+02	4.136545e-04	0.000000e+00	4.563400e-05
3.200000e+02	3.600000e+02	3.602640e-04	0.000000e+00	3.997325e-05
3.600000e+02	4.000000e+02	3.142340e-04	0.000000e+00	3.680100e-05
4.000000e+02	4.400000e+02	2.757615e-04	0.000000e+00	3.306350e-05
4.400000e+02	4.800000e+02	2.424794e-04	0.000000e+00	2.980758e-05
4.800000e+02	5.200000e+02	2.146263e-04	0.000000e+00	2.718343e-05
5.200000e+02	5.600000e+02	1.908520e-04	0.000000e+00	2.479197e-05
5.600000e+02	6.000000e+02	1.704733e-04	0.000000e+00	2.236665e-05
6.000000e+02	6.400000e+02	1.525211e-04	0.000000e+00	2.068173e-05
6.400000e+02	6.800000e+02	1.368490e-04	0.000000e+00	1.837547e-05
6.800000e+02	7.200000e+02	1.234327e-04	0.000000e+00	1.665017e-05
7.200000e+02	7.600000e+02	1.110362e-04	0.000000e+00	1.560385e-05
7.600000e+02	8.000000e+02	1.005853e-04	0.000000e+00	1.399510e-05
8.000000e+02	8.400000e+02	9.088430e-05	0.000000e+00	1.327677e-05
8.400000e+02	8.800000e+02	8.262013e-05	0.000000e+00	1.200685e-05
8.800000e+02	9.200000e+02	7.514605e-05	0.000000e+00	1.065448e-05
9.200000e+02	9.600000e+02	6.837098e-05	0.000000e+00	9.775775e-06
9.600000e+02	1.000000e+03	6.240452e-05	0.000000e+00	9.457600e-06
1.000000e+03	1.040000e+03	5.685787e-05	0.000000e+00	8.483575e-06
1.040000e+03	1.080000e+03	5.213390e-05	0.000000e+00	7.662900e-06
1.080000e+03	1.120000e+03	4.758450e-05	0.000000e+00	7.599200e-06
1.120000e+03	1.160000e+03	4.361805e-05	0.000000e+00	6.616900e-06
1.160000e+03	1.200000e+03	3.968182e-05	0.000000e+00	6.432500e-06
1.200000e+03	1.240000e+03	3.654723e-05	0.000000e+00	5.999175e-06
1.240000e+03	1.280000e+03	3.345443e-05	0.000000e+00	5.450175e-06
1.280000e+03	1.320000e+03	3.111303e-05	0.000000e+00	4.767175e-06
1.320000e+03	1.360000e+03	2.843085e-05	0.000000e+00	4.436375e-06
1.360000e+03	1.400000e+03	2.627520e-05	0.000000e+00	4.077950e-06
1.400000e+03	1.440000e+03	2.417509e-05	0.000000e+00	3.831605e-06
1.440000e+03	1.480000e+03	2.225728e-05	0.000000e+00	3.429942e-06
1.480000e+03	1.520000e+03	2.040970e-05	0.000000e+00	3.343183e-06
1.520000e+03	1.560000e+03	1.882230e-05	0.000000e+00	3.065023e-06
1.560000e+03	1.600000e+03	1.728012e-05	0.000000e+00	3.063673e-06
1.600000e+03	1.640000e+03	1.596539e-05	0.000000e+00	2.754610e-06
1.640000e+03	1.680000e+03	1.487117e-05	0.000000e+00	2.469893e-06
1.680000e+03	1.720000e+03	1.376910e-05	0.000000e+00	2.255193e-06
1.720000e+03	1.760000e+03	1.261151e-05	0.000000e+00	2.085372e-06
1.760000e+03	1.800000e+03	1.175035e-05	0.000000e+00	1.865910e-06
1.800000e+03	1.840000e+03	1.089909e-05	0.000000e+00	1.687627e-06
1.840000e+03	1.880000e+03	1.002184e-05	0.000000e+00	1.538055e-06
1.880000e+03	1.920000e+03	9.308187e-06	0.000000e+00	1.431520e-06
1.920000e+03	1.960000e+03	8.544017e-06	0.000000e+00	1.478335e-06
1.960000e+03	2.000000e+03	7.885378e-06	0.000000e+00	1.413817e-06
2.000000e+03	2.040000e+03	7.285605e-06	0.000000e+00	1.354275e-06
2.040000e+03	2.080000e+03	6.808408e-06	0.000000e+00	1.159092e-06
2.080000e+03	2.120000e+03	6.310848e-06	0.000000e+00	9.860400e-07
2.120000e+03	2.160000e+03	5.850523e-06	0.000000e+00	1.039890e-06
2.160000e+03	2.200000e+03	5.431267e-06	0.000000e+00	9.174850e-07
2.200000e+03	2.240000e+03	4.914938e-06	0.000000e+00	9.798400e-07
2.240000e+03	2.280000e+03	4.729702e-06	0.000000e+00	7.138075e-07
2.280000e+03	2.320000e+03	4.226100e-06	0.000000e+00	8.380900e-07
2.320000e+03	2.360000e+03	3.986323e-06	0.000000e+00	7.004050e-07
2.360000e+03	2.400000e+03	3.630378e-06	0.000000e+00	6.847150e-07
2.400000e+03	2.440000e+03	3.392387e-06	0.000000e+00	6.477575e-07
2.440000e+03	2.480000e+03	3.183475e-06	0.000000e+00	5.435650e-07
2.480000e+03	2.520000e+03	2.922632e-06	0.000000e+00	4.993325e-07
2.520000e+03	2.560000e+03	2.704590e-06	0.000000e+00	5.337800e-07
2.560000e+03	2.600000e+03	2.514433e-06	0.000000e+00	4.389200e-07
2.600000e+03	2.640000e+03	2.325529e-06	0.000000e+00	3.899810e-07
2.640000e+03	2.680000e+03	2.171316e-06	0.000000e+00	4.274665e-07
2.680000e+03	2.720000e+03	1.981138e-06	0.000000e+00	3.595527e-07
2.720000e+03	2.760000e+03	1.864521e-06	0.000000e+00	2.621038e-07
2.760000e+03	2.800000e+03	1.713986e-06	0.000000e+00	3.670300e-07
2.800000e+03	2.840000e+03	1.574792e-06	0.000000e+00	3.194862e-07
2.840000e+03	2.880000e+03	1.493697e-06	0.000000e+00	2.932063e-07
2.880000e+03	2.920000e+03	1.373386e-06	0.000000e+00	2.350340e-07
2.920000e+03	2.960000e+03	1.284658e-06	0.000000e+00	2.095540e-07
2.960000e+03	3.000000e+03	1.156980e-06	0.000000e+00	2.101285e-07
3.000000e+03	3.040000e+03	1.082401e-06	0.000000e+00	1.983580e-07
3.040000e+03	3.080000e+03	9.948707e-07	0.000000e+00	1.894930e-07
3.080000e+03	3.120000e+03	9.210370e-07	0.000000e+00	2.009717e-07
3.120000e+03	3.160000e+03	8.644042e-07	0.000000e+00	1.662993e-07
3.160000e+03	3.200000e+03	8.105460e-07	0.000000e+00	1.453103e-07
3.200000e+03	3.240000e+03	7.334912e-07	0.000000e+00	1.422953e-07
3.240000e+03	3.280000e+03	6.874580e-07	0.000000e+00	1.222817e-07
3.280000e+03	3.320000e+03	6.268480e-07	0.000000e+00	1.231788e-07
3.320000e+03	3.360000e+03	5.830200e-07	0.000000e+00	1.219390e-07
3.360000e+03	3.400000e+03	5.423398e-07	0.000000e+00	8.661200e-08
3.400000e+03	3.440000e+03	4.982832e-07	0.000000e+00	1.008453e-07
3.440000e+03	3.480000e+03	4.581615e-07	0.000000e+00	9.790000e-08
3.480000e+03	3.520000e+03	4.204960e-07	0.000000e+00	8.283150e-08
3.520000e+03	3.560000e+03	3.814125e-07	0.000000e+00	8.331900e-08
3.560000e+03	3.600000e+03	3.706200e-07	0.000000e+00	6.600825e-08
3.600000e+03	3.640000e+03	3.300905e-07	0.000000e+00	8.124375e-08
3.640000e+03	3.680000e+03	3.159062e-07	0.000000e+00	6.173625e-08
3.680000e+03	3.720000e+03	2.931598e-07	0.000000e+00	5.254700e-08
3.720000e+03	3.760000e+03	2.717422e-07	0.000000e+00	4.239200e-08
3.760000e+03	3.800000e+03	2.426054e-07	0.000000e+00	6.398180e-08
3.800000e+03	3.840000e+03	2.373770e-07	0.000000e+00	4.554978e-08
3.840000e+03	3.880000e+03	2.137455e-07	0.000000e+00	3.521470e-08
3.880000e+03	3.920000e+03	1.949813e-07	0.000000e+00	3.594237e-08
3.920000e+03	3.960000e+03	1.847883e-07	0.000000e+00	2.770408e-08
3.960000e+03	4.000000e+03	1.664396e-07	0.000000e+00	3.408740e-08
4.000000e+03	4.040000e+03	1.530667e-07	0.000000e+00	2.884935e-08
4.040000e+03	4.080000e+03	1.392708e-07	0.000000e+00	3.320318e-08
4.080000e+03	4.120000e+03	1.251714e-07	0.000000e+00	3.918162e-08
4.120000e+03	4.160000e+03	1.263054e-07	3.231050e-09	1.059235e-08
4.160000e+03	4.200000e+03	1.077115e-07	0.000000e+00	1.988172e-08
4.200000e+03	4.240000e+03	9.514650e-08	0.000000e+00	2.884795e-08
4.240000e+03	4.280000e+03	9.231792e-08	0.000000e+00	2.229580e-08
4.280000e+03	4.320000e+03	8.515090e-08	0.000000e+00	2.430867e-08
4.320000e+03	4.360000e+03	7.615893e-08	0.000000e+00	1.690942e-08
4.360000e+03	4.400000e+03	7.228450e-08	0.000000e+00	2.214663e-08
4.400000e+03	4.440000e+03	6.668007e-08	0.000000e+00	1.692710e-08
4.440000e+03	4.480000e+03	6.117833e-08	0.000000e+00	1.609725e-08
4.480000e+03	4.520000e+03	5.221248e-08	0.000000e+00	1.711960e-08
4.520000e+03	4.560000e+03	5.180920e-08	0.000000e+00	7.001650e-09
4.560000e+03	4.600000e+03	5.036165e-08	0.000000e+00	6.831775e-09
4.600000e+03	4.640000e+03	4.298025e-08	0.000000e+00	1.327733e-08
4.640000e+03	4.680000e+03	4.060122e-08	0.000000e+00	1.009443e-08
4.680000e+03	4.720000e+03	3.911513e-08	0.000000e+00	4.833850e-09
4.720000e+03	4.760000e+03	3.457398e-08	0.000000e+00	6.794675e-09
4.760000e+03	4.800000e+03	3.309183e-08	0.000000e+00	7.176650e-09
4.800000e+03	4.840000e+03	2.753340e-08	0.000000e+00	6.649425e-09
4.840000e+03	4.880000e+03	2.677130e-08	0.000000e+00	5.425050e-09
4.880000e+03	4.920000e+03	2.471718e-08	0.000000e+00	5.912973e-09
4.920000e+03	4.960000e+03	2.488756e-08	0.000000e+00	5.309985e-09
4.960000e+03	5.000000e+03	1.944066e-08	0.000000e+00	8.088693e-09
5.000000e+03	5.040000e+03	1.882774e-08	0.000000e+00	5.716495e-09
5.040000e+03	5.080000e+03	1.776387e-08	0.000000e+00	1.079181e-08
5.080000e+03	5.120000e+03	1.812208e-08	0.000000e+00	2.601905e-09
5.120000e+03	5.160000e+03	1.487748e-08	0.000000e+00	3.214787e-09
5.160000e+03	5.200000e+03	1.567563e-08	2.896900e-10	0.000000e+00
5.200000e+03	5.240000e+03	1.152729e-08	0.000000e+00	3.538840e-09
5.240000e+03	5.280000e+03	1.165936e-08	0.000000e+00	2.501963e-09
5.280000e+03	5.320000e+03	1.134710e-08	3.673350e-10	2.888882e-09
5.320000e+03	5.360000e+03	9.722985e-09	0.000000e+00	2.746208e-09
5.360000e+03	5.400000e+03	8.611765e-09	0.000000e+00	2.794685e-09
5.400000e+03	5.440000e+03	8.602248e-09	0.000000e+00	1.917800e-09
5.440000e+03	5.480000e+03	7.555205e-09	0.000000e+00	1.404990e-09
5.480000e+03	5.520000e+03	7.697693e-09	0.000000e+00	6.133875e-10
5.520000e+03	5.560000e+03	6.611482e-09	0.000000e+00	1.098068e-09
5.560000e+03	5.600000e+03	5.912297e-09	0.000000e+00	1.253578e-09
5.600000e+03	5.640000e+03	5.446018e-09	0.000000e+00	8.633300e-10
5.640000e+03	5.680000e+03	5.043363e-09	7.615850e-10	1.084175e-09
5.680000e+03	5.720000e+03	4.312868e-09	0.000000e+00	2.073283e-09
5.720000e+03	5.760000e+03	4.890565e-09	3.058650e-10	5.679600e-10
5.760000e+03	5.800000e+03	3.553072e-09	0.000000e+00	9.502700e-10
5.800000e+03	5.840000e+03	3.503245e-09	0.000000e+00	4.694650e-10
5.840000e+03	5.880000e+03	3.252780e-09	0.000000e+00	8.415075e-10
5.880000e+03	5.920000e+03	3.154173e-09	3.483900e-10	0.000000e+00
5.920000e+03	5.960000e+03	2.288663e-09	0.000000e+00	1.403394e-09
5.960000e+03	6.000000e+03	2.555988e-09	0.000000e+00	1.524832e-09
# END HISTO1D


# BEGIN HISTO1D //homes/tinghua1/higgs-anomalous/Herwig7/gcc11_install_test/plots/H2Jets-NLO-even-combine.yoda/MC_H2JETS_04_INC/j1j3_mass
ErrorBandColor=orange
ErrorBandOpacity=0.3
ErrorBands=1
ErrorBars=1
ErrorType=env
LineColor=orange
LineStyle=solid
Path=//homes/tinghua1/higgs-anomalous/Herwig7/gcc11_install_test/plots/H2Jets-NLO-even-combine.yoda/MC_H2JETS_04_INC/j1j3_mass
RatioPlotSameStyle=1
Title=h(2*)-FO
# xlow	 xhigh	 val	 errminus	 errplus
0.000000e+00	4.000000e+01	2.133941e-04	0.000000e+00	5.680215e-05
4.000000e+01	8.000000e+01	8.424740e-04	0.000000e+00	2.435882e-04
8.000000e+01	1.200000e+02	8.739935e-04	0.000000e+00	2.610795e-04
1.200000e+02	1.600000e+02	8.860760e-04	0.000000e+00	2.565247e-04
1.600000e+02	2.000000e+02	8.250570e-04	0.000000e+00	2.504715e-04
2.000000e+02	2.400000e+02	7.344747e-04	0.000000e+00	2.215960e-04
2.400000e+02	2.800000e+02	6.380648e-04	0.000000e+00	1.952307e-04
2.800000e+02	3.200000e+02	5.464963e-04	0.000000e+00	1.686965e-04
3.200000e+02	3.600000e+02	4.632650e-04	0.000000e+00	1.585750e-04
3.600000e+02	4.000000e+02	3.993365e-04	0.000000e+00	1.385968e-04
4.000000e+02	4.400000e+02	3.471483e-04	0.000000e+00	1.202688e-04
4.400000e+02	4.800000e+02	3.033798e-04	0.000000e+00	1.053528e-04
4.800000e+02	5.200000e+02	2.646773e-04	0.000000e+00	9.089950e-05
5.200000e+02	5.600000e+02	2.306038e-04	0.000000e+00	8.662397e-05
5.600000e+02	6.000000e+02	2.041589e-04	0.000000e+00	7.692360e-05
6.000000e+02	6.400000e+02	1.832594e-04	0.000000e+00	6.609067e-05
6.400000e+02	6.800000e+02	1.605022e-04	0.000000e+00	6.192617e-05
6.800000e+02	7.200000e+02	1.438396e-04	0.000000e+00	5.472358e-05
7.200000e+02	7.600000e+02	1.288844e-04	0.000000e+00	5.128913e-05
7.600000e+02	8.000000e+02	1.153437e-04	0.000000e+00	4.765937e-05
8.000000e+02	8.400000e+02	1.035396e-04	0.000000e+00	4.461370e-05
8.400000e+02	8.800000e+02	9.355000e-05	0.000000e+00	3.826815e-05
8.800000e+02	9.200000e+02	8.500775e-05	0.000000e+00	3.488022e-05
9.200000e+02	9.600000e+02	7.680922e-05	0.000000e+00	3.236340e-05
9.600000e+02	1.000000e+03	6.953310e-05	0.000000e+00	3.018058e-05
1.000000e+03	1.040000e+03	6.377802e-05	0.000000e+00	2.631093e-05
1.040000e+03	1.080000e+03	5.743855e-05	0.000000e+00	2.511645e-05
1.080000e+03	1.120000e+03	5.277212e-05	0.000000e+00	2.197750e-05
1.120000e+03	1.160000e+03	4.781150e-05	0.000000e+00	2.118193e-05
1.160000e+03	1.200000e+03	4.395912e-05	0.000000e+00	1.962157e-05
1.200000e+03	1.240000e+03	3.954177e-05	0.000000e+00	1.870482e-05
1.240000e+03	1.280000e+03	3.601140e-05	0.000000e+00	1.791113e-05
1.280000e+03	1.320000e+03	3.307255e-05	0.000000e+00	1.586275e-05
1.320000e+03	1.360000e+03	3.035492e-05	0.000000e+00	1.455513e-05
1.360000e+03	1.400000e+03	2.732990e-05	0.000000e+00	1.390177e-05
1.400000e+03	1.440000e+03	2.531665e-05	0.000000e+00	1.227310e-05
1.440000e+03	1.480000e+03	2.344378e-05	0.000000e+00	1.130814e-05
1.480000e+03	1.520000e+03	2.155289e-05	0.000000e+00	1.095016e-05
1.520000e+03	1.560000e+03	1.981634e-05	0.000000e+00	9.666262e-06
1.560000e+03	1.600000e+03	1.815931e-05	0.000000e+00	9.244485e-06
1.600000e+03	1.640000e+03	1.681772e-05	0.000000e+00	8.838830e-06
1.640000e+03	1.680000e+03	1.534075e-05	0.000000e+00	7.466255e-06
1.680000e+03	1.720000e+03	1.526352e-05	0.000000e+00	6.406197e-06
1.720000e+03	1.760000e+03	1.295793e-05	0.000000e+00	7.168015e-06
1.760000e+03	1.800000e+03	1.231744e-05	0.000000e+00	5.983660e-06
1.800000e+03	1.840000e+03	1.136556e-05	0.000000e+00	5.595667e-06
1.840000e+03	1.880000e+03	1.045256e-05	0.000000e+00	5.952488e-06
1.880000e+03	1.920000e+03	9.336750e-06	0.000000e+00	6.108475e-06
1.920000e+03	1.960000e+03	8.736205e-06	0.000000e+00	4.891437e-06
1.960000e+03	2.000000e+03	8.140277e-06	0.000000e+00	4.341340e-06
2.000000e+03	2.040000e+03	7.309832e-06	0.000000e+00	4.252338e-06
2.040000e+03	2.080000e+03	6.927192e-06	0.000000e+00	4.209255e-06
2.080000e+03	2.120000e+03	6.384813e-06	0.000000e+00	3.605813e-06
2.120000e+03	2.160000e+03	6.060545e-06	0.000000e+00	3.389200e-06
2.160000e+03	2.200000e+03	5.641352e-06	0.000000e+00	2.807605e-06
2.200000e+03	2.240000e+03	4.860770e-06	0.000000e+00	2.859980e-06
2.240000e+03	2.280000e+03	4.459485e-06	0.000000e+00	2.788935e-06
2.280000e+03	2.320000e+03	4.383317e-06	0.000000e+00	2.457925e-06
2.320000e+03	2.360000e+03	4.028050e-06	0.000000e+00	2.624855e-06
2.360000e+03	2.400000e+03	3.686012e-06	0.000000e+00	2.341683e-06
2.400000e+03	2.440000e+03	3.485500e-06	0.000000e+00	1.920562e-06
2.440000e+03	2.480000e+03	3.031027e-06	0.000000e+00	1.917895e-06
2.480000e+03	2.520000e+03	3.024007e-06	0.000000e+00	1.715640e-06
2.520000e+03	2.560000e+03	2.580012e-06	0.000000e+00	1.766253e-06
2.560000e+03	2.600000e+03	2.545372e-06	0.000000e+00	1.439577e-06
2.600000e+03	2.640000e+03	2.311395e-06	0.000000e+00	1.398770e-06
2.640000e+03	2.680000e+03	2.158168e-06	0.000000e+00	1.407429e-06
2.680000e+03	2.720000e+03	1.864306e-06	0.000000e+00	1.318476e-06
2.720000e+03	2.760000e+03	1.809184e-06	0.000000e+00	1.151766e-06
2.760000e+03	2.800000e+03	1.709851e-06	0.000000e+00	1.035416e-06
2.800000e+03	2.840000e+03	1.711736e-06	0.000000e+00	9.386565e-07
2.840000e+03	2.880000e+03	1.552952e-06	0.000000e+00	8.469305e-07
2.880000e+03	2.920000e+03	1.303802e-06	0.000000e+00	9.119562e-07
2.920000e+03	2.960000e+03	1.202168e-06	0.000000e+00	8.111057e-07
2.960000e+03	3.000000e+03	1.150491e-06	0.000000e+00	8.054020e-07
3.000000e+03	3.040000e+03	1.084829e-06	0.000000e+00	7.282495e-07
3.040000e+03	3.080000e+03	9.663102e-07	0.000000e+00	6.413123e-07
3.080000e+03	3.120000e+03	9.306970e-07	0.000000e+00	6.362435e-07
3.120000e+03	3.160000e+03	8.452283e-07	0.000000e+00	5.801932e-07
3.160000e+03	3.200000e+03	7.208690e-07	0.000000e+00	1.092012e-06
3.200000e+03	3.240000e+03	7.450468e-07	0.000000e+00	4.474615e-07
3.240000e+03	3.280000e+03	6.409875e-07	0.000000e+00	5.685647e-07
3.280000e+03	3.320000e+03	6.090795e-07	0.000000e+00	4.655102e-07
3.320000e+03	3.360000e+03	5.946153e-07	0.000000e+00	3.716595e-07
3.360000e+03	3.400000e+03	5.284113e-07	0.000000e+00	3.350468e-07
3.400000e+03	3.440000e+03	4.871960e-07	0.000000e+00	3.775043e-07
3.440000e+03	3.480000e+03	4.431645e-07	0.000000e+00	4.183675e-07
3.480000e+03	3.520000e+03	4.678050e-07	0.000000e+00	2.279547e-07
3.520000e+03	3.560000e+03	3.787250e-07	0.000000e+00	3.158830e-07
3.560000e+03	3.600000e+03	3.605915e-07	0.000000e+00	2.505000e-07
3.600000e+03	3.640000e+03	3.729370e-07	0.000000e+00	1.827613e-07
3.640000e+03	3.680000e+03	3.173250e-07	0.000000e+00	2.039528e-07
3.680000e+03	3.720000e+03	3.052740e-07	0.000000e+00	1.881372e-07
3.720000e+03	3.760000e+03	2.875072e-07	0.000000e+00	1.496948e-07
3.760000e+03	3.800000e+03	2.493009e-07	0.000000e+00	1.933634e-07
3.800000e+03	3.840000e+03	2.046194e-07	0.000000e+00	1.641151e-07
3.840000e+03	3.880000e+03	1.960108e-07	0.000000e+00	2.080412e-07
3.880000e+03	3.920000e+03	2.063262e-07	0.000000e+00	1.244581e-07
3.920000e+03	3.960000e+03	1.905069e-07	0.000000e+00	1.483681e-07
3.960000e+03	4.000000e+03	1.759283e-07	0.000000e+00	9.286450e-08
4.000000e+03	4.040000e+03	1.448785e-07	0.000000e+00	1.033431e-07
4.040000e+03	4.080000e+03	1.346679e-07	0.000000e+00	1.077602e-07
4.080000e+03	4.120000e+03	1.295214e-07	0.000000e+00	9.507702e-08
4.120000e+03	4.160000e+03	1.001411e-07	0.000000e+00	1.170413e-07
4.160000e+03	4.200000e+03	1.092501e-07	0.000000e+00	5.733975e-08
4.200000e+03	4.240000e+03	1.027052e-07	0.000000e+00	7.766155e-08
4.240000e+03	4.280000e+03	9.406380e-08	0.000000e+00	8.752132e-08
4.280000e+03	4.320000e+03	1.111299e-07	2.499075e-09	6.582253e-08
4.320000e+03	4.360000e+03	8.025115e-08	0.000000e+00	5.777587e-08
4.360000e+03	4.400000e+03	6.295135e-08	0.000000e+00	6.129895e-08
4.400000e+03	4.440000e+03	5.914278e-08	0.000000e+00	5.472765e-08
4.440000e+03	4.480000e+03	5.531990e-08	0.000000e+00	3.388900e-08
4.480000e+03	4.520000e+03	5.676210e-08	0.000000e+00	4.448237e-08
4.520000e+03	4.560000e+03	6.995675e-08	0.000000e+00	2.165503e-08
4.560000e+03	4.600000e+03	4.993090e-08	0.000000e+00	4.831708e-08
4.600000e+03	4.640000e+03	4.787630e-08	0.000000e+00	2.182402e-08
4.640000e+03	4.680000e+03	4.061733e-08	0.000000e+00	3.392830e-08
4.680000e+03	4.720000e+03	3.493243e-08	0.000000e+00	3.359750e-08
4.720000e+03	4.760000e+03	3.888948e-08	0.000000e+00	2.086845e-08
4.760000e+03	4.800000e+03	3.448072e-08	0.000000e+00	2.319125e-08
4.800000e+03	4.840000e+03	2.434365e-08	0.000000e+00	3.214925e-08
4.840000e+03	4.880000e+03	3.385188e-08	0.000000e+00	1.661605e-08
4.880000e+03	4.920000e+03	2.207183e-08	0.000000e+00	2.309239e-08
4.920000e+03	4.960000e+03	2.094594e-08	0.000000e+00	2.213396e-08
4.960000e+03	5.000000e+03	2.289531e-08	0.000000e+00	1.223444e-08
5.000000e+03	5.040000e+03	2.135709e-08	0.000000e+00	1.261834e-08
5.040000e+03	5.080000e+03	1.716399e-08	0.000000e+00	1.578023e-08
5.080000e+03	5.120000e+03	1.414869e-08	0.000000e+00	2.099186e-08
5.120000e+03	5.160000e+03	1.204424e-08	0.000000e+00	1.649924e-08
5.160000e+03	5.200000e+03	1.330619e-08	0.000000e+00	1.325731e-08
5.200000e+03	5.240000e+03	1.171907e-08	0.000000e+00	6.996813e-09
5.240000e+03	5.280000e+03	9.920595e-09	0.000000e+00	8.480203e-09
5.280000e+03	5.320000e+03	1.252435e-08	0.000000e+00	3.141438e-09
5.320000e+03	5.360000e+03	1.084782e-08	0.000000e+00	5.872037e-09
5.360000e+03	5.400000e+03	7.881690e-09	0.000000e+00	8.114100e-09
5.400000e+03	5.440000e+03	7.009040e-09	0.000000e+00	8.285737e-09
5.440000e+03	5.480000e+03	1.034282e-08	0.000000e+00	3.704127e-09
5.480000e+03	5.520000e+03	7.281643e-09	0.000000e+00	5.513370e-09
5.520000e+03	5.560000e+03	5.354978e-09	0.000000e+00	6.433320e-09
5.560000e+03	5.600000e+03	4.522118e-09	0.000000e+00	4.880218e-09
5.600000e+03	5.640000e+03	4.814030e-09	0.000000e+00	4.719772e-09
5.640000e+03	5.680000e+03	4.882068e-09	0.000000e+00	4.340665e-09
5.680000e+03	5.720000e+03	5.690320e-09	0.000000e+00	1.780920e-09
5.720000e+03	5.760000e+03	2.845800e-09	0.000000e+00	4.931767e-09
5.760000e+03	5.800000e+03	4.055928e-09	0.000000e+00	5.307755e-09
5.800000e+03	5.840000e+03	2.612398e-09	0.000000e+00	2.941242e-09
5.840000e+03	5.880000e+03	2.432152e-09	0.000000e+00	4.638595e-09
5.880000e+03	5.920000e+03	1.935606e-09	0.000000e+00	3.845624e-09
5.920000e+03	5.960000e+03	1.686039e-09	0.000000e+00	3.211632e-09
5.960000e+03	6.000000e+03	2.501190e-09	0.000000e+00	1.474380e-09
# END HISTO1D

