# BEGIN PLOT
LegendOnly=//homes/tinghua1/higgs-anomalous/Herwig7/gcc11_install_test/plots/H-N2-N3-4-25gev-even-combine.yoda/MC_H2JETS_04_INC/j2j3_mass_fine //homes/tinghua1/higgs-anomalous/Herwig7/gcc11_install_test/plots/H2Jets-NLOPS-even-combine.yoda/MC_H2JETS_04_INC/j2j3_mass_fine //homes/tinghua1/higgs-anomalous/Herwig7/gcc11_install_test/plots/H2Jets-NLO-even-combine.yoda/MC_H2JETS_04_INC/j2j3_mass_fine
DrawOnly=//homes/tinghua1/higgs-anomalous/Herwig7/gcc11_install_test/plots/H-N2-N3-4-25gev-even-combine.yoda/MC_H2JETS_04_INC/j2j3_mass_fine //homes/tinghua1/higgs-anomalous/Herwig7/gcc11_install_test/plots/H2Jets-NLOPS-even-combine.yoda/MC_H2JETS_04_INC/j2j3_mass_fine //homes/tinghua1/higgs-anomalous/Herwig7/gcc11_install_test/plots/H2Jets-NLO-even-combine.yoda/MC_H2JETS_04_INC/j2j3_mass_fine
RightMargin=0.5
RatioPlotReference=//homes/tinghua1/higgs-anomalous/Herwig7/gcc11_install_test/plots/H-N2-N3-4-25gev-even-combine.yoda/MC_H2JETS_04_INC/j2j3_mass_fine
RatioPlot=1
LogY=1
RatioPlotYMax=1.6
RatioPlotYLabel=Ratio
XLabel=$m_{j_2j_3}$ (GeV)
LegendAlign=r
XMax=200
YLabel=$ \text{d} \sigma/ \text{d}  m_{j_2j_3}$ (pb/GeV)
Legend=1
RatioPlotYMin=0.0
# END PLOT


# BEGIN SPECIAL /MC_H2JETS_04_INC/j2j3_mass_fine
\rput[tl](0.05,0.75){\parbox{5cm}{\textcolor{gray}{{\bf Herwig 7.2.3} \\ VBFNLO 3.0.0}}}
# END SPECIAL

# BEGIN HISTO1D //homes/tinghua1/higgs-anomalous/Herwig7/gcc11_install_test/plots/H-N2-N3-4-25gev-even-combine.yoda/MC_H2JETS_04_INC/j2j3_mass_fine
ErrorBandColor=red
ErrorBandOpacity=0.3
ErrorBands=1
ErrorBars=1
ErrorType=env
LineColor=red
LineStyle=solid
Path=//homes/tinghua1/higgs-anomalous/Herwig7/gcc11_install_test/plots/H-N2-N3-4-25gev-even-combine.yoda/MC_H2JETS_04_INC/j2j3_mass_fine
RatioPlotSameStyle=1
Title=h(2*,3*,4)
# xlow	 xhigh	 val	 errminus	 errplus
0.000000e+00	4.000000e+00	0.000000e+00	0.000000e+00	0.000000e+00
4.000000e+00	8.000000e+00	0.000000e+00	0.000000e+00	0.000000e+00
8.000000e+00	1.200000e+01	2.843080e-06	1.993825e-07	9.153750e-07
1.200000e+01	1.600000e+01	9.433155e-05	0.000000e+00	1.350367e-05
1.600000e+01	2.000000e+01	3.286780e-04	0.000000e+00	3.370300e-05
2.000000e+01	2.400000e+01	5.853733e-04	0.000000e+00	6.764525e-05
2.400000e+01	2.800000e+01	8.409847e-04	2.786000e-05	6.717800e-05
2.800000e+01	3.200000e+01	1.004965e-03	2.033225e-05	1.222005e-04
3.200000e+01	3.600000e+01	1.131984e-03	9.712225e-05	1.340433e-04
3.600000e+01	4.000000e+01	1.177043e-03	3.576825e-05	1.287873e-04
4.000000e+01	4.400000e+01	1.236430e-03	8.206450e-05	1.023192e-04
4.400000e+01	4.800000e+01	1.338089e-03	1.301890e-04	1.224100e-05
4.800000e+01	5.200000e+01	1.402733e-03	1.038823e-04	1.681810e-04
5.200000e+01	5.600000e+01	1.396913e-03	7.632875e-05	8.918850e-05
5.600000e+01	6.000000e+01	1.489651e-03	8.370575e-05	2.981650e-05
6.000000e+01	6.400000e+01	1.538512e-03	9.073775e-05	4.339675e-05
6.400000e+01	6.800000e+01	1.535726e-03	5.383225e-05	2.519975e-05
6.800000e+01	7.200000e+01	1.509844e-03	3.981650e-05	4.948800e-05
7.200000e+01	7.600000e+01	1.532153e-03	5.095450e-05	4.126550e-05
7.600000e+01	8.000000e+01	1.504847e-03	4.377125e-05	7.817000e-06
8.000000e+01	8.400000e+01	1.473123e-03	0.000000e+00	5.369100e-05
8.400000e+01	8.800000e+01	1.418585e-03	0.000000e+00	6.763375e-05
8.800000e+01	9.200000e+01	1.410077e-03	0.000000e+00	1.250975e-05
9.200000e+01	9.600000e+01	1.392102e-03	3.548175e-05	0.000000e+00
9.600000e+01	1.000000e+02	1.420827e-03	1.291835e-04	0.000000e+00
1.000000e+02	1.040000e+02	1.265252e-03	0.000000e+00	5.581300e-05
1.040000e+02	1.080000e+02	1.343272e-03	8.634450e-05	0.000000e+00
1.080000e+02	1.120000e+02	1.269086e-03	5.660450e-05	0.000000e+00
1.120000e+02	1.160000e+02	1.232449e-03	7.041200e-05	2.337900e-05
1.160000e+02	1.200000e+02	1.193035e-03	0.000000e+00	1.583175e-05
1.200000e+02	1.240000e+02	1.167803e-03	5.976300e-05	2.804625e-05
1.240000e+02	1.280000e+02	1.083531e-03	0.000000e+00	4.858750e-05
1.280000e+02	1.320000e+02	1.120890e-03	2.178250e-04	0.000000e+00
1.320000e+02	1.360000e+02	1.014417e-03	0.000000e+00	7.237450e-05
1.360000e+02	1.400000e+02	1.054007e-03	4.732350e-05	0.000000e+00
1.400000e+02	1.440000e+02	1.005520e-03	2.847550e-05	5.205850e-05
1.440000e+02	1.480000e+02	1.006404e-03	0.000000e+00	1.756125e-05
1.480000e+02	1.520000e+02	9.522827e-04	5.079000e-06	4.933500e-05
1.520000e+02	1.560000e+02	9.711122e-04	6.025625e-05	1.511525e-05
1.560000e+02	1.600000e+02	8.914152e-04	0.000000e+00	3.277925e-05
1.600000e+02	1.640000e+02	9.063572e-04	4.039475e-05	3.994350e-05
1.640000e+02	1.680000e+02	9.103743e-04	2.567170e-04	2.626900e-05
1.680000e+02	1.720000e+02	8.213990e-04	0.000000e+00	2.202850e-05
1.720000e+02	1.760000e+02	8.409880e-04	3.182275e-05	1.491850e-05
1.760000e+02	1.800000e+02	7.803588e-04	8.207268e-04	0.000000e+00
1.800000e+02	1.840000e+02	7.551008e-04	0.000000e+00	4.124825e-05
1.840000e+02	1.880000e+02	7.668513e-04	1.723500e-05	0.000000e+00
1.880000e+02	1.920000e+02	8.013650e-04	1.023140e-04	0.000000e+00
1.920000e+02	1.960000e+02	7.235780e-04	1.037733e-04	1.126950e-05
1.960000e+02	2.000000e+02	6.470885e-04	0.000000e+00	6.816800e-05
# END HISTO1D


# BEGIN HISTO1D //homes/tinghua1/higgs-anomalous/Herwig7/gcc11_install_test/plots/H2Jets-NLOPS-even-combine.yoda/MC_H2JETS_04_INC/j2j3_mass_fine
ErrorBandColor=green
ErrorBandOpacity=0.3
ErrorBands=1
ErrorBars=1
ErrorType=env
LineColor=green
LineStyle=solid
Path=//homes/tinghua1/higgs-anomalous/Herwig7/gcc11_install_test/plots/H2Jets-NLOPS-even-combine.yoda/MC_H2JETS_04_INC/j2j3_mass_fine
RatioPlotSameStyle=1
Title=h(2*) $\oplus$ PS
# xlow	 xhigh	 val	 errminus	 errplus
0.000000e+00	4.000000e+00	0.000000e+00	0.000000e+00	0.000000e+00
4.000000e+00	8.000000e+00	0.000000e+00	0.000000e+00	0.000000e+00
8.000000e+00	1.200000e+01	4.154162e-06	1.055285e-06	0.000000e+00
1.200000e+01	1.600000e+01	1.168626e-04	1.592758e-05	0.000000e+00
1.600000e+01	2.000000e+01	3.843945e-04	2.698925e-05	8.172500e-07
2.000000e+01	2.400000e+01	6.806152e-04	1.928825e-05	2.575800e-05
2.400000e+01	2.800000e+01	9.231118e-04	0.000000e+00	5.854250e-05
2.800000e+01	3.200000e+01	1.091220e-03	0.000000e+00	9.127150e-05
3.200000e+01	3.600000e+01	1.199844e-03	0.000000e+00	1.117138e-04
3.600000e+01	4.000000e+01	1.251697e-03	0.000000e+00	1.387758e-04
4.000000e+01	4.400000e+01	1.272366e-03	0.000000e+00	1.470418e-04
4.400000e+01	4.800000e+01	1.275661e-03	0.000000e+00	1.551185e-04
4.800000e+01	5.200000e+01	1.265000e-03	0.000000e+00	1.547425e-04
5.200000e+01	5.600000e+01	1.251526e-03	0.000000e+00	1.542557e-04
5.600000e+01	6.000000e+01	1.229606e-03	0.000000e+00	1.559055e-04
6.000000e+01	6.400000e+01	1.211157e-03	0.000000e+00	1.552945e-04
6.400000e+01	6.800000e+01	1.186062e-03	0.000000e+00	1.513327e-04
6.800000e+01	7.200000e+01	1.157754e-03	0.000000e+00	1.488100e-04
7.200000e+01	7.600000e+01	1.135227e-03	0.000000e+00	1.437162e-04
7.600000e+01	8.000000e+01	1.111667e-03	0.000000e+00	1.369067e-04
8.000000e+01	8.400000e+01	1.088299e-03	0.000000e+00	1.275503e-04
8.400000e+01	8.800000e+01	1.061592e-03	0.000000e+00	1.276600e-04
8.800000e+01	9.200000e+01	1.039627e-03	0.000000e+00	1.204608e-04
9.200000e+01	9.600000e+01	1.012902e-03	0.000000e+00	1.157017e-04
9.600000e+01	1.000000e+02	9.861080e-04	0.000000e+00	1.163460e-04
1.000000e+02	1.040000e+02	9.623470e-04	0.000000e+00	1.118572e-04
1.040000e+02	1.080000e+02	9.423955e-04	0.000000e+00	1.036110e-04
1.080000e+02	1.120000e+02	9.194548e-04	0.000000e+00	1.030070e-04
1.120000e+02	1.160000e+02	8.928157e-04	0.000000e+00	1.078188e-04
1.160000e+02	1.200000e+02	8.751623e-04	0.000000e+00	9.202300e-05
1.200000e+02	1.240000e+02	8.507927e-04	0.000000e+00	9.505150e-05
1.240000e+02	1.280000e+02	8.282940e-04	0.000000e+00	9.198550e-05
1.280000e+02	1.320000e+02	8.143552e-04	0.000000e+00	8.691850e-05
1.320000e+02	1.360000e+02	7.901995e-04	0.000000e+00	8.812200e-05
1.360000e+02	1.400000e+02	7.737505e-04	0.000000e+00	8.687400e-05
1.400000e+02	1.440000e+02	7.551230e-04	0.000000e+00	8.256225e-05
1.440000e+02	1.480000e+02	7.344780e-04	0.000000e+00	8.227525e-05
1.480000e+02	1.520000e+02	7.215013e-04	0.000000e+00	7.547325e-05
1.520000e+02	1.560000e+02	7.001363e-04	0.000000e+00	7.832900e-05
1.560000e+02	1.600000e+02	6.854840e-04	0.000000e+00	7.482375e-05
1.600000e+02	1.640000e+02	6.697080e-04	0.000000e+00	7.163175e-05
1.640000e+02	1.680000e+02	6.532718e-04	0.000000e+00	7.044950e-05
1.680000e+02	1.720000e+02	6.382510e-04	0.000000e+00	7.146525e-05
1.720000e+02	1.760000e+02	6.264325e-04	0.000000e+00	6.610300e-05
1.760000e+02	1.800000e+02	6.100527e-04	0.000000e+00	6.737125e-05
1.800000e+02	1.840000e+02	5.970377e-04	0.000000e+00	6.635025e-05
1.840000e+02	1.880000e+02	5.827130e-04	0.000000e+00	6.373925e-05
1.880000e+02	1.920000e+02	5.680250e-04	0.000000e+00	6.489525e-05
1.920000e+02	1.960000e+02	5.576145e-04	0.000000e+00	6.396025e-05
1.960000e+02	2.000000e+02	5.455190e-04	0.000000e+00	6.529000e-05
# END HISTO1D


# BEGIN HISTO1D //homes/tinghua1/higgs-anomalous/Herwig7/gcc11_install_test/plots/H2Jets-NLO-even-combine.yoda/MC_H2JETS_04_INC/j2j3_mass_fine
ErrorBandColor=orange
ErrorBandOpacity=0.3
ErrorBands=1
ErrorBars=1
ErrorType=env
LineColor=orange
LineStyle=solid
Path=//homes/tinghua1/higgs-anomalous/Herwig7/gcc11_install_test/plots/H2Jets-NLO-even-combine.yoda/MC_H2JETS_04_INC/j2j3_mass_fine
RatioPlotSameStyle=1
Title=h(2*)-FO
# xlow	 xhigh	 val	 errminus	 errplus
0.000000e+00	4.000000e+00	0.000000e+00	0.000000e+00	0.000000e+00
4.000000e+00	8.000000e+00	0.000000e+00	0.000000e+00	0.000000e+00
8.000000e+00	1.200000e+01	1.121148e-05	0.000000e+00	1.725988e-06
1.200000e+01	1.600000e+01	2.026156e-04	0.000000e+00	5.425665e-05
1.600000e+01	2.000000e+01	5.695635e-04	0.000000e+00	1.501398e-04
2.000000e+01	2.400000e+01	9.085478e-04	0.000000e+00	2.616095e-04
2.400000e+01	2.800000e+01	1.159111e-03	0.000000e+00	3.521010e-04
2.800000e+01	3.200000e+01	1.315263e-03	0.000000e+00	3.844227e-04
3.200000e+01	3.600000e+01	1.414361e-03	0.000000e+00	4.232377e-04
3.600000e+01	4.000000e+01	1.448574e-03	0.000000e+00	4.050005e-04
4.000000e+01	4.400000e+01	1.463000e-03	0.000000e+00	4.363730e-04
4.400000e+01	4.800000e+01	1.445425e-03	0.000000e+00	4.579095e-04
4.800000e+01	5.200000e+01	1.448319e-03	0.000000e+00	4.277540e-04
5.200000e+01	5.600000e+01	1.436802e-03	0.000000e+00	4.525692e-04
5.600000e+01	6.000000e+01	1.398704e-03	0.000000e+00	4.378462e-04
6.000000e+01	6.400000e+01	1.405791e-03	0.000000e+00	4.314812e-04
6.400000e+01	6.800000e+01	1.374878e-03	0.000000e+00	4.620872e-04
6.800000e+01	7.200000e+01	1.391335e-03	0.000000e+00	3.885655e-04
7.200000e+01	7.600000e+01	1.356140e-03	0.000000e+00	3.753345e-04
7.600000e+01	8.000000e+01	1.328120e-03	0.000000e+00	4.094178e-04
8.000000e+01	8.400000e+01	1.301783e-03	0.000000e+00	4.042393e-04
8.400000e+01	8.800000e+01	1.308937e-03	0.000000e+00	3.639628e-04
8.800000e+01	9.200000e+01	1.275302e-03	0.000000e+00	3.746043e-04
9.200000e+01	9.600000e+01	1.257860e-03	0.000000e+00	3.703610e-04
9.600000e+01	1.000000e+02	1.234913e-03	0.000000e+00	3.891545e-04
1.000000e+02	1.040000e+02	1.218529e-03	0.000000e+00	3.645017e-04
1.040000e+02	1.080000e+02	1.201160e-03	0.000000e+00	3.669045e-04
1.080000e+02	1.120000e+02	1.167034e-03	0.000000e+00	3.809385e-04
1.120000e+02	1.160000e+02	1.157491e-03	0.000000e+00	3.312473e-04
1.160000e+02	1.200000e+02	1.130291e-03	0.000000e+00	3.364277e-04
1.200000e+02	1.240000e+02	1.093997e-03	0.000000e+00	3.445285e-04
1.240000e+02	1.280000e+02	1.092857e-03	0.000000e+00	3.120610e-04
1.280000e+02	1.320000e+02	1.063212e-03	0.000000e+00	3.098083e-04
1.320000e+02	1.360000e+02	1.028340e-03	0.000000e+00	3.301943e-04
1.360000e+02	1.400000e+02	1.046178e-03	0.000000e+00	2.827192e-04
1.400000e+02	1.440000e+02	9.807705e-04	0.000000e+00	3.035438e-04
1.440000e+02	1.480000e+02	9.745230e-04	0.000000e+00	3.005265e-04
1.480000e+02	1.520000e+02	9.538470e-04	0.000000e+00	2.723863e-04
1.520000e+02	1.560000e+02	9.086925e-04	0.000000e+00	3.162205e-04
1.560000e+02	1.600000e+02	9.117072e-04	0.000000e+00	2.646977e-04
1.600000e+02	1.640000e+02	8.789005e-04	0.000000e+00	2.712065e-04
1.640000e+02	1.680000e+02	8.610898e-04	0.000000e+00	2.676017e-04
1.680000e+02	1.720000e+02	8.432577e-04	0.000000e+00	2.563283e-04
1.720000e+02	1.760000e+02	8.247343e-04	0.000000e+00	2.471942e-04
1.760000e+02	1.800000e+02	8.056012e-04	0.000000e+00	2.287155e-04
1.800000e+02	1.840000e+02	7.771628e-04	0.000000e+00	2.539787e-04
1.840000e+02	1.880000e+02	7.656998e-04	0.000000e+00	2.405220e-04
1.880000e+02	1.920000e+02	7.487547e-04	0.000000e+00	2.275593e-04
1.920000e+02	1.960000e+02	7.232688e-04	0.000000e+00	2.395402e-04
1.960000e+02	2.000000e+02	7.190920e-04	0.000000e+00	2.284355e-04
# END HISTO1D

