# BEGIN PLOT
LegendOnly=//homes/tinghua1/higgs-anomalous/Herwig7/gcc11_install_test/plots/H-N2-N3-4-25gev-even-combine.yoda/MC_H2JETS_04_INC/jet4_y_star //homes/tinghua1/higgs-anomalous/Herwig7/gcc11_install_test/plots/H2Jets-NLOPS-even-combine.yoda/MC_H2JETS_04_INC/jet4_y_star //homes/tinghua1/higgs-anomalous/Herwig7/gcc11_install_test/plots/H2Jets-NLO-even-combine.yoda/MC_H2JETS_04_INC/jet4_y_star
DrawOnly=//homes/tinghua1/higgs-anomalous/Herwig7/gcc11_install_test/plots/H-N2-N3-4-25gev-even-combine.yoda/MC_H2JETS_04_INC/jet4_y_star //homes/tinghua1/higgs-anomalous/Herwig7/gcc11_install_test/plots/H2Jets-NLOPS-even-combine.yoda/MC_H2JETS_04_INC/jet4_y_star //homes/tinghua1/higgs-anomalous/Herwig7/gcc11_install_test/plots/H2Jets-NLO-even-combine.yoda/MC_H2JETS_04_INC/jet4_y_star
RightMargin=0.5
RatioPlotReference=//homes/tinghua1/higgs-anomalous/Herwig7/gcc11_install_test/plots/H-N2-N3-4-25gev-even-combine.yoda/MC_H2JETS_04_INC/jet4_y_star
RatioPlot=1
LogY=1
RatioPlotYMax=1.6
RatioPlotYLabel=Ratio
XLabel=$z_{j_4}^{\star}$ 
LegendAlign=r
YLabel=$ \text{d} \sigma/ \text{d}  z_{j_4}^{\star}$ (pb)
Legend=1
RatioPlotYMin=0.2
# END PLOT


# BEGIN SPECIAL /MC_H2JETS_04_INC/jet4_y_star
\rput[tl](0.05,0.75){\parbox{5cm}{\textcolor{gray}{{\bf Herwig 7.2.3} \\ VBFNLO 3.0.0}}}
# END SPECIAL

# BEGIN HISTO1D //homes/tinghua1/higgs-anomalous/Herwig7/gcc11_install_test/plots/H-N2-N3-4-25gev-even-combine.yoda/MC_H2JETS_04_INC/jet4_y_star
ErrorBandColor=red
ErrorBandOpacity=0.3
ErrorBands=1
ErrorBars=1
ErrorType=env
LineColor=red
LineStyle=solid
Path=//homes/tinghua1/higgs-anomalous/Herwig7/gcc11_install_test/plots/H-N2-N3-4-25gev-even-combine.yoda/MC_H2JETS_04_INC/jet4_y_star
RatioPlotSameStyle=1
Title=h(2*,3*,4)
# xlow	 xhigh	 val	 errminus	 errplus
-5.000000e+00	-4.800000e+00	1.830849e-03	0.000000e+00	5.182520e-04
-4.800000e+00	-4.600000e+00	2.770655e-03	2.930810e-04	1.354385e-04
-4.600000e+00	-4.400000e+00	3.368671e-03	1.363935e-04	4.244120e-04
-4.400000e+00	-4.200000e+00	4.272505e-03	2.628060e-04	1.568235e-04
-4.200000e+00	-4.000000e+00	5.280175e-03	4.790380e-04	2.919700e-04
-4.000000e+00	-3.800000e+00	6.119505e-03	5.588650e-04	1.066605e-03
-3.800000e+00	-3.600000e+00	6.976600e-03	0.000000e+00	1.502500e-03
-3.600000e+00	-3.400000e+00	9.215620e-03	9.939850e-04	4.210650e-04
-3.400000e+00	-3.200000e+00	1.005320e-02	1.069850e-04	2.291110e-03
-3.200000e+00	-3.000000e+00	1.234856e-02	5.173750e-04	1.440320e-03
-3.000000e+00	-2.800000e+00	1.531383e-02	1.047085e-03	0.000000e+00
-2.800000e+00	-2.600000e+00	1.588423e-02	4.269750e-04	3.605225e-03
-2.600000e+00	-2.400000e+00	1.799555e-02	1.394475e-03	1.997590e-03
-2.400000e+00	-2.200000e+00	2.050182e-02	1.325090e-03	1.800705e-03
-2.200000e+00	-2.000000e+00	2.182896e-02	5.707500e-04	1.376460e-03
-2.000000e+00	-1.800000e+00	2.433439e-02	1.951695e-03	1.539030e-03
-1.800000e+00	-1.600000e+00	2.444535e-02	2.378200e-04	2.461370e-03
-1.600000e+00	-1.400000e+00	2.574417e-02	2.383660e-03	1.847080e-03
-1.400000e+00	-1.200000e+00	2.530086e-02	1.053670e-03	1.409875e-03
-1.200000e+00	-1.000000e+00	2.601631e-02	1.162340e-03	5.525650e-04
-1.000000e+00	-8.000000e-01	2.571722e-02	1.333510e-03	4.174600e-04
-8.000000e-01	-6.000000e-01	2.460688e-02	2.635600e-04	1.008110e-03
-6.000000e-01	-4.000000e-01	2.556446e-02	3.785725e-03	3.602700e-04
-4.000000e-01	-2.000000e-01	2.419809e-02	9.860250e-04	0.000000e+00
-2.000000e-01	0.000000e+00	2.328722e-02	7.293500e-04	2.129060e-03
0.000000e+00	2.000000e-01	2.306313e-02	1.683535e-03	7.099000e-05
2.000000e-01	4.000000e-01	2.461984e-02	3.262710e-03	8.243500e-04
4.000000e-01	6.000000e-01	2.261879e-02	0.000000e+00	3.131275e-03
6.000000e-01	8.000000e-01	2.245762e-02	1.322400e-04	4.466265e-03
8.000000e-01	1.000000e+00	2.376628e-02	0.000000e+00	3.149280e-03
1.000000e+00	1.200000e+00	2.418246e-02	3.163850e-04	1.090895e-03
1.200000e+00	1.400000e+00	2.443992e-02	1.055525e-03	2.547485e-03
1.400000e+00	1.600000e+00	2.472201e-02	1.517465e-03	7.156750e-04
1.600000e+00	1.800000e+00	2.428302e-02	3.976230e-03	0.000000e+00
1.800000e+00	2.000000e+00	2.347940e-02	2.689345e-03	9.706100e-04
2.000000e+00	2.200000e+00	2.113709e-02	2.336045e-03	0.000000e+00
2.200000e+00	2.400000e+00	1.983145e-02	1.183950e-03	1.755010e-03
2.400000e+00	2.600000e+00	1.826981e-02	9.637300e-04	0.000000e+00
2.600000e+00	2.800000e+00	1.533523e-02	1.380330e-03	7.631650e-04
2.800000e+00	3.000000e+00	1.394810e-02	1.758105e-03	1.298105e-03
3.000000e+00	3.200000e+00	1.252045e-02	2.698250e-03	7.706700e-04
3.200000e+00	3.400000e+00	1.016415e-02	5.464200e-04	9.043900e-04
3.400000e+00	3.600000e+00	8.997820e-03	8.399700e-04	3.955300e-04
3.600000e+00	3.800000e+00	7.971650e-03	7.229000e-04	1.069550e-04
3.800000e+00	4.000000e+00	6.598470e-03	3.436500e-04	7.488900e-04
4.000000e+00	4.200000e+00	5.749735e-03	7.781135e-04	6.876150e-04
4.200000e+00	4.400000e+00	4.733169e-03	7.013490e-04	3.148555e-04
4.400000e+00	4.600000e+00	3.651038e-03	2.319980e-04	9.800625e-04
4.600000e+00	4.800000e+00	3.025545e-03	5.177725e-04	1.003889e-03
4.800000e+00	5.000000e+00	2.387030e-03	2.247660e-04	3.226785e-04
# END HISTO1D


# BEGIN HISTO1D //homes/tinghua1/higgs-anomalous/Herwig7/gcc11_install_test/plots/H2Jets-NLOPS-even-combine.yoda/MC_H2JETS_04_INC/jet4_y_star
ErrorBandColor=green
ErrorBandOpacity=0.3
ErrorBands=1
ErrorBars=1
ErrorType=env
LineColor=green
LineStyle=solid
Path=//homes/tinghua1/higgs-anomalous/Herwig7/gcc11_install_test/plots/H2Jets-NLOPS-even-combine.yoda/MC_H2JETS_04_INC/jet4_y_star
RatioPlotSameStyle=1
Title=h(2*) $\oplus$ PS
# xlow	 xhigh	 val	 errminus	 errplus
-5.000000e+00	-4.800000e+00	9.861890e-04	0.000000e+00	4.262495e-04
-4.800000e+00	-4.600000e+00	1.296145e-03	0.000000e+00	5.520635e-04
-4.600000e+00	-4.400000e+00	1.660711e-03	0.000000e+00	6.811730e-04
-4.400000e+00	-4.200000e+00	2.116792e-03	0.000000e+00	8.397915e-04
-4.200000e+00	-4.000000e+00	2.672119e-03	0.000000e+00	1.010908e-03
-4.000000e+00	-3.800000e+00	3.306752e-03	0.000000e+00	1.298480e-03
-3.800000e+00	-3.600000e+00	4.050356e-03	0.000000e+00	1.421934e-03
-3.600000e+00	-3.400000e+00	4.877869e-03	0.000000e+00	1.712491e-03
-3.400000e+00	-3.200000e+00	5.864010e-03	0.000000e+00	2.049220e-03
-3.200000e+00	-3.000000e+00	6.985975e-03	0.000000e+00	2.366750e-03
-3.000000e+00	-2.800000e+00	8.151870e-03	0.000000e+00	2.785800e-03
-2.800000e+00	-2.600000e+00	9.481585e-03	0.000000e+00	3.128760e-03
-2.600000e+00	-2.400000e+00	1.080802e-02	0.000000e+00	3.565300e-03
-2.400000e+00	-2.200000e+00	1.217910e-02	0.000000e+00	3.940890e-03
-2.200000e+00	-2.000000e+00	1.341100e-02	0.000000e+00	4.367400e-03
-2.000000e+00	-1.800000e+00	1.454022e-02	0.000000e+00	4.630365e-03
-1.800000e+00	-1.600000e+00	1.546143e-02	0.000000e+00	4.865070e-03
-1.600000e+00	-1.400000e+00	1.603291e-02	0.000000e+00	4.908650e-03
-1.400000e+00	-1.200000e+00	1.635106e-02	0.000000e+00	4.964370e-03
-1.200000e+00	-1.000000e+00	1.639443e-02	0.000000e+00	4.931120e-03
-1.000000e+00	-8.000000e-01	1.630980e-02	0.000000e+00	4.783620e-03
-8.000000e-01	-6.000000e-01	1.605861e-02	0.000000e+00	4.631355e-03
-6.000000e-01	-4.000000e-01	1.583305e-02	0.000000e+00	4.517045e-03
-4.000000e-01	-2.000000e-01	1.552504e-02	0.000000e+00	4.376510e-03
-2.000000e-01	0.000000e+00	1.538284e-02	0.000000e+00	4.339455e-03
0.000000e+00	2.000000e-01	1.540495e-02	0.000000e+00	4.408035e-03
2.000000e-01	4.000000e-01	1.552969e-02	0.000000e+00	4.416915e-03
4.000000e-01	6.000000e-01	1.596306e-02	0.000000e+00	4.326545e-03
6.000000e-01	8.000000e-01	1.610977e-02	0.000000e+00	4.609820e-03
8.000000e-01	1.000000e+00	1.632427e-02	0.000000e+00	4.693915e-03
1.000000e+00	1.200000e+00	1.642337e-02	0.000000e+00	4.825330e-03
1.200000e+00	1.400000e+00	1.633610e-02	0.000000e+00	4.948395e-03
1.400000e+00	1.600000e+00	1.606052e-02	0.000000e+00	4.960785e-03
1.600000e+00	1.800000e+00	1.547011e-02	0.000000e+00	4.852480e-03
1.800000e+00	2.000000e+00	1.452686e-02	0.000000e+00	4.653735e-03
2.000000e+00	2.200000e+00	1.346468e-02	0.000000e+00	4.325165e-03
2.200000e+00	2.400000e+00	1.216840e-02	0.000000e+00	3.946430e-03
2.400000e+00	2.600000e+00	1.080404e-02	0.000000e+00	3.554595e-03
2.600000e+00	2.800000e+00	9.471120e-03	0.000000e+00	3.106655e-03
2.800000e+00	3.000000e+00	8.199935e-03	0.000000e+00	2.737860e-03
3.000000e+00	3.200000e+00	6.940350e-03	0.000000e+00	2.403145e-03
3.200000e+00	3.400000e+00	5.899840e-03	0.000000e+00	2.016000e-03
3.400000e+00	3.600000e+00	4.903569e-03	0.000000e+00	1.695520e-03
3.600000e+00	3.800000e+00	4.042415e-03	0.000000e+00	1.450641e-03
3.800000e+00	4.000000e+00	3.300677e-03	0.000000e+00	1.214622e-03
4.000000e+00	4.200000e+00	2.660176e-03	0.000000e+00	1.002462e-03
4.200000e+00	4.400000e+00	2.122005e-03	0.000000e+00	8.624820e-04
4.400000e+00	4.600000e+00	1.684962e-03	0.000000e+00	6.640810e-04
4.600000e+00	4.800000e+00	1.293959e-03	0.000000e+00	5.401725e-04
4.800000e+00	5.000000e+00	9.669085e-04	0.000000e+00	4.589300e-04
# END HISTO1D


# BEGIN HISTO1D //homes/tinghua1/higgs-anomalous/Herwig7/gcc11_install_test/plots/H2Jets-NLO-even-combine.yoda/MC_H2JETS_04_INC/jet4_y_star
ErrorBandColor=orange
ErrorBandOpacity=0.3
ErrorBands=1
ErrorBars=1
ErrorType=env
LineColor=orange
LineStyle=solid
Path=//homes/tinghua1/higgs-anomalous/Herwig7/gcc11_install_test/plots/H2Jets-NLO-even-combine.yoda/MC_H2JETS_04_INC/jet4_y_star
RatioPlotSameStyle=1
Title=h(2*)-FO
# xlow	 xhigh	 val	 errminus	 errplus
-5.000000e+00	-4.800000e+00	0.000000e+00	0.000000e+00	0.000000e+00
-4.800000e+00	-4.600000e+00	0.000000e+00	0.000000e+00	0.000000e+00
-4.600000e+00	-4.400000e+00	0.000000e+00	0.000000e+00	0.000000e+00
-4.400000e+00	-4.200000e+00	0.000000e+00	0.000000e+00	0.000000e+00
-4.200000e+00	-4.000000e+00	0.000000e+00	0.000000e+00	0.000000e+00
-4.000000e+00	-3.800000e+00	0.000000e+00	0.000000e+00	0.000000e+00
-3.800000e+00	-3.600000e+00	0.000000e+00	0.000000e+00	0.000000e+00
-3.600000e+00	-3.400000e+00	0.000000e+00	0.000000e+00	0.000000e+00
-3.400000e+00	-3.200000e+00	0.000000e+00	0.000000e+00	0.000000e+00
-3.200000e+00	-3.000000e+00	0.000000e+00	0.000000e+00	0.000000e+00
-3.000000e+00	-2.800000e+00	0.000000e+00	0.000000e+00	0.000000e+00
-2.800000e+00	-2.600000e+00	0.000000e+00	0.000000e+00	0.000000e+00
-2.600000e+00	-2.400000e+00	0.000000e+00	0.000000e+00	0.000000e+00
-2.400000e+00	-2.200000e+00	0.000000e+00	0.000000e+00	0.000000e+00
-2.200000e+00	-2.000000e+00	0.000000e+00	0.000000e+00	0.000000e+00
-2.000000e+00	-1.800000e+00	0.000000e+00	0.000000e+00	0.000000e+00
-1.800000e+00	-1.600000e+00	0.000000e+00	0.000000e+00	0.000000e+00
-1.600000e+00	-1.400000e+00	0.000000e+00	0.000000e+00	0.000000e+00
-1.400000e+00	-1.200000e+00	0.000000e+00	0.000000e+00	0.000000e+00
-1.200000e+00	-1.000000e+00	0.000000e+00	0.000000e+00	0.000000e+00
-1.000000e+00	-8.000000e-01	0.000000e+00	0.000000e+00	0.000000e+00
-8.000000e-01	-6.000000e-01	0.000000e+00	0.000000e+00	0.000000e+00
-6.000000e-01	-4.000000e-01	0.000000e+00	0.000000e+00	0.000000e+00
-4.000000e-01	-2.000000e-01	0.000000e+00	0.000000e+00	0.000000e+00
-2.000000e-01	0.000000e+00	0.000000e+00	0.000000e+00	0.000000e+00
0.000000e+00	2.000000e-01	0.000000e+00	0.000000e+00	0.000000e+00
2.000000e-01	4.000000e-01	0.000000e+00	0.000000e+00	0.000000e+00
4.000000e-01	6.000000e-01	0.000000e+00	0.000000e+00	0.000000e+00
6.000000e-01	8.000000e-01	0.000000e+00	0.000000e+00	0.000000e+00
8.000000e-01	1.000000e+00	0.000000e+00	0.000000e+00	0.000000e+00
1.000000e+00	1.200000e+00	0.000000e+00	0.000000e+00	0.000000e+00
1.200000e+00	1.400000e+00	0.000000e+00	0.000000e+00	0.000000e+00
1.400000e+00	1.600000e+00	0.000000e+00	0.000000e+00	0.000000e+00
1.600000e+00	1.800000e+00	0.000000e+00	0.000000e+00	0.000000e+00
1.800000e+00	2.000000e+00	0.000000e+00	0.000000e+00	0.000000e+00
2.000000e+00	2.200000e+00	0.000000e+00	0.000000e+00	0.000000e+00
2.200000e+00	2.400000e+00	0.000000e+00	0.000000e+00	0.000000e+00
2.400000e+00	2.600000e+00	0.000000e+00	0.000000e+00	0.000000e+00
2.600000e+00	2.800000e+00	0.000000e+00	0.000000e+00	0.000000e+00
2.800000e+00	3.000000e+00	0.000000e+00	0.000000e+00	0.000000e+00
3.000000e+00	3.200000e+00	0.000000e+00	0.000000e+00	0.000000e+00
3.200000e+00	3.400000e+00	0.000000e+00	0.000000e+00	0.000000e+00
3.400000e+00	3.600000e+00	0.000000e+00	0.000000e+00	0.000000e+00
3.600000e+00	3.800000e+00	0.000000e+00	0.000000e+00	0.000000e+00
3.800000e+00	4.000000e+00	0.000000e+00	0.000000e+00	0.000000e+00
4.000000e+00	4.200000e+00	0.000000e+00	0.000000e+00	0.000000e+00
4.200000e+00	4.400000e+00	0.000000e+00	0.000000e+00	0.000000e+00
4.400000e+00	4.600000e+00	0.000000e+00	0.000000e+00	0.000000e+00
4.600000e+00	4.800000e+00	0.000000e+00	0.000000e+00	0.000000e+00
4.800000e+00	5.000000e+00	0.000000e+00	0.000000e+00	0.000000e+00
# END HISTO1D

