# BEGIN PLOT
LegendOnly=//homes/tinghua1/higgs-anomalous/Herwig7/gcc11_install_test/H-N2-N3-4-25gev/Scale-variation/yodacombine/H-N2-N3-4-25gev-even-combine.yoda/MC_H2JETS_04_TIGHT/H_dijet_mass //homes/tinghua1/higgs-anomalous/Herwig7/gcc11_install_test/H-N2-N3-4-25gev/Scale-variation/yodacombine/H-N2-N3-4-25gev-mixed-combine.yoda/MC_H2JETS_04_TIGHT/H_dijet_mass //homes/tinghua1/higgs-anomalous/Herwig7/gcc11_install_test/H-N2-N3-4-25gev/Scale-variation/yodacombine/H-N2-N3-4-25gev-odd-combine.yoda/MC_H2JETS_04_TIGHT/H_dijet_mass
DrawOnly=//homes/tinghua1/higgs-anomalous/Herwig7/gcc11_install_test/H-N2-N3-4-25gev/Scale-variation/yodacombine/H-N2-N3-4-25gev-even-combine.yoda/MC_H2JETS_04_TIGHT/H_dijet_mass //homes/tinghua1/higgs-anomalous/Herwig7/gcc11_install_test/H-N2-N3-4-25gev/Scale-variation/yodacombine/H-N2-N3-4-25gev-mixed-combine.yoda/MC_H2JETS_04_TIGHT/H_dijet_mass //homes/tinghua1/higgs-anomalous/Herwig7/gcc11_install_test/H-N2-N3-4-25gev/Scale-variation/yodacombine/H-N2-N3-4-25gev-odd-combine.yoda/MC_H2JETS_04_TIGHT/H_dijet_mass
Title=h(2*,3*,4)
RatioPlotReference=//homes/tinghua1/higgs-anomalous/Herwig7/gcc11_install_test/H-N2-N3-4-25gev/Scale-variation/yodacombine/H-N2-N3-4-25gev-even-combine.yoda/MC_H2JETS_04_TIGHT/H_dijet_mass
RightMargin=0.5
RatioPlot=1
LogY=1
RatioPlotYMax=1.2
RatioPlotYLabel=Ratio
XLabel=$m_{h,j_1j_2}$ (GeV)
LegendAlign=r
YLabel=$1/ \sigma \text{d} \sigma/ \text{d}  \Delta m_{h,j_1j_2}$ (pb/GeV)
XMin=700.0
Legend=1
RatioPlotYMin=0.8
# END PLOT


# BEGIN SPECIAL /MC_H2JETS_04_TIGHT/H_dijet_mass
\rput[tl](0.05,0.75){\parbox{5cm}{\textcolor{gray}{{\bf Herwig 7.2.3} \\ VBFNLO 3.0.0}}}
# END SPECIAL

# BEGIN HISTO1D //homes/tinghua1/higgs-anomalous/Herwig7/gcc11_install_test/H-N2-N3-4-25gev/Scale-variation/yodacombine/H-N2-N3-4-25gev-even-combine.yoda/MC_H2JETS_04_TIGHT/H_dijet_mass
ErrorBandColor=blue
ErrorBandOpacity=0.3
ErrorBands=1
ErrorBars=1
ErrorType=env
LineColor=blue
LineStyle=solid
Path=//homes/tinghua1/higgs-anomalous/Herwig7/gcc11_install_test/H-N2-N3-4-25gev/Scale-variation/yodacombine/H-N2-N3-4-25gev-even-combine.yoda/MC_H2JETS_04_TIGHT/H_dijet_mass
RatioPlotSameStyle=1
Scale=12.5862155767
Title=CP-even
# xlow	 xhigh	 val	 errminus	 errplus
0.000000e+00	2.000000e+01	0.000000e+00	0.000000e+00	0.000000e+00
2.000000e+01	4.000000e+01	0.000000e+00	0.000000e+00	0.000000e+00
4.000000e+01	6.000000e+01	0.000000e+00	0.000000e+00	0.000000e+00
6.000000e+01	8.000000e+01	0.000000e+00	0.000000e+00	0.000000e+00
8.000000e+01	1.000000e+02	0.000000e+00	0.000000e+00	0.000000e+00
1.000000e+02	1.200000e+02	0.000000e+00	0.000000e+00	0.000000e+00
1.200000e+02	1.400000e+02	0.000000e+00	0.000000e+00	0.000000e+00
1.400000e+02	1.600000e+02	0.000000e+00	0.000000e+00	0.000000e+00
1.600000e+02	1.800000e+02	0.000000e+00	0.000000e+00	0.000000e+00
1.800000e+02	2.000000e+02	0.000000e+00	0.000000e+00	0.000000e+00
2.000000e+02	2.200000e+02	0.000000e+00	0.000000e+00	0.000000e+00
2.200000e+02	2.400000e+02	0.000000e+00	0.000000e+00	0.000000e+00
2.400000e+02	2.600000e+02	0.000000e+00	0.000000e+00	0.000000e+00
2.600000e+02	2.800000e+02	0.000000e+00	0.000000e+00	0.000000e+00
2.800000e+02	3.000000e+02	0.000000e+00	0.000000e+00	0.000000e+00
3.000000e+02	3.200000e+02	0.000000e+00	0.000000e+00	0.000000e+00
3.200000e+02	3.400000e+02	0.000000e+00	0.000000e+00	0.000000e+00
3.400000e+02	3.600000e+02	0.000000e+00	0.000000e+00	0.000000e+00
3.600000e+02	3.800000e+02	0.000000e+00	0.000000e+00	0.000000e+00
3.800000e+02	4.000000e+02	0.000000e+00	0.000000e+00	0.000000e+00
4.000000e+02	4.200000e+02	0.000000e+00	0.000000e+00	0.000000e+00
4.200000e+02	4.400000e+02	0.000000e+00	0.000000e+00	0.000000e+00
4.400000e+02	4.600000e+02	0.000000e+00	0.000000e+00	0.000000e+00
4.600000e+02	4.800000e+02	0.000000e+00	0.000000e+00	0.000000e+00
4.800000e+02	5.000000e+02	0.000000e+00	0.000000e+00	0.000000e+00
5.000000e+02	5.200000e+02	0.000000e+00	0.000000e+00	0.000000e+00
5.200000e+02	5.400000e+02	0.000000e+00	0.000000e+00	0.000000e+00
5.400000e+02	5.600000e+02	0.000000e+00	0.000000e+00	0.000000e+00
5.600000e+02	5.800000e+02	0.000000e+00	0.000000e+00	0.000000e+00
5.800000e+02	6.000000e+02	0.000000e+00	0.000000e+00	0.000000e+00
6.000000e+02	6.200000e+02	0.000000e+00	0.000000e+00	0.000000e+00
6.200000e+02	6.400000e+02	0.000000e+00	0.000000e+00	0.000000e+00
6.400000e+02	6.600000e+02	0.000000e+00	0.000000e+00	0.000000e+00
6.600000e+02	6.800000e+02	0.000000e+00	0.000000e+00	0.000000e+00
6.800000e+02	7.000000e+02	0.000000e+00	0.000000e+00	0.000000e+00
7.000000e+02	7.200000e+02	0.000000e+00	0.000000e+00	0.000000e+00
7.200000e+02	7.400000e+02	3.236614e-07	0.000000e+00	1.568880e-08
7.400000e+02	7.600000e+02	1.913222e-06	0.000000e+00	1.314830e-07
7.600000e+02	7.800000e+02	3.668120e-06	2.822530e-07	1.365605e-07
7.800000e+02	8.000000e+02	5.288720e-06	1.206950e-07	4.497500e-07
8.000000e+02	8.200000e+02	7.272055e-06	2.639900e-07	2.200200e-07
8.200000e+02	8.400000e+02	9.133270e-06	5.126600e-07	6.871350e-07
8.400000e+02	8.600000e+02	1.068996e-05	5.602300e-07	7.440750e-07
8.600000e+02	8.800000e+02	1.206608e-05	4.903450e-07	6.792500e-07
8.800000e+02	9.000000e+02	1.356269e-05	6.002750e-07	1.147110e-06
9.000000e+02	9.200000e+02	1.469657e-05	5.245750e-07	8.543950e-07
9.200000e+02	9.400000e+02	1.616592e-05	7.255100e-07	1.127370e-06
9.400000e+02	9.600000e+02	1.741201e-05	9.246650e-07	1.553225e-06
9.600000e+02	9.800000e+02	1.824505e-05	4.186150e-07	8.901250e-07
9.800000e+02	1.000000e+03	1.956606e-05	6.018900e-07	8.437050e-07
# END HISTO1D


# BEGIN HISTO1D //homes/tinghua1/higgs-anomalous/Herwig7/gcc11_install_test/H-N2-N3-4-25gev/Scale-variation/yodacombine/H-N2-N3-4-25gev-mixed-combine.yoda/MC_H2JETS_04_TIGHT/H_dijet_mass
ErrorBandColor=red
ErrorBandOpacity=0.3
ErrorBands=1
ErrorBars=1
ErrorType=env
LineColor=red
LineStyle=solid
Path=//homes/tinghua1/higgs-anomalous/Herwig7/gcc11_install_test/H-N2-N3-4-25gev/Scale-variation/yodacombine/H-N2-N3-4-25gev-mixed-combine.yoda/MC_H2JETS_04_TIGHT/H_dijet_mass
RatioPlotSameStyle=1
Scale=6.55807371013
Title=CP-mixed
# xlow	 xhigh	 val	 errminus	 errplus
0.000000e+00	2.000000e+01	0.000000e+00	0.000000e+00	0.000000e+00
2.000000e+01	4.000000e+01	0.000000e+00	0.000000e+00	0.000000e+00
4.000000e+01	6.000000e+01	0.000000e+00	0.000000e+00	0.000000e+00
6.000000e+01	8.000000e+01	0.000000e+00	0.000000e+00	0.000000e+00
8.000000e+01	1.000000e+02	0.000000e+00	0.000000e+00	0.000000e+00
1.000000e+02	1.200000e+02	0.000000e+00	0.000000e+00	0.000000e+00
1.200000e+02	1.400000e+02	0.000000e+00	0.000000e+00	0.000000e+00
1.400000e+02	1.600000e+02	0.000000e+00	0.000000e+00	0.000000e+00
1.600000e+02	1.800000e+02	0.000000e+00	0.000000e+00	0.000000e+00
1.800000e+02	2.000000e+02	0.000000e+00	0.000000e+00	0.000000e+00
2.000000e+02	2.200000e+02	0.000000e+00	0.000000e+00	0.000000e+00
2.200000e+02	2.400000e+02	0.000000e+00	0.000000e+00	0.000000e+00
2.400000e+02	2.600000e+02	0.000000e+00	0.000000e+00	0.000000e+00
2.600000e+02	2.800000e+02	0.000000e+00	0.000000e+00	0.000000e+00
2.800000e+02	3.000000e+02	0.000000e+00	0.000000e+00	0.000000e+00
3.000000e+02	3.200000e+02	0.000000e+00	0.000000e+00	0.000000e+00
3.200000e+02	3.400000e+02	0.000000e+00	0.000000e+00	0.000000e+00
3.400000e+02	3.600000e+02	0.000000e+00	0.000000e+00	0.000000e+00
3.600000e+02	3.800000e+02	0.000000e+00	0.000000e+00	0.000000e+00
3.800000e+02	4.000000e+02	0.000000e+00	0.000000e+00	0.000000e+00
4.000000e+02	4.200000e+02	0.000000e+00	0.000000e+00	0.000000e+00
4.200000e+02	4.400000e+02	0.000000e+00	0.000000e+00	0.000000e+00
4.400000e+02	4.600000e+02	0.000000e+00	0.000000e+00	0.000000e+00
4.600000e+02	4.800000e+02	0.000000e+00	0.000000e+00	0.000000e+00
4.800000e+02	5.000000e+02	0.000000e+00	0.000000e+00	0.000000e+00
5.000000e+02	5.200000e+02	0.000000e+00	0.000000e+00	0.000000e+00
5.200000e+02	5.400000e+02	0.000000e+00	0.000000e+00	0.000000e+00
5.400000e+02	5.600000e+02	0.000000e+00	0.000000e+00	0.000000e+00
5.600000e+02	5.800000e+02	0.000000e+00	0.000000e+00	0.000000e+00
5.800000e+02	6.000000e+02	0.000000e+00	0.000000e+00	0.000000e+00
6.000000e+02	6.200000e+02	0.000000e+00	0.000000e+00	0.000000e+00
6.200000e+02	6.400000e+02	0.000000e+00	0.000000e+00	0.000000e+00
6.400000e+02	6.600000e+02	0.000000e+00	0.000000e+00	0.000000e+00
6.600000e+02	6.800000e+02	0.000000e+00	0.000000e+00	0.000000e+00
6.800000e+02	7.000000e+02	0.000000e+00	0.000000e+00	0.000000e+00
7.000000e+02	7.200000e+02	0.000000e+00	0.000000e+00	0.000000e+00
7.200000e+02	7.400000e+02	4.001451e-07	4.103600e-09	5.521435e-08
7.400000e+02	7.600000e+02	2.692531e-06	0.000000e+00	2.387625e-07
7.600000e+02	7.800000e+02	5.942210e-06	0.000000e+00	6.678600e-07
7.800000e+02	8.000000e+02	9.657585e-06	0.000000e+00	9.424100e-07
8.000000e+02	8.200000e+02	1.294793e-05	0.000000e+00	1.561560e-06
8.200000e+02	8.400000e+02	1.679633e-05	0.000000e+00	1.806275e-06
8.400000e+02	8.600000e+02	2.011373e-05	0.000000e+00	1.557190e-06
8.600000e+02	8.800000e+02	2.256922e-05	0.000000e+00	2.426875e-06
8.800000e+02	9.000000e+02	2.501845e-05	0.000000e+00	2.590570e-06
9.000000e+02	9.200000e+02	2.750032e-05	0.000000e+00	2.803600e-06
9.200000e+02	9.400000e+02	3.010490e-05	0.000000e+00	2.296275e-06
9.400000e+02	9.600000e+02	3.248604e-05	0.000000e+00	2.343190e-06
9.600000e+02	9.800000e+02	3.507927e-05	0.000000e+00	2.603745e-06
9.800000e+02	1.000000e+03	3.684041e-05	0.000000e+00	2.758100e-06
# END HISTO1D


# BEGIN HISTO1D //homes/tinghua1/higgs-anomalous/Herwig7/gcc11_install_test/H-N2-N3-4-25gev/Scale-variation/yodacombine/H-N2-N3-4-25gev-odd-combine.yoda/MC_H2JETS_04_TIGHT/H_dijet_mass
ErrorBandColor=green
ErrorBandOpacity=0.3
ErrorBands=1
ErrorBars=1
ErrorType=env
LineColor=green
LineStyle=solid
Path=//homes/tinghua1/higgs-anomalous/Herwig7/gcc11_install_test/H-N2-N3-4-25gev/Scale-variation/yodacombine/H-N2-N3-4-25gev-odd-combine.yoda/MC_H2JETS_04_TIGHT/H_dijet_mass
RatioPlotSameStyle=1
Scale=13.4757123194
Title=CP-odd
# xlow	 xhigh	 val	 errminus	 errplus
0.000000e+00	2.000000e+01	0.000000e+00	0.000000e+00	0.000000e+00
2.000000e+01	4.000000e+01	0.000000e+00	0.000000e+00	0.000000e+00
4.000000e+01	6.000000e+01	0.000000e+00	0.000000e+00	0.000000e+00
6.000000e+01	8.000000e+01	0.000000e+00	0.000000e+00	0.000000e+00
8.000000e+01	1.000000e+02	0.000000e+00	0.000000e+00	0.000000e+00
1.000000e+02	1.200000e+02	0.000000e+00	0.000000e+00	0.000000e+00
1.200000e+02	1.400000e+02	0.000000e+00	0.000000e+00	0.000000e+00
1.400000e+02	1.600000e+02	0.000000e+00	0.000000e+00	0.000000e+00
1.600000e+02	1.800000e+02	0.000000e+00	0.000000e+00	0.000000e+00
1.800000e+02	2.000000e+02	0.000000e+00	0.000000e+00	0.000000e+00
2.000000e+02	2.200000e+02	0.000000e+00	0.000000e+00	0.000000e+00
2.200000e+02	2.400000e+02	0.000000e+00	0.000000e+00	0.000000e+00
2.400000e+02	2.600000e+02	0.000000e+00	0.000000e+00	0.000000e+00
2.600000e+02	2.800000e+02	0.000000e+00	0.000000e+00	0.000000e+00
2.800000e+02	3.000000e+02	0.000000e+00	0.000000e+00	0.000000e+00
3.000000e+02	3.200000e+02	0.000000e+00	0.000000e+00	0.000000e+00
3.200000e+02	3.400000e+02	0.000000e+00	0.000000e+00	0.000000e+00
3.400000e+02	3.600000e+02	0.000000e+00	0.000000e+00	0.000000e+00
3.600000e+02	3.800000e+02	0.000000e+00	0.000000e+00	0.000000e+00
3.800000e+02	4.000000e+02	0.000000e+00	0.000000e+00	0.000000e+00
4.000000e+02	4.200000e+02	0.000000e+00	0.000000e+00	0.000000e+00
4.200000e+02	4.400000e+02	0.000000e+00	0.000000e+00	0.000000e+00
4.400000e+02	4.600000e+02	0.000000e+00	0.000000e+00	0.000000e+00
4.600000e+02	4.800000e+02	0.000000e+00	0.000000e+00	0.000000e+00
4.800000e+02	5.000000e+02	0.000000e+00	0.000000e+00	0.000000e+00
5.000000e+02	5.200000e+02	0.000000e+00	0.000000e+00	0.000000e+00
5.200000e+02	5.400000e+02	0.000000e+00	0.000000e+00	0.000000e+00
5.400000e+02	5.600000e+02	0.000000e+00	0.000000e+00	0.000000e+00
5.600000e+02	5.800000e+02	0.000000e+00	0.000000e+00	0.000000e+00
5.800000e+02	6.000000e+02	0.000000e+00	0.000000e+00	0.000000e+00
6.000000e+02	6.200000e+02	0.000000e+00	0.000000e+00	0.000000e+00
6.200000e+02	6.400000e+02	0.000000e+00	0.000000e+00	0.000000e+00
6.400000e+02	6.600000e+02	0.000000e+00	0.000000e+00	0.000000e+00
6.600000e+02	6.800000e+02	0.000000e+00	0.000000e+00	0.000000e+00
6.800000e+02	7.000000e+02	0.000000e+00	0.000000e+00	0.000000e+00
7.000000e+02	7.200000e+02	0.000000e+00	0.000000e+00	0.000000e+00
7.200000e+02	7.400000e+02	6.209095e-08	0.000000e+00	2.662700e-09
7.400000e+02	7.600000e+02	8.620515e-07	0.000000e+00	8.431850e-08
7.600000e+02	7.800000e+02	2.546920e-06	0.000000e+00	1.776555e-07
7.800000e+02	8.000000e+02	4.676217e-06	0.000000e+00	1.327305e-07
8.000000e+02	8.200000e+02	6.485815e-06	0.000000e+00	6.426500e-07
8.200000e+02	8.400000e+02	8.166005e-06	0.000000e+00	7.872650e-07
8.400000e+02	8.600000e+02	9.745995e-06	0.000000e+00	4.419150e-07
8.600000e+02	8.800000e+02	1.105136e-05	0.000000e+00	1.000250e-06
8.800000e+02	9.000000e+02	1.214444e-05	0.000000e+00	1.083205e-06
9.000000e+02	9.200000e+02	1.338560e-05	0.000000e+00	1.243315e-06
9.200000e+02	9.400000e+02	1.447230e-05	0.000000e+00	1.583305e-06
9.400000e+02	9.600000e+02	1.581809e-05	0.000000e+00	1.072485e-06
9.600000e+02	9.800000e+02	1.669115e-05	0.000000e+00	1.393115e-06
9.800000e+02	1.000000e+03	1.764093e-05	0.000000e+00	1.464180e-06
# END HISTO1D

