# BEGIN PLOT
LegendOnly=//homes/tinghua1/higgs-anomalous/Herwig7/gcc11_install_test/H-N2-N3-4-25gev/Scale-variation/yodacombine/H-N2-N3-4-25gev-even-combine.yoda/MC_H2JETS_04_TIGHT/H_y //homes/tinghua1/higgs-anomalous/Herwig7/gcc11_install_test/H-N2-N3-4-25gev/Scale-variation/yodacombine/H-N2-N3-4-25gev-mixed-combine.yoda/MC_H2JETS_04_TIGHT/H_y //homes/tinghua1/higgs-anomalous/Herwig7/gcc11_install_test/H-N2-N3-4-25gev/Scale-variation/yodacombine/H-N2-N3-4-25gev-odd-combine.yoda/MC_H2JETS_04_TIGHT/H_y
DrawOnly=//homes/tinghua1/higgs-anomalous/Herwig7/gcc11_install_test/H-N2-N3-4-25gev/Scale-variation/yodacombine/H-N2-N3-4-25gev-even-combine.yoda/MC_H2JETS_04_TIGHT/H_y //homes/tinghua1/higgs-anomalous/Herwig7/gcc11_install_test/H-N2-N3-4-25gev/Scale-variation/yodacombine/H-N2-N3-4-25gev-mixed-combine.yoda/MC_H2JETS_04_TIGHT/H_y //homes/tinghua1/higgs-anomalous/Herwig7/gcc11_install_test/H-N2-N3-4-25gev/Scale-variation/yodacombine/H-N2-N3-4-25gev-odd-combine.yoda/MC_H2JETS_04_TIGHT/H_y
Title=h(2*,3*,4)
RatioPlotReference=//homes/tinghua1/higgs-anomalous/Herwig7/gcc11_install_test/H-N2-N3-4-25gev/Scale-variation/yodacombine/H-N2-N3-4-25gev-even-combine.yoda/MC_H2JETS_04_TIGHT/H_y
RightMargin=0.5
RatioPlot=1
LogY=1
RatioPlotYLabel=Ratio
XLabel=$y_{h}$ 
LegendAlign=r
YLabel=$1/ \sigma \text{d} \sigma/ \text{d}  y_{h}$ (pb)
Legend=1
RatioPlotYMin=0.0
# END PLOT


# BEGIN SPECIAL /MC_H2JETS_04_TIGHT/H_y
\rput[tl](0.05,0.75){\parbox{5cm}{\textcolor{gray}{{\bf Herwig 7.2.3} \\ VBFNLO 3.0.0}}}
# END SPECIAL

# BEGIN HISTO1D //homes/tinghua1/higgs-anomalous/Herwig7/gcc11_install_test/H-N2-N3-4-25gev/Scale-variation/yodacombine/H-N2-N3-4-25gev-even-combine.yoda/MC_H2JETS_04_TIGHT/H_y
ErrorBandColor=blue
ErrorBandOpacity=0.3
ErrorBands=1
ErrorBars=1
ErrorType=env
LineColor=blue
LineStyle=solid
Path=//homes/tinghua1/higgs-anomalous/Herwig7/gcc11_install_test/H-N2-N3-4-25gev/Scale-variation/yodacombine/H-N2-N3-4-25gev-even-combine.yoda/MC_H2JETS_04_TIGHT/H_y
RatioPlotSameStyle=1
Scale=12.5862155767
Title=CP-even
# xlow	 xhigh	 val	 errminus	 errplus
-5.000000e+00	-4.600000e+00	0.000000e+00	0.000000e+00	0.000000e+00
-4.600000e+00	-4.200000e+00	0.000000e+00	0.000000e+00	0.000000e+00
-4.200000e+00	-3.800000e+00	0.000000e+00	0.000000e+00	0.000000e+00
-3.800000e+00	-3.400000e+00	0.000000e+00	0.000000e+00	0.000000e+00
-3.400000e+00	-3.000000e+00	0.000000e+00	0.000000e+00	0.000000e+00
-3.000000e+00	-2.600000e+00	0.000000e+00	0.000000e+00	0.000000e+00
-2.600000e+00	-2.200000e+00	0.000000e+00	0.000000e+00	0.000000e+00
-2.200000e+00	-1.800000e+00	0.000000e+00	0.000000e+00	0.000000e+00
-1.800000e+00	-1.400000e+00	5.743582e-12	2.242208e-11	5.080469e-11
-1.400000e+00	-1.000000e+00	6.258798e-06	3.188108e-06	0.000000e+00
-1.000000e+00	-6.000000e-01	1.837592e-03	1.216995e-04	2.719175e-05
-6.000000e-01	-2.000000e-01	4.231373e-02	3.732250e-04	6.350000e-06
-2.000000e-01	2.000000e-01	1.095234e-01	1.331925e-03	9.446750e-04
2.000000e-01	6.000000e-01	4.305010e-02	8.777250e-04	0.000000e+00
6.000000e-01	1.000000e+00	1.889033e-03	2.161325e-05	0.000000e+00
1.000000e+00	1.400000e+00	9.894050e-06	3.809230e-06	0.000000e+00
1.400000e+00	1.800000e+00	-1.100990e-11	4.194655e-11	5.875590e-12
1.800000e+00	2.200000e+00	0.000000e+00	0.000000e+00	0.000000e+00
2.200000e+00	2.600000e+00	0.000000e+00	0.000000e+00	0.000000e+00
2.600000e+00	3.000000e+00	0.000000e+00	0.000000e+00	0.000000e+00
3.000000e+00	3.400000e+00	0.000000e+00	0.000000e+00	0.000000e+00
3.400000e+00	3.800000e+00	0.000000e+00	0.000000e+00	0.000000e+00
3.800000e+00	4.200000e+00	0.000000e+00	0.000000e+00	0.000000e+00
4.200000e+00	4.600000e+00	0.000000e+00	0.000000e+00	0.000000e+00
4.600000e+00	5.000000e+00	0.000000e+00	0.000000e+00	0.000000e+00
# END HISTO1D


# BEGIN HISTO1D //homes/tinghua1/higgs-anomalous/Herwig7/gcc11_install_test/H-N2-N3-4-25gev/Scale-variation/yodacombine/H-N2-N3-4-25gev-mixed-combine.yoda/MC_H2JETS_04_TIGHT/H_y
ErrorBandColor=red
ErrorBandOpacity=0.3
ErrorBands=1
ErrorBars=1
ErrorType=env
LineColor=red
LineStyle=solid
Path=//homes/tinghua1/higgs-anomalous/Herwig7/gcc11_install_test/H-N2-N3-4-25gev/Scale-variation/yodacombine/H-N2-N3-4-25gev-mixed-combine.yoda/MC_H2JETS_04_TIGHT/H_y
RatioPlotSameStyle=1
Scale=6.55807371013
Title=CP-mixed
# xlow	 xhigh	 val	 errminus	 errplus
-5.000000e+00	-4.600000e+00	0.000000e+00	0.000000e+00	0.000000e+00
-4.600000e+00	-4.200000e+00	0.000000e+00	0.000000e+00	0.000000e+00
-4.200000e+00	-3.800000e+00	0.000000e+00	0.000000e+00	0.000000e+00
-3.800000e+00	-3.400000e+00	0.000000e+00	0.000000e+00	0.000000e+00
-3.400000e+00	-3.000000e+00	0.000000e+00	0.000000e+00	0.000000e+00
-3.000000e+00	-2.600000e+00	0.000000e+00	0.000000e+00	0.000000e+00
-2.600000e+00	-2.200000e+00	0.000000e+00	0.000000e+00	0.000000e+00
-2.200000e+00	-1.800000e+00	0.000000e+00	0.000000e+00	0.000000e+00
-1.800000e+00	-1.400000e+00	4.670305e-11	7.493262e-11	6.236767e-11
-1.400000e+00	-1.000000e+00	8.021848e-06	1.582350e-07	3.921175e-06
-1.000000e+00	-6.000000e-01	3.425092e-03	1.956625e-04	4.330500e-05
-6.000000e-01	-2.000000e-01	8.086738e-02	4.329000e-04	2.516500e-04
-2.000000e-01	2.000000e-01	2.118562e-01	0.000000e+00	3.737000e-03
2.000000e-01	6.000000e-01	8.152368e-02	0.000000e+00	1.339325e-03
6.000000e-01	1.000000e+00	3.517720e-03	4.415750e-05	1.143750e-05
1.000000e+00	1.400000e+00	1.152513e-05	2.463668e-06	3.170270e-06
1.400000e+00	1.800000e+00	7.272632e-12	9.588410e-12	1.797151e-10
1.800000e+00	2.200000e+00	0.000000e+00	0.000000e+00	0.000000e+00
2.200000e+00	2.600000e+00	0.000000e+00	0.000000e+00	0.000000e+00
2.600000e+00	3.000000e+00	0.000000e+00	0.000000e+00	0.000000e+00
3.000000e+00	3.400000e+00	0.000000e+00	0.000000e+00	0.000000e+00
3.400000e+00	3.800000e+00	0.000000e+00	0.000000e+00	0.000000e+00
3.800000e+00	4.200000e+00	0.000000e+00	0.000000e+00	0.000000e+00
4.200000e+00	4.600000e+00	0.000000e+00	0.000000e+00	0.000000e+00
4.600000e+00	5.000000e+00	0.000000e+00	0.000000e+00	0.000000e+00
# END HISTO1D


# BEGIN HISTO1D //homes/tinghua1/higgs-anomalous/Herwig7/gcc11_install_test/H-N2-N3-4-25gev/Scale-variation/yodacombine/H-N2-N3-4-25gev-odd-combine.yoda/MC_H2JETS_04_TIGHT/H_y
ErrorBandColor=green
ErrorBandOpacity=0.3
ErrorBands=1
ErrorBars=1
ErrorType=env
LineColor=green
LineStyle=solid
Path=//homes/tinghua1/higgs-anomalous/Herwig7/gcc11_install_test/H-N2-N3-4-25gev/Scale-variation/yodacombine/H-N2-N3-4-25gev-odd-combine.yoda/MC_H2JETS_04_TIGHT/H_y
RatioPlotSameStyle=1
Scale=13.4757123194
Title=CP-odd
# xlow	 xhigh	 val	 errminus	 errplus
-5.000000e+00	-4.600000e+00	0.000000e+00	0.000000e+00	0.000000e+00
-4.600000e+00	-4.200000e+00	0.000000e+00	0.000000e+00	0.000000e+00
-4.200000e+00	-3.800000e+00	0.000000e+00	0.000000e+00	0.000000e+00
-3.800000e+00	-3.400000e+00	0.000000e+00	0.000000e+00	0.000000e+00
-3.400000e+00	-3.000000e+00	0.000000e+00	0.000000e+00	0.000000e+00
-3.000000e+00	-2.600000e+00	0.000000e+00	0.000000e+00	0.000000e+00
-2.600000e+00	-2.200000e+00	0.000000e+00	0.000000e+00	0.000000e+00
-2.200000e+00	-1.800000e+00	0.000000e+00	0.000000e+00	0.000000e+00
-1.800000e+00	-1.400000e+00	2.072712e-12	6.043867e-12	0.000000e+00
-1.400000e+00	-1.000000e+00	3.855845e-06	0.000000e+00	1.672548e-06
-1.000000e+00	-6.000000e-01	1.589875e-03	2.041225e-05	7.343150e-05
-6.000000e-01	-2.000000e-01	3.889138e-02	0.000000e+00	2.983750e-04
-2.000000e-01	2.000000e-01	1.042667e-01	0.000000e+00	1.618425e-03
2.000000e-01	6.000000e-01	3.909993e-02	0.000000e+00	1.326750e-04
6.000000e-01	1.000000e+00	1.661839e-03	5.410275e-05	0.000000e+00
1.000000e+00	1.400000e+00	5.335850e-06	0.000000e+00	4.687383e-06
1.400000e+00	1.800000e+00	1.545844e-14	0.000000e+00	1.148412e-10
1.800000e+00	2.200000e+00	0.000000e+00	0.000000e+00	0.000000e+00
2.200000e+00	2.600000e+00	0.000000e+00	0.000000e+00	0.000000e+00
2.600000e+00	3.000000e+00	0.000000e+00	0.000000e+00	0.000000e+00
3.000000e+00	3.400000e+00	0.000000e+00	0.000000e+00	0.000000e+00
3.400000e+00	3.800000e+00	0.000000e+00	0.000000e+00	0.000000e+00
3.800000e+00	4.200000e+00	0.000000e+00	0.000000e+00	0.000000e+00
4.200000e+00	4.600000e+00	0.000000e+00	0.000000e+00	0.000000e+00
4.600000e+00	5.000000e+00	0.000000e+00	0.000000e+00	0.000000e+00
# END HISTO1D

