# BEGIN PLOT
LegendOnly=//homes/tinghua1/higgs-anomalous/Herwig7/gcc11_install_test/H-N2-N3-4-25gev/Scale-variation/yodacombine/H-N2-N3-4-25gev-even-combine.yoda/MC_H2JETS_04_TIGHT/Hjj_pT_excl //homes/tinghua1/higgs-anomalous/Herwig7/gcc11_install_test/H-N2-N3-4-25gev/Scale-variation/yodacombine/H-N2-N3-4-25gev-mixed-combine.yoda/MC_H2JETS_04_TIGHT/Hjj_pT_excl //homes/tinghua1/higgs-anomalous/Herwig7/gcc11_install_test/H-N2-N3-4-25gev/Scale-variation/yodacombine/H-N2-N3-4-25gev-odd-combine.yoda/MC_H2JETS_04_TIGHT/Hjj_pT_excl
DrawOnly=//homes/tinghua1/higgs-anomalous/Herwig7/gcc11_install_test/H-N2-N3-4-25gev/Scale-variation/yodacombine/H-N2-N3-4-25gev-even-combine.yoda/MC_H2JETS_04_TIGHT/Hjj_pT_excl //homes/tinghua1/higgs-anomalous/Herwig7/gcc11_install_test/H-N2-N3-4-25gev/Scale-variation/yodacombine/H-N2-N3-4-25gev-mixed-combine.yoda/MC_H2JETS_04_TIGHT/Hjj_pT_excl //homes/tinghua1/higgs-anomalous/Herwig7/gcc11_install_test/H-N2-N3-4-25gev/Scale-variation/yodacombine/H-N2-N3-4-25gev-odd-combine.yoda/MC_H2JETS_04_TIGHT/Hjj_pT_excl
Title=h(2*,3*,4)
RatioPlotReference=//homes/tinghua1/higgs-anomalous/Herwig7/gcc11_install_test/H-N2-N3-4-25gev/Scale-variation/yodacombine/H-N2-N3-4-25gev-even-combine.yoda/MC_H2JETS_04_TIGHT/Hjj_pT_excl
RightMargin=0.5
RatioPlot=1
LogY=1
RatioPlotYMax=4.0
RatioPlotYLabel=Ratio
XLabel=$p_{T,hj_1j_2}^{excl}$ (GeV)
LegendAlign=r
XMax=150.0
YLabel=$1/ \sigma \text{d} \sigma/ \text{d}  p_{T,hj_1j_2}^{excl}$ (pb/GeV)
Legend=1
RatioPlotYMin=0.0
# END PLOT


# BEGIN SPECIAL /MC_H2JETS_04_TIGHT/Hjj_pT_excl
\rput[tl](0.05,0.75){\parbox{5cm}{\textcolor{gray}{{\bf Herwig 7.2.3} \\ VBFNLO 3.0.0}}}
# END SPECIAL

# BEGIN HISTO1D //homes/tinghua1/higgs-anomalous/Herwig7/gcc11_install_test/H-N2-N3-4-25gev/Scale-variation/yodacombine/H-N2-N3-4-25gev-even-combine.yoda/MC_H2JETS_04_TIGHT/Hjj_pT_excl
ErrorBandColor=blue
ErrorBandOpacity=0.3
ErrorBands=1
ErrorBars=1
ErrorType=env
LineColor=blue
LineStyle=solid
Path=//homes/tinghua1/higgs-anomalous/Herwig7/gcc11_install_test/H-N2-N3-4-25gev/Scale-variation/yodacombine/H-N2-N3-4-25gev-even-combine.yoda/MC_H2JETS_04_TIGHT/Hjj_pT_excl
RatioPlotSameStyle=1
Scale=12.5862155767
Title=CP-even
# xlow	 xhigh	 val	 errminus	 errplus
0.000000e+00	1.000000e+01	2.261326e-03	5.120180e-04	4.401820e-04
1.000000e+01	2.000000e+01	1.568494e-03	1.331490e-04	7.761500e-05
2.000000e+01	3.000000e+01	8.244779e-04	1.111423e-04	1.327763e-04
3.000000e+01	4.000000e+01	3.600813e-04	8.520740e-05	1.124394e-04
4.000000e+01	5.000000e+01	1.393351e-04	4.179543e-05	6.297270e-05
5.000000e+01	6.000000e+01	5.069228e-05	1.496291e-05	3.140070e-05
6.000000e+01	7.000000e+01	1.595657e-05	5.837030e-06	1.187847e-05
7.000000e+01	8.000000e+01	5.395310e-06	2.701949e-06	4.477592e-06
8.000000e+01	9.000000e+01	1.871180e-06	1.045762e-06	1.651873e-06
9.000000e+01	1.000000e+02	2.092312e-07	0.000000e+00	8.847248e-07
1.000000e+02	1.100000e+02	1.380044e-07	4.636415e-07	2.569100e-07
1.100000e+02	1.200000e+02	4.056933e-08	3.926076e-08	7.152607e-08
1.200000e+02	1.300000e+02	-8.813581e-09	0.000000e+00	1.983206e-07
1.300000e+02	1.400000e+02	1.252944e-08	2.064570e-08	0.000000e+00
1.400000e+02	1.500000e+02	5.714213e-10	6.627430e-11	2.291402e-09
1.500000e+02	1.600000e+02	1.723477e-10	1.306647e-10	6.814642e-10
1.600000e+02	1.700000e+02	4.545890e-11	1.373789e-10	0.000000e+00
1.700000e+02	1.800000e+02	1.037891e-11	1.024399e-11	1.473218e-10
1.800000e+02	1.900000e+02	1.083897e-11	1.083885e-11	0.000000e+00
1.900000e+02	2.000000e+02	8.261116e-16	0.000000e+00	1.086286e-13
2.000000e+02	2.100000e+02	3.590028e-17	3.553366e-17	3.401523e-15
2.100000e+02	2.200000e+02	1.282893e-18	1.282893e-18	9.266885e-17
2.200000e+02	2.300000e+02	6.047559e-24	0.000000e+00	1.206842e-18
2.300000e+02	2.400000e+02	0.000000e+00	0.000000e+00	2.563927e-15
2.400000e+02	2.500000e+02	0.000000e+00	0.000000e+00	0.000000e+00
2.500000e+02	2.600000e+02	0.000000e+00	0.000000e+00	0.000000e+00
2.600000e+02	2.700000e+02	0.000000e+00	0.000000e+00	0.000000e+00
2.700000e+02	2.800000e+02	0.000000e+00	0.000000e+00	0.000000e+00
2.800000e+02	2.900000e+02	0.000000e+00	0.000000e+00	0.000000e+00
2.900000e+02	3.000000e+02	0.000000e+00	0.000000e+00	0.000000e+00
3.000000e+02	3.100000e+02	0.000000e+00	0.000000e+00	0.000000e+00
3.100000e+02	3.200000e+02	0.000000e+00	0.000000e+00	0.000000e+00
3.200000e+02	3.300000e+02	0.000000e+00	0.000000e+00	0.000000e+00
3.300000e+02	3.400000e+02	0.000000e+00	0.000000e+00	0.000000e+00
3.400000e+02	3.500000e+02	0.000000e+00	0.000000e+00	0.000000e+00
3.500000e+02	3.600000e+02	0.000000e+00	0.000000e+00	0.000000e+00
3.600000e+02	3.700000e+02	0.000000e+00	0.000000e+00	0.000000e+00
3.700000e+02	3.800000e+02	0.000000e+00	0.000000e+00	0.000000e+00
3.800000e+02	3.900000e+02	0.000000e+00	0.000000e+00	0.000000e+00
3.900000e+02	4.000000e+02	0.000000e+00	0.000000e+00	0.000000e+00
4.000000e+02	4.100000e+02	0.000000e+00	0.000000e+00	0.000000e+00
4.100000e+02	4.200000e+02	0.000000e+00	0.000000e+00	0.000000e+00
4.200000e+02	4.300000e+02	0.000000e+00	0.000000e+00	0.000000e+00
4.300000e+02	4.400000e+02	0.000000e+00	0.000000e+00	0.000000e+00
4.400000e+02	4.500000e+02	0.000000e+00	0.000000e+00	0.000000e+00
4.500000e+02	4.600000e+02	0.000000e+00	0.000000e+00	0.000000e+00
4.600000e+02	4.700000e+02	0.000000e+00	0.000000e+00	0.000000e+00
4.700000e+02	4.800000e+02	0.000000e+00	0.000000e+00	0.000000e+00
4.800000e+02	4.900000e+02	0.000000e+00	0.000000e+00	0.000000e+00
4.900000e+02	5.000000e+02	0.000000e+00	0.000000e+00	0.000000e+00
# END HISTO1D


# BEGIN HISTO1D //homes/tinghua1/higgs-anomalous/Herwig7/gcc11_install_test/H-N2-N3-4-25gev/Scale-variation/yodacombine/H-N2-N3-4-25gev-mixed-combine.yoda/MC_H2JETS_04_TIGHT/Hjj_pT_excl
ErrorBandColor=red
ErrorBandOpacity=0.3
ErrorBands=1
ErrorBars=1
ErrorType=env
LineColor=red
LineStyle=solid
Path=//homes/tinghua1/higgs-anomalous/Herwig7/gcc11_install_test/H-N2-N3-4-25gev/Scale-variation/yodacombine/H-N2-N3-4-25gev-mixed-combine.yoda/MC_H2JETS_04_TIGHT/Hjj_pT_excl
RatioPlotSameStyle=1
Scale=6.55807371013
Title=CP-mixed
# xlow	 xhigh	 val	 errminus	 errplus
0.000000e+00	1.000000e+01	5.257666e-03	1.977284e-03	0.000000e+00
1.000000e+01	2.000000e+01	2.851113e-03	0.000000e+00	4.311160e-04
2.000000e+01	3.000000e+01	1.392631e-03	0.000000e+00	5.286970e-04
3.000000e+01	4.000000e+01	5.507335e-04	0.000000e+00	3.837532e-04
4.000000e+01	5.000000e+01	1.937855e-04	0.000000e+00	2.198644e-04
5.000000e+01	6.000000e+01	6.245315e-05	0.000000e+00	1.015469e-04
6.000000e+01	7.000000e+01	1.816053e-05	0.000000e+00	3.662796e-05
7.000000e+01	8.000000e+01	4.963241e-06	0.000000e+00	1.530357e-05
8.000000e+01	9.000000e+01	1.693985e-06	0.000000e+00	5.464523e-06
9.000000e+01	1.000000e+02	4.411681e-07	0.000000e+00	1.861229e-06
1.000000e+02	1.100000e+02	1.287926e-07	0.000000e+00	6.710292e-07
1.100000e+02	1.200000e+02	3.680786e-08	0.000000e+00	1.256099e-07
1.200000e+02	1.300000e+02	3.761052e-09	0.000000e+00	6.588697e-08
1.300000e+02	1.400000e+02	1.393034e-09	0.000000e+00	8.789226e-09
1.400000e+02	1.500000e+02	6.282239e-10	6.124550e-11	7.921934e-09
1.500000e+02	1.600000e+02	5.494980e-11	0.000000e+00	4.574328e-10
1.600000e+02	1.700000e+02	5.371572e-11	0.000000e+00	5.412395e-10
1.700000e+02	1.800000e+02	7.265227e-12	4.407084e-10	0.000000e+00
1.800000e+02	1.900000e+02	5.035650e-14	6.672416e-14	3.179522e-11
1.900000e+02	2.000000e+02	5.213296e-17	1.568559e-11	6.678572e-11
2.000000e+02	2.100000e+02	4.210211e-19	0.000000e+00	1.353999e-11
2.100000e+02	2.200000e+02	-4.389177e-19	5.017827e-10	8.756357e-17
2.200000e+02	2.300000e+02	0.000000e+00	0.000000e+00	7.555047e-22
2.300000e+02	2.400000e+02	0.000000e+00	0.000000e+00	0.000000e+00
2.400000e+02	2.500000e+02	0.000000e+00	0.000000e+00	0.000000e+00
2.500000e+02	2.600000e+02	0.000000e+00	0.000000e+00	0.000000e+00
2.600000e+02	2.700000e+02	0.000000e+00	0.000000e+00	0.000000e+00
2.700000e+02	2.800000e+02	0.000000e+00	0.000000e+00	0.000000e+00
2.800000e+02	2.900000e+02	0.000000e+00	0.000000e+00	0.000000e+00
2.900000e+02	3.000000e+02	0.000000e+00	0.000000e+00	0.000000e+00
3.000000e+02	3.100000e+02	0.000000e+00	0.000000e+00	0.000000e+00
3.100000e+02	3.200000e+02	0.000000e+00	0.000000e+00	0.000000e+00
3.200000e+02	3.300000e+02	0.000000e+00	0.000000e+00	0.000000e+00
3.300000e+02	3.400000e+02	0.000000e+00	0.000000e+00	0.000000e+00
3.400000e+02	3.500000e+02	0.000000e+00	0.000000e+00	0.000000e+00
3.500000e+02	3.600000e+02	0.000000e+00	0.000000e+00	0.000000e+00
3.600000e+02	3.700000e+02	0.000000e+00	0.000000e+00	0.000000e+00
3.700000e+02	3.800000e+02	0.000000e+00	0.000000e+00	0.000000e+00
3.800000e+02	3.900000e+02	0.000000e+00	0.000000e+00	0.000000e+00
3.900000e+02	4.000000e+02	0.000000e+00	0.000000e+00	0.000000e+00
4.000000e+02	4.100000e+02	0.000000e+00	0.000000e+00	0.000000e+00
4.100000e+02	4.200000e+02	0.000000e+00	0.000000e+00	0.000000e+00
4.200000e+02	4.300000e+02	0.000000e+00	0.000000e+00	0.000000e+00
4.300000e+02	4.400000e+02	0.000000e+00	0.000000e+00	0.000000e+00
4.400000e+02	4.500000e+02	0.000000e+00	0.000000e+00	0.000000e+00
4.500000e+02	4.600000e+02	0.000000e+00	0.000000e+00	0.000000e+00
4.600000e+02	4.700000e+02	0.000000e+00	0.000000e+00	0.000000e+00
4.700000e+02	4.800000e+02	0.000000e+00	0.000000e+00	0.000000e+00
4.800000e+02	4.900000e+02	0.000000e+00	0.000000e+00	0.000000e+00
4.900000e+02	5.000000e+02	0.000000e+00	0.000000e+00	0.000000e+00
# END HISTO1D


# BEGIN HISTO1D //homes/tinghua1/higgs-anomalous/Herwig7/gcc11_install_test/H-N2-N3-4-25gev/Scale-variation/yodacombine/H-N2-N3-4-25gev-odd-combine.yoda/MC_H2JETS_04_TIGHT/Hjj_pT_excl
ErrorBandColor=green
ErrorBandOpacity=0.3
ErrorBands=1
ErrorBars=1
ErrorType=env
LineColor=green
LineStyle=solid
Path=//homes/tinghua1/higgs-anomalous/Herwig7/gcc11_install_test/H-N2-N3-4-25gev/Scale-variation/yodacombine/H-N2-N3-4-25gev-odd-combine.yoda/MC_H2JETS_04_TIGHT/Hjj_pT_excl
RatioPlotSameStyle=1
Scale=13.4757123194
Title=CP-odd
# xlow	 xhigh	 val	 errminus	 errplus
0.000000e+00	1.000000e+01	2.557114e-03	9.601890e-04	0.000000e+00
1.000000e+01	2.000000e+01	1.398009e-03	0.000000e+00	1.895580e-04
2.000000e+01	3.000000e+01	6.961804e-04	0.000000e+00	2.700776e-04
3.000000e+01	4.000000e+01	2.720299e-04	0.000000e+00	1.998297e-04
4.000000e+01	5.000000e+01	9.716147e-05	0.000000e+00	1.070589e-04
5.000000e+01	6.000000e+01	3.269775e-05	0.000000e+00	4.718671e-05
6.000000e+01	7.000000e+01	1.094010e-05	0.000000e+00	1.900548e-05
7.000000e+01	8.000000e+01	2.729682e-06	0.000000e+00	7.159238e-06
8.000000e+01	9.000000e+01	7.844709e-07	0.000000e+00	2.296879e-06
9.000000e+01	1.000000e+02	3.375267e-07	0.000000e+00	7.652753e-07
1.000000e+02	1.100000e+02	5.330616e-08	0.000000e+00	3.366662e-07
1.100000e+02	1.200000e+02	1.192222e-08	0.000000e+00	1.098606e-07
1.200000e+02	1.300000e+02	9.677270e-09	4.254025e-09	1.932108e-08
1.300000e+02	1.400000e+02	4.017214e-10	7.582735e-09	6.444580e-09
1.400000e+02	1.500000e+02	2.438155e-10	1.395368e-10	1.234439e-09
1.500000e+02	1.600000e+02	4.611198e-11	1.238556e-10	1.696201e-11
1.600000e+02	1.700000e+02	2.023042e-12	0.000000e+00	5.512688e-11
1.700000e+02	1.800000e+02	1.243641e-11	1.583317e-11	9.870110e-12
1.800000e+02	1.900000e+02	6.911620e-15	1.211838e-14	2.920065e-12
1.900000e+02	2.000000e+02	9.717412e-17	4.745319e-14	1.587776e-15
2.000000e+02	2.100000e+02	2.747693e-15	2.747626e-15	0.000000e+00
2.100000e+02	2.200000e+02	2.348868e-22	0.000000e+00	2.757731e-18
2.200000e+02	2.300000e+02	3.273419e-23	0.000000e+00	2.715805e-18
2.300000e+02	2.400000e+02	0.000000e+00	1.177133e-24	0.000000e+00
2.400000e+02	2.500000e+02	0.000000e+00	0.000000e+00	0.000000e+00
2.500000e+02	2.600000e+02	0.000000e+00	0.000000e+00	0.000000e+00
2.600000e+02	2.700000e+02	0.000000e+00	0.000000e+00	0.000000e+00
2.700000e+02	2.800000e+02	0.000000e+00	0.000000e+00	0.000000e+00
2.800000e+02	2.900000e+02	0.000000e+00	0.000000e+00	0.000000e+00
2.900000e+02	3.000000e+02	0.000000e+00	0.000000e+00	0.000000e+00
3.000000e+02	3.100000e+02	0.000000e+00	0.000000e+00	0.000000e+00
3.100000e+02	3.200000e+02	0.000000e+00	0.000000e+00	0.000000e+00
3.200000e+02	3.300000e+02	0.000000e+00	0.000000e+00	0.000000e+00
3.300000e+02	3.400000e+02	0.000000e+00	0.000000e+00	0.000000e+00
3.400000e+02	3.500000e+02	0.000000e+00	0.000000e+00	0.000000e+00
3.500000e+02	3.600000e+02	0.000000e+00	0.000000e+00	0.000000e+00
3.600000e+02	3.700000e+02	0.000000e+00	0.000000e+00	0.000000e+00
3.700000e+02	3.800000e+02	0.000000e+00	0.000000e+00	0.000000e+00
3.800000e+02	3.900000e+02	0.000000e+00	0.000000e+00	0.000000e+00
3.900000e+02	4.000000e+02	0.000000e+00	0.000000e+00	0.000000e+00
4.000000e+02	4.100000e+02	0.000000e+00	0.000000e+00	0.000000e+00
4.100000e+02	4.200000e+02	0.000000e+00	0.000000e+00	0.000000e+00
4.200000e+02	4.300000e+02	0.000000e+00	0.000000e+00	0.000000e+00
4.300000e+02	4.400000e+02	0.000000e+00	0.000000e+00	0.000000e+00
4.400000e+02	4.500000e+02	0.000000e+00	0.000000e+00	0.000000e+00
4.500000e+02	4.600000e+02	0.000000e+00	0.000000e+00	0.000000e+00
4.600000e+02	4.700000e+02	0.000000e+00	0.000000e+00	0.000000e+00
4.700000e+02	4.800000e+02	0.000000e+00	0.000000e+00	0.000000e+00
4.800000e+02	4.900000e+02	0.000000e+00	0.000000e+00	0.000000e+00
4.900000e+02	5.000000e+02	0.000000e+00	0.000000e+00	0.000000e+00
# END HISTO1D

