# BEGIN PLOT
LegendOnly=//homes/tinghua1/higgs-anomalous/Herwig7/gcc11_install_test/H-N2-N3-4-25gev/Scale-variation/yodacombine/H-N2-N3-4-25gev-even-combine.yoda/MC_H2JETS_04_TIGHT/j2j3_mass //homes/tinghua1/higgs-anomalous/Herwig7/gcc11_install_test/H-N2-N3-4-25gev/Scale-variation/yodacombine/H-N2-N3-4-25gev-mixed-combine.yoda/MC_H2JETS_04_TIGHT/j2j3_mass //homes/tinghua1/higgs-anomalous/Herwig7/gcc11_install_test/H-N2-N3-4-25gev/Scale-variation/yodacombine/H-N2-N3-4-25gev-odd-combine.yoda/MC_H2JETS_04_TIGHT/j2j3_mass
DrawOnly=//homes/tinghua1/higgs-anomalous/Herwig7/gcc11_install_test/H-N2-N3-4-25gev/Scale-variation/yodacombine/H-N2-N3-4-25gev-even-combine.yoda/MC_H2JETS_04_TIGHT/j2j3_mass //homes/tinghua1/higgs-anomalous/Herwig7/gcc11_install_test/H-N2-N3-4-25gev/Scale-variation/yodacombine/H-N2-N3-4-25gev-mixed-combine.yoda/MC_H2JETS_04_TIGHT/j2j3_mass //homes/tinghua1/higgs-anomalous/Herwig7/gcc11_install_test/H-N2-N3-4-25gev/Scale-variation/yodacombine/H-N2-N3-4-25gev-odd-combine.yoda/MC_H2JETS_04_TIGHT/j2j3_mass
Title=h(2*,3*,4)
RatioPlotReference=//homes/tinghua1/higgs-anomalous/Herwig7/gcc11_install_test/H-N2-N3-4-25gev/Scale-variation/yodacombine/H-N2-N3-4-25gev-even-combine.yoda/MC_H2JETS_04_TIGHT/j2j3_mass
RightMargin=0.5
RatioPlot=1
LogY=1
RatioPlotYMax=1.6
RatioPlotYLabel=Ratio
XLabel=$m_{j_2j_3}$ (GeV)
LegendAlign=r
XMax=1000.0
YLabel=$1/ \sigma \text{d} \sigma/ \text{d}  m_{j_2j_3}$ (pb/GeV)
Legend=1
RatioPlotYMin=0.6
# END PLOT


# BEGIN SPECIAL /MC_H2JETS_04_TIGHT/j2j3_mass
\rput[tl](0.05,0.75){\parbox{5cm}{\textcolor{gray}{{\bf Herwig 7.2.3} \\ VBFNLO 3.0.0}}}
# END SPECIAL

# BEGIN HISTO1D //homes/tinghua1/higgs-anomalous/Herwig7/gcc11_install_test/H-N2-N3-4-25gev/Scale-variation/yodacombine/H-N2-N3-4-25gev-even-combine.yoda/MC_H2JETS_04_TIGHT/j2j3_mass
ErrorBandColor=blue
ErrorBandOpacity=0.3
ErrorBands=1
ErrorBars=1
ErrorType=env
LineColor=blue
LineStyle=solid
Path=//homes/tinghua1/higgs-anomalous/Herwig7/gcc11_install_test/H-N2-N3-4-25gev/Scale-variation/yodacombine/H-N2-N3-4-25gev-even-combine.yoda/MC_H2JETS_04_TIGHT/j2j3_mass
RatioPlotSameStyle=1
Scale=12.5862155767
Title=CP-even
# xlow	 xhigh	 val	 errminus	 errplus
0.000000e+00	4.000000e+01	7.199610e-05	3.469675e-06	9.066025e-06
4.000000e+01	8.000000e+01	1.274838e-04	9.491525e-06	2.316425e-06
8.000000e+01	1.200000e+02	7.319153e-05	4.220175e-06	0.000000e+00
1.200000e+02	1.600000e+02	3.641325e-05	1.627525e-06	2.947200e-06
1.600000e+02	2.000000e+02	2.001278e-05	1.944885e-06	0.000000e+00
2.000000e+02	2.400000e+02	1.177445e-05	8.110125e-07	1.150550e-07
2.400000e+02	2.800000e+02	8.591580e-06	7.637650e-07	0.000000e+00
2.800000e+02	3.200000e+02	7.143015e-06	1.755500e-07	8.109600e-07
3.200000e+02	3.600000e+02	7.172005e-06	6.495150e-07	0.000000e+00
3.600000e+02	4.000000e+02	7.369405e-06	0.000000e+00	1.024513e-06
4.000000e+02	4.400000e+02	7.776607e-06	1.036250e-07	3.411650e-07
4.400000e+02	4.800000e+02	8.127472e-06	0.000000e+00	2.634107e-06
4.800000e+02	5.200000e+02	9.604053e-06	3.609950e-07	0.000000e+00
5.200000e+02	5.600000e+02	1.016545e-05	3.299825e-07	1.038830e-06
5.600000e+02	6.000000e+02	1.032436e-05	4.720750e-07	5.201050e-07
6.000000e+02	6.400000e+02	1.122907e-05	1.524085e-06	0.000000e+00
6.400000e+02	6.800000e+02	1.099706e-05	5.405075e-07	2.315425e-07
6.800000e+02	7.200000e+02	1.108275e-05	1.177135e-06	3.888800e-07
7.200000e+02	7.600000e+02	1.097679e-05	1.053520e-06	3.147825e-07
7.600000e+02	8.000000e+02	1.060953e-05	0.000000e+00	1.153947e-06
8.000000e+02	8.400000e+02	1.068893e-05	4.149275e-07	9.802275e-07
8.400000e+02	8.800000e+02	1.062148e-05	3.539975e-07	2.621825e-07
8.800000e+02	9.200000e+02	1.011335e-05	6.302725e-07	0.000000e+00
9.200000e+02	9.600000e+02	9.808960e-06	3.883025e-07	1.368505e-06
9.600000e+02	1.000000e+03	9.478290e-06	3.084475e-07	4.238300e-07
1.000000e+03	1.040000e+03	9.057928e-06	7.193250e-08	2.915325e-07
1.040000e+03	1.080000e+03	9.157177e-06	7.378100e-07	3.622500e-07
1.080000e+03	1.120000e+03	8.324115e-06	3.636000e-07	1.016850e-07
1.120000e+03	1.160000e+03	7.700443e-06	0.000000e+00	5.377075e-07
1.160000e+03	1.200000e+03	7.831135e-06	6.801450e-07	3.814475e-07
1.200000e+03	1.240000e+03	6.911215e-06	3.851250e-08	2.427375e-07
1.240000e+03	1.280000e+03	6.602640e-06	1.042740e-06	0.000000e+00
1.280000e+03	1.320000e+03	6.768527e-06	2.903600e-07	0.000000e+00
1.320000e+03	1.360000e+03	6.344975e-06	3.089425e-07	2.451400e-07
1.360000e+03	1.400000e+03	5.548605e-06	1.294325e-06	0.000000e+00
1.400000e+03	1.440000e+03	5.412813e-06	2.471550e-07	3.843500e-08
1.440000e+03	1.480000e+03	5.169308e-06	4.235400e-07	2.713325e-07
1.480000e+03	1.520000e+03	4.689115e-06	4.351750e-07	0.000000e+00
1.520000e+03	1.560000e+03	4.738202e-06	8.081800e-07	0.000000e+00
1.560000e+03	1.600000e+03	4.072660e-06	1.233225e-07	1.529675e-07
1.600000e+03	1.640000e+03	3.866110e-06	2.155275e-07	1.444930e-06
1.640000e+03	1.680000e+03	2.868858e-06	0.000000e+00	1.110437e-06
1.680000e+03	1.720000e+03	3.388175e-06	1.017425e-07	2.019550e-07
1.720000e+03	1.760000e+03	3.234835e-06	3.420450e-07	0.000000e+00
1.760000e+03	1.800000e+03	2.978278e-06	2.233000e-07	3.814725e-07
1.800000e+03	1.840000e+03	2.789212e-06	1.664850e-07	0.000000e+00
1.840000e+03	1.880000e+03	2.451525e-06	0.000000e+00	3.311725e-07
1.880000e+03	1.920000e+03	2.457256e-06	2.177547e-07	0.000000e+00
1.920000e+03	1.960000e+03	2.314408e-06	3.785250e-08	0.000000e+00
1.960000e+03	2.000000e+03	2.373301e-06	4.131850e-07	0.000000e+00
2.000000e+03	2.040000e+03	1.857791e-06	3.031388e-07	0.000000e+00
2.040000e+03	2.080000e+03	2.031316e-06	1.779303e-07	0.000000e+00
2.080000e+03	2.120000e+03	1.819975e-06	1.694295e-07	0.000000e+00
2.120000e+03	2.160000e+03	1.846560e-06	3.513218e-07	0.000000e+00
2.160000e+03	2.200000e+03	1.376246e-06	0.000000e+00	8.912350e-08
2.200000e+03	2.240000e+03	1.307022e-06	4.263750e-09	5.799325e-08
2.240000e+03	2.280000e+03	1.765716e-06	5.592645e-07	0.000000e+00
2.280000e+03	2.320000e+03	1.256438e-06	2.217355e-07	4.649555e-07
2.320000e+03	2.360000e+03	1.245190e-06	2.311285e-07	0.000000e+00
2.360000e+03	2.400000e+03	1.010245e-06	1.552975e-08	7.107375e-08
2.400000e+03	2.440000e+03	1.039791e-06	9.260175e-08	0.000000e+00
2.440000e+03	2.480000e+03	8.883840e-07	1.456000e-07	1.212792e-07
2.480000e+03	2.520000e+03	9.472900e-07	1.691143e-07	0.000000e+00
2.520000e+03	2.560000e+03	6.799947e-07	1.795125e-08	1.063540e-07
2.560000e+03	2.600000e+03	7.557567e-07	9.703900e-08	2.049000e-09
2.600000e+03	2.640000e+03	8.532080e-07	2.626960e-07	0.000000e+00
2.640000e+03	2.680000e+03	7.554535e-07	1.647890e-07	0.000000e+00
2.680000e+03	2.720000e+03	5.653988e-07	1.993543e-07	1.535448e-07
2.720000e+03	2.760000e+03	5.355860e-07	3.827334e-07	4.240500e-09
2.760000e+03	2.800000e+03	6.382855e-07	1.723320e-07	0.000000e+00
2.800000e+03	2.840000e+03	4.277537e-07	0.000000e+00	7.008750e-08
2.840000e+03	2.880000e+03	4.363483e-07	5.012975e-08	0.000000e+00
2.880000e+03	2.920000e+03	4.063197e-07	2.700500e-08	1.258953e-07
2.920000e+03	2.960000e+03	3.213433e-07	0.000000e+00	6.313550e-08
2.960000e+03	3.000000e+03	3.394148e-07	0.000000e+00	3.782805e-07
3.000000e+03	3.040000e+03	3.117887e-07	4.780475e-08	3.071875e-08
3.040000e+03	3.080000e+03	3.692782e-07	9.860800e-08	0.000000e+00
3.080000e+03	3.120000e+03	3.051592e-07	1.621279e-07	4.407250e-09
3.120000e+03	3.160000e+03	2.304849e-07	1.105550e-09	5.267285e-08
3.160000e+03	3.200000e+03	1.847374e-07	0.000000e+00	1.149714e-07
3.200000e+03	3.240000e+03	2.172835e-07	3.558535e-08	1.735543e-08
3.240000e+03	3.280000e+03	2.379418e-07	1.052909e-07	1.185219e-07
3.280000e+03	3.320000e+03	2.030570e-07	3.141190e-08	0.000000e+00
3.320000e+03	3.360000e+03	2.062213e-07	3.501945e-08	3.480525e-09
3.360000e+03	3.400000e+03	9.231940e-08	0.000000e+00	5.919868e-08
3.400000e+03	3.440000e+03	1.313149e-07	0.000000e+00	2.920953e-08
3.440000e+03	3.480000e+03	1.163424e-07	0.000000e+00	4.549358e-08
3.480000e+03	3.520000e+03	1.288774e-07	0.000000e+00	3.588825e-09
3.520000e+03	3.560000e+03	1.319441e-07	2.093673e-08	0.000000e+00
3.560000e+03	3.600000e+03	2.047175e-07	9.424863e-08	5.646752e-08
3.600000e+03	3.640000e+03	1.419950e-07	7.731670e-08	0.000000e+00
3.640000e+03	3.680000e+03	7.420192e-08	1.202315e-08	0.000000e+00
3.680000e+03	3.720000e+03	8.226235e-08	1.152025e-09	8.348850e-09
3.720000e+03	3.760000e+03	9.431520e-08	1.740460e-08	0.000000e+00
3.760000e+03	3.800000e+03	8.151487e-08	9.928825e-09	0.000000e+00
3.800000e+03	3.840000e+03	5.901210e-08	0.000000e+00	9.479975e-09
3.840000e+03	3.880000e+03	6.542850e-08	4.293438e-08	0.000000e+00
3.880000e+03	3.920000e+03	5.368305e-08	0.000000e+00	1.772865e-08
3.920000e+03	3.960000e+03	4.952122e-08	3.113000e-09	3.605410e-08
3.960000e+03	4.000000e+03	5.313520e-08	6.778050e-09	0.000000e+00
4.000000e+03	4.040000e+03	4.081250e-08	0.000000e+00	1.276505e-08
4.040000e+03	4.080000e+03	5.894868e-08	2.394620e-08	0.000000e+00
4.080000e+03	4.120000e+03	3.713253e-08	4.606675e-09	0.000000e+00
4.120000e+03	4.160000e+03	3.682540e-08	0.000000e+00	9.016625e-09
4.160000e+03	4.200000e+03	2.388924e-08	8.154945e-09	1.440833e-09
4.200000e+03	4.240000e+03	2.466902e-08	2.452545e-09	4.461885e-09
4.240000e+03	4.280000e+03	2.871900e-08	2.964450e-09	1.803250e-09
4.280000e+03	4.320000e+03	3.195300e-08	4.697550e-09	4.066075e-09
4.320000e+03	4.360000e+03	2.449050e-08	5.249525e-10	1.267678e-08
4.360000e+03	4.400000e+03	-2.252764e-08	0.000000e+00	4.892108e-08
4.400000e+03	4.440000e+03	2.741522e-08	5.172993e-09	0.000000e+00
4.440000e+03	4.480000e+03	1.265594e-08	0.000000e+00	1.645683e-08
4.480000e+03	4.520000e+03	1.863909e-08	1.562900e-10	5.520752e-09
4.520000e+03	4.560000e+03	5.142328e-08	3.696463e-08	0.000000e+00
4.560000e+03	4.600000e+03	1.295195e-08	0.000000e+00	9.198075e-10
4.600000e+03	4.640000e+03	1.180029e-08	0.000000e+00	5.527965e-09
4.640000e+03	4.680000e+03	8.944812e-09	5.923250e-10	1.400750e-09
4.680000e+03	4.720000e+03	9.518192e-09	0.000000e+00	9.913600e-10
4.720000e+03	4.760000e+03	8.129790e-09	1.104607e-09	2.267403e-09
4.760000e+03	4.800000e+03	6.174950e-09	0.000000e+00	4.248667e-09
4.800000e+03	4.840000e+03	6.411130e-09	0.000000e+00	3.370750e-09
4.840000e+03	4.880000e+03	9.694658e-09	1.351011e-08	3.733135e-09
4.880000e+03	4.920000e+03	6.578795e-09	0.000000e+00	1.310204e-08
4.920000e+03	4.960000e+03	7.540077e-09	1.291025e-09	0.000000e+00
4.960000e+03	5.000000e+03	9.474008e-09	9.672001e-09	0.000000e+00
5.000000e+03	5.040000e+03	6.065922e-09	5.578846e-09	9.136625e-10
5.040000e+03	5.080000e+03	5.666900e-09	2.067250e-10	3.334425e-09
5.080000e+03	5.120000e+03	5.578037e-09	2.577373e-09	1.293475e-10
5.120000e+03	5.160000e+03	3.013585e-09	0.000000e+00	3.289450e-09
5.160000e+03	5.200000e+03	5.620610e-09	7.741434e-09	0.000000e+00
5.200000e+03	5.240000e+03	4.728665e-09	1.431512e-09	0.000000e+00
5.240000e+03	5.280000e+03	2.946920e-09	0.000000e+00	1.386412e-09
5.280000e+03	5.320000e+03	2.369384e-09	1.790895e-10	0.000000e+00
5.320000e+03	5.360000e+03	1.850268e-09	0.000000e+00	1.227972e-09
5.360000e+03	5.400000e+03	3.619635e-09	1.903965e-09	0.000000e+00
5.400000e+03	5.440000e+03	4.017260e-10	0.000000e+00	2.119446e-09
5.440000e+03	5.480000e+03	8.612658e-10	0.000000e+00	2.936107e-09
5.480000e+03	5.520000e+03	1.631847e-09	0.000000e+00	9.722933e-10
5.520000e+03	5.560000e+03	2.586590e-09	0.000000e+00	6.815025e-10
5.560000e+03	5.600000e+03	1.938379e-09	1.073453e-09	0.000000e+00
5.600000e+03	5.640000e+03	1.050631e-09	5.171483e-10	5.846798e-10
5.640000e+03	5.680000e+03	8.749518e-10	1.321258e-10	5.782927e-10
5.680000e+03	5.720000e+03	9.362918e-10	1.603217e-09	0.000000e+00
5.720000e+03	5.760000e+03	9.404382e-10	3.436510e-09	0.000000e+00
5.760000e+03	5.800000e+03	2.774220e-09	1.747109e-09	0.000000e+00
5.800000e+03	5.840000e+03	6.522803e-10	3.700815e-09	6.014000e-12
5.840000e+03	5.880000e+03	6.948000e-10	0.000000e+00	6.653525e-10
5.880000e+03	5.920000e+03	3.287002e-10	0.000000e+00	3.290865e-09
5.920000e+03	5.960000e+03	1.979216e-10	0.000000e+00	1.448074e-09
5.960000e+03	6.000000e+03	9.156657e-11	1.496554e-10	6.606959e-10
# END HISTO1D


# BEGIN HISTO1D //homes/tinghua1/higgs-anomalous/Herwig7/gcc11_install_test/H-N2-N3-4-25gev/Scale-variation/yodacombine/H-N2-N3-4-25gev-mixed-combine.yoda/MC_H2JETS_04_TIGHT/j2j3_mass
ErrorBandColor=red
ErrorBandOpacity=0.3
ErrorBands=1
ErrorBars=1
ErrorType=env
LineColor=red
LineStyle=solid
Path=//homes/tinghua1/higgs-anomalous/Herwig7/gcc11_install_test/H-N2-N3-4-25gev/Scale-variation/yodacombine/H-N2-N3-4-25gev-mixed-combine.yoda/MC_H2JETS_04_TIGHT/j2j3_mass
RatioPlotSameStyle=1
Scale=6.55807371013
Title=CP-mixed
# xlow	 xhigh	 val	 errminus	 errplus
0.000000e+00	4.000000e+01	1.324288e-04	0.000000e+00	2.238120e-05
4.000000e+01	8.000000e+01	2.262809e-04	0.000000e+00	2.741665e-05
8.000000e+01	1.200000e+02	1.309967e-04	0.000000e+00	9.852425e-06
1.200000e+02	1.600000e+02	6.620195e-05	8.603000e-07	2.289825e-06
1.600000e+02	2.000000e+02	3.441800e-05	0.000000e+00	1.137300e-06
2.000000e+02	2.400000e+02	2.086747e-05	5.007100e-07	7.845350e-07
2.400000e+02	2.800000e+02	1.529862e-05	0.000000e+00	1.577845e-06
2.800000e+02	3.200000e+02	1.281926e-05	0.000000e+00	1.317395e-06
3.200000e+02	3.600000e+02	1.277392e-05	0.000000e+00	1.535317e-06
3.600000e+02	4.000000e+02	1.387591e-05	0.000000e+00	9.474575e-07
4.000000e+02	4.400000e+02	1.676298e-05	3.027000e-07	0.000000e+00
4.400000e+02	4.800000e+02	1.653714e-05	0.000000e+00	1.024460e-06
4.800000e+02	5.200000e+02	1.768901e-05	0.000000e+00	1.960958e-06
5.200000e+02	5.600000e+02	1.848446e-05	0.000000e+00	2.199470e-06
5.600000e+02	6.000000e+02	1.954142e-05	0.000000e+00	1.534305e-06
6.000000e+02	6.400000e+02	1.808136e-05	0.000000e+00	3.535040e-06
6.400000e+02	6.800000e+02	2.050393e-05	0.000000e+00	7.603325e-07
6.800000e+02	7.200000e+02	1.993285e-05	0.000000e+00	3.222100e-06
7.200000e+02	7.600000e+02	2.042171e-05	0.000000e+00	1.323175e-06
7.600000e+02	8.000000e+02	1.938012e-05	0.000000e+00	2.169227e-06
8.000000e+02	8.400000e+02	1.946149e-05	0.000000e+00	2.017850e-06
8.400000e+02	8.800000e+02	1.863330e-05	0.000000e+00	2.199715e-06
8.800000e+02	9.200000e+02	1.877503e-05	0.000000e+00	1.530550e-06
9.200000e+02	9.600000e+02	1.806628e-05	0.000000e+00	2.365205e-06
9.600000e+02	1.000000e+03	1.659193e-05	0.000000e+00	3.024117e-06
1.000000e+03	1.040000e+03	1.825555e-05	2.839075e-07	9.234250e-08
1.040000e+03	1.080000e+03	1.627922e-05	0.000000e+00	1.047283e-06
1.080000e+03	1.120000e+03	1.483247e-05	0.000000e+00	2.218467e-06
1.120000e+03	1.160000e+03	1.506480e-05	0.000000e+00	1.092675e-06
1.160000e+03	1.200000e+03	1.378862e-05	1.629850e-07	6.626750e-07
1.200000e+03	1.240000e+03	1.219865e-05	0.000000e+00	3.777677e-06
1.240000e+03	1.280000e+03	1.268414e-05	1.464750e-08	2.427050e-07
1.280000e+03	1.320000e+03	1.209134e-05	0.000000e+00	7.078125e-07
1.320000e+03	1.360000e+03	1.103320e-05	9.812575e-07	0.000000e+00
1.360000e+03	1.400000e+03	9.994195e-06	0.000000e+00	1.778098e-06
1.400000e+03	1.440000e+03	9.099073e-06	0.000000e+00	1.886650e-06
1.440000e+03	1.480000e+03	8.584158e-06	0.000000e+00	1.349200e-06
1.480000e+03	1.520000e+03	8.689818e-06	5.820525e-07	0.000000e+00
1.520000e+03	1.560000e+03	8.295995e-06	6.004000e-08	0.000000e+00
1.560000e+03	1.600000e+03	7.288015e-06	0.000000e+00	9.562800e-07
1.600000e+03	1.640000e+03	7.231270e-06	0.000000e+00	1.064645e-06
1.640000e+03	1.680000e+03	6.812998e-06	1.018360e-06	1.335475e-06
1.680000e+03	1.720000e+03	5.835622e-06	0.000000e+00	1.355135e-06
1.720000e+03	1.760000e+03	5.923940e-06	1.790925e-07	0.000000e+00
1.760000e+03	1.800000e+03	5.613483e-06	3.829325e-07	2.893825e-07
1.800000e+03	1.840000e+03	5.299613e-06	0.000000e+00	2.280005e-06
1.840000e+03	1.880000e+03	4.686885e-06	1.431953e-06	7.822500e-08
1.880000e+03	1.920000e+03	4.422925e-06	6.952500e-07	3.419150e-07
1.920000e+03	1.960000e+03	4.049218e-06	0.000000e+00	1.375288e-06
1.960000e+03	2.000000e+03	3.706368e-06	0.000000e+00	5.756125e-07
2.000000e+03	2.040000e+03	3.740820e-06	1.144650e-07	0.000000e+00
2.040000e+03	2.080000e+03	3.690255e-06	2.164275e-07	0.000000e+00
2.080000e+03	2.120000e+03	2.971385e-06	8.836000e-08	1.398225e-07
2.120000e+03	2.160000e+03	3.140675e-06	3.862050e-07	7.268500e-08
2.160000e+03	2.200000e+03	2.778693e-06	3.969500e-08	8.017500e-08
2.200000e+03	2.240000e+03	2.368190e-06	1.508535e-07	2.541650e-07
2.240000e+03	2.280000e+03	2.331186e-06	0.000000e+00	1.234140e-07
2.280000e+03	2.320000e+03	2.218004e-06	0.000000e+00	1.692497e-07
2.320000e+03	2.360000e+03	2.059211e-06	0.000000e+00	2.051022e-07
2.360000e+03	2.400000e+03	1.825768e-06	0.000000e+00	1.568473e-07
2.400000e+03	2.440000e+03	2.245379e-06	8.901890e-07	0.000000e+00
2.440000e+03	2.480000e+03	1.613424e-06	0.000000e+00	2.023118e-07
2.480000e+03	2.520000e+03	1.629901e-06	9.064600e-08	0.000000e+00
2.520000e+03	2.560000e+03	1.283972e-06	5.881375e-08	1.538312e-07
2.560000e+03	2.600000e+03	1.160976e-06	2.011228e-07	0.000000e+00
2.600000e+03	2.640000e+03	1.118896e-06	0.000000e+00	3.090082e-07
2.640000e+03	2.680000e+03	1.165587e-06	0.000000e+00	8.054750e-08
2.680000e+03	2.720000e+03	1.045164e-06	1.942415e-07	0.000000e+00
2.720000e+03	2.760000e+03	1.007136e-06	0.000000e+00	3.675075e-08
2.760000e+03	2.800000e+03	9.550423e-07	3.745025e-08	5.957475e-08
2.800000e+03	2.840000e+03	9.916857e-07	1.407602e-07	0.000000e+00
2.840000e+03	2.880000e+03	7.871095e-07	1.363650e-08	0.000000e+00
2.880000e+03	2.920000e+03	9.197658e-07	2.435435e-07	0.000000e+00
2.920000e+03	2.960000e+03	7.036365e-07	5.511719e-07	0.000000e+00
2.960000e+03	3.000000e+03	5.714057e-07	0.000000e+00	1.099078e-07
3.000000e+03	3.040000e+03	7.391637e-07	1.784855e-07	0.000000e+00
3.040000e+03	3.080000e+03	5.363350e-07	2.231140e-07	4.841375e-08
3.080000e+03	3.120000e+03	5.710230e-07	1.689473e-07	0.000000e+00
3.120000e+03	3.160000e+03	4.972618e-07	1.020438e-07	0.000000e+00
3.160000e+03	3.200000e+03	4.518252e-07	1.014245e-07	5.219500e-09
3.200000e+03	3.240000e+03	3.928738e-07	4.831025e-08	0.000000e+00
3.240000e+03	3.280000e+03	4.000843e-07	6.483725e-08	3.603375e-08
3.280000e+03	3.320000e+03	3.544945e-07	5.805925e-08	0.000000e+00
3.320000e+03	3.360000e+03	2.670652e-07	0.000000e+00	9.144025e-08
3.360000e+03	3.400000e+03	3.490398e-07	8.559950e-08	0.000000e+00
3.400000e+03	3.440000e+03	2.590625e-07	0.000000e+00	5.409875e-08
3.440000e+03	3.480000e+03	2.015930e-07	0.000000e+00	8.904553e-08
3.480000e+03	3.520000e+03	2.579310e-07	7.454060e-08	1.084550e-08
3.520000e+03	3.560000e+03	1.036907e-07	0.000000e+00	1.468505e-07
3.560000e+03	3.600000e+03	1.699770e-07	1.180582e-08	3.539990e-08
3.600000e+03	3.640000e+03	1.404724e-07	5.937768e-08	6.636896e-07
3.640000e+03	3.680000e+03	1.983901e-07	4.264318e-08	0.000000e+00
3.680000e+03	3.720000e+03	1.558333e-07	7.825052e-08	2.080588e-08
3.720000e+03	3.760000e+03	1.362759e-07	2.958525e-08	9.481300e-09
3.760000e+03	3.800000e+03	9.771362e-08	0.000000e+00	6.178480e-08
3.800000e+03	3.840000e+03	1.249978e-07	0.000000e+00	3.712767e-08
3.840000e+03	3.880000e+03	1.047052e-07	0.000000e+00	4.484133e-08
3.880000e+03	3.920000e+03	1.309303e-07	4.897038e-07	0.000000e+00
3.920000e+03	3.960000e+03	7.912025e-08	0.000000e+00	2.043233e-08
3.960000e+03	4.000000e+03	8.387190e-08	0.000000e+00	2.423875e-08
4.000000e+03	4.040000e+03	6.371328e-08	1.648715e-08	1.803775e-08
4.040000e+03	4.080000e+03	7.826920e-08	7.921321e-08	0.000000e+00
4.080000e+03	4.120000e+03	6.361102e-08	1.446015e-08	8.191700e-09
4.120000e+03	4.160000e+03	5.945808e-08	0.000000e+00	1.539682e-08
4.160000e+03	4.200000e+03	5.184372e-08	2.132678e-08	0.000000e+00
4.200000e+03	4.240000e+03	5.466910e-08	1.148938e-07	0.000000e+00
4.240000e+03	4.280000e+03	5.629332e-08	1.389095e-08	0.000000e+00
4.280000e+03	4.320000e+03	4.064260e-08	0.000000e+00	1.495227e-08
4.320000e+03	4.360000e+03	3.779828e-08	8.733675e-09	1.471393e-08
4.360000e+03	4.400000e+03	4.046783e-08	1.355428e-08	7.414205e-08
4.400000e+03	4.440000e+03	3.405375e-08	2.838150e-09	8.184850e-09
4.440000e+03	4.480000e+03	1.976074e-08	0.000000e+00	1.424824e-08
4.480000e+03	4.520000e+03	2.552923e-08	0.000000e+00	1.168455e-08
4.520000e+03	4.560000e+03	1.684052e-08	0.000000e+00	3.144896e-08
4.560000e+03	4.600000e+03	2.892952e-08	7.858642e-09	0.000000e+00
4.600000e+03	4.640000e+03	1.854669e-08	0.000000e+00	9.758287e-09
4.640000e+03	4.680000e+03	2.004307e-08	0.000000e+00	1.284913e-08
4.680000e+03	4.720000e+03	1.717110e-08	0.000000e+00	4.881662e-09
4.720000e+03	4.760000e+03	1.008914e-08	4.849575e-10	1.545751e-08
4.760000e+03	4.800000e+03	1.748492e-08	6.212262e-09	0.000000e+00
4.800000e+03	4.840000e+03	3.692547e-09	0.000000e+00	2.023348e-08
4.840000e+03	4.880000e+03	2.337670e-08	1.289245e-08	0.000000e+00
4.880000e+03	4.920000e+03	1.262398e-08	3.323400e-09	4.513635e-09
4.920000e+03	4.960000e+03	8.364170e-09	0.000000e+00	4.151728e-09
4.960000e+03	5.000000e+03	1.300362e-08	1.469053e-08	0.000000e+00
5.000000e+03	5.040000e+03	4.217875e-09	6.571200e-10	5.814170e-09
5.040000e+03	5.080000e+03	1.217282e-08	4.175590e-09	0.000000e+00
5.080000e+03	5.120000e+03	4.433482e-09	4.365123e-08	7.544650e-10
5.120000e+03	5.160000e+03	9.482522e-09	0.000000e+00	3.119195e-09
5.160000e+03	5.200000e+03	1.030746e-08	3.688183e-09	0.000000e+00
5.200000e+03	5.240000e+03	5.263122e-09	0.000000e+00	3.736003e-09
5.240000e+03	5.280000e+03	4.739580e-09	0.000000e+00	3.230782e-09
5.280000e+03	5.320000e+03	4.701855e-09	0.000000e+00	1.943633e-09
5.320000e+03	5.360000e+03	5.796722e-09	2.466200e-10	1.134497e-08
5.360000e+03	5.400000e+03	3.931103e-09	0.000000e+00	3.339582e-09
5.400000e+03	5.440000e+03	4.400142e-09	2.814785e-09	2.303985e-09
5.440000e+03	5.480000e+03	4.981265e-09	0.000000e+00	1.446322e-09
5.480000e+03	5.520000e+03	2.125935e-09	2.736729e-08	1.402232e-09
5.520000e+03	5.560000e+03	1.135031e-09	0.000000e+00	2.657497e-09
5.560000e+03	5.600000e+03	3.016128e-09	5.204303e-10	0.000000e+00
5.600000e+03	5.640000e+03	2.810017e-09	1.024666e-09	0.000000e+00
5.640000e+03	5.680000e+03	2.524933e-09	0.000000e+00	1.093315e-09
5.680000e+03	5.720000e+03	2.295842e-09	5.058719e-09	7.811855e-10
5.720000e+03	5.760000e+03	1.652785e-09	0.000000e+00	1.464885e-09
5.760000e+03	5.800000e+03	8.964647e-10	0.000000e+00	1.003524e-09
5.800000e+03	5.840000e+03	1.968170e-09	2.216180e-09	2.124300e-09
5.840000e+03	5.880000e+03	1.676970e-09	6.416735e-09	1.864007e-10
5.880000e+03	5.920000e+03	2.775305e-09	9.581798e-10	0.000000e+00
5.920000e+03	5.960000e+03	1.309307e-09	3.003352e-10	1.710950e-11
5.960000e+03	6.000000e+03	1.164293e-09	5.037390e-10	3.143713e-10
# END HISTO1D


# BEGIN HISTO1D //homes/tinghua1/higgs-anomalous/Herwig7/gcc11_install_test/H-N2-N3-4-25gev/Scale-variation/yodacombine/H-N2-N3-4-25gev-odd-combine.yoda/MC_H2JETS_04_TIGHT/j2j3_mass
ErrorBandColor=green
ErrorBandOpacity=0.3
ErrorBands=1
ErrorBars=1
ErrorType=env
LineColor=green
LineStyle=solid
Path=//homes/tinghua1/higgs-anomalous/Herwig7/gcc11_install_test/H-N2-N3-4-25gev/Scale-variation/yodacombine/H-N2-N3-4-25gev-odd-combine.yoda/MC_H2JETS_04_TIGHT/j2j3_mass
RatioPlotSameStyle=1
Scale=13.4757123194
Title=CP-odd
# xlow	 xhigh	 val	 errminus	 errplus
0.000000e+00	4.000000e+01	6.523578e-05	0.000000e+00	1.155175e-05
4.000000e+01	8.000000e+01	1.091131e-04	0.000000e+00	1.222655e-05
8.000000e+01	1.200000e+02	6.274578e-05	0.000000e+00	6.368250e-07
1.200000e+02	1.600000e+02	3.032358e-05	1.850250e-07	7.450750e-07
1.600000e+02	2.000000e+02	1.572686e-05	0.000000e+00	1.109888e-06
2.000000e+02	2.400000e+02	9.665950e-06	1.093500e-07	4.512300e-07
2.400000e+02	2.800000e+02	7.128407e-06	6.607000e-07	1.249925e-07
2.800000e+02	3.200000e+02	6.525855e-06	2.203825e-07	0.000000e+00
3.200000e+02	3.600000e+02	6.367870e-06	0.000000e+00	5.625925e-07
3.600000e+02	4.000000e+02	6.646115e-06	0.000000e+00	8.340525e-07
4.000000e+02	4.400000e+02	7.337018e-06	0.000000e+00	7.655125e-07
4.400000e+02	4.800000e+02	8.169428e-06	0.000000e+00	2.960525e-07
4.800000e+02	5.200000e+02	8.603433e-06	0.000000e+00	4.360275e-07
5.200000e+02	5.600000e+02	8.698105e-06	0.000000e+00	1.023632e-06
5.600000e+02	6.000000e+02	9.607577e-06	0.000000e+00	3.052850e-07
6.000000e+02	6.400000e+02	9.548250e-06	0.000000e+00	1.191782e-06
6.400000e+02	6.800000e+02	9.643130e-06	0.000000e+00	9.915225e-07
6.800000e+02	7.200000e+02	9.819175e-06	0.000000e+00	9.189050e-07
7.200000e+02	7.600000e+02	9.864515e-06	0.000000e+00	1.109610e-06
7.600000e+02	8.000000e+02	9.059050e-06	0.000000e+00	1.282405e-06
8.000000e+02	8.400000e+02	9.281267e-06	0.000000e+00	9.095375e-07
8.400000e+02	8.800000e+02	1.011425e-05	1.506275e-07	5.163325e-07
8.800000e+02	9.200000e+02	9.338757e-06	1.791375e-07	6.443375e-07
9.200000e+02	9.600000e+02	8.789440e-06	0.000000e+00	1.023388e-06
9.600000e+02	1.000000e+03	7.148645e-06	0.000000e+00	1.841565e-06
1.000000e+03	1.040000e+03	8.067408e-06	6.150325e-07	5.582800e-07
1.040000e+03	1.080000e+03	7.640780e-06	0.000000e+00	5.759225e-07
1.080000e+03	1.120000e+03	7.419617e-06	6.768750e-08	7.258350e-07
1.120000e+03	1.160000e+03	6.948052e-06	0.000000e+00	1.076743e-06
1.160000e+03	1.200000e+03	6.691675e-06	0.000000e+00	2.538825e-07
1.200000e+03	1.240000e+03	6.254435e-06	0.000000e+00	3.039675e-07
1.240000e+03	1.280000e+03	5.847040e-06	1.326825e-07	1.725800e-07
1.280000e+03	1.320000e+03	5.597308e-06	2.650000e-10	1.100450e-07
1.320000e+03	1.360000e+03	5.301115e-06	1.035750e-08	5.386775e-07
1.360000e+03	1.400000e+03	4.869565e-06	0.000000e+00	5.857450e-07
1.400000e+03	1.440000e+03	4.490328e-06	0.000000e+00	3.890750e-07
1.440000e+03	1.480000e+03	4.443455e-06	5.090000e-08	1.897050e-07
1.480000e+03	1.520000e+03	3.978003e-06	0.000000e+00	6.760275e-07
1.520000e+03	1.560000e+03	4.434525e-06	5.275050e-07	0.000000e+00
1.560000e+03	1.600000e+03	3.682955e-06	1.262450e-07	0.000000e+00
1.600000e+03	1.640000e+03	3.382613e-06	7.287750e-08	1.498800e-07
1.640000e+03	1.680000e+03	3.049715e-06	7.373750e-08	3.946000e-08
1.680000e+03	1.720000e+03	3.056895e-06	1.993125e-07	0.000000e+00
1.720000e+03	1.760000e+03	2.911780e-06	3.626650e-07	0.000000e+00
1.760000e+03	1.800000e+03	2.644790e-06	8.223500e-08	0.000000e+00
1.800000e+03	1.840000e+03	1.269550e-06	0.000000e+00	2.253437e-06
1.840000e+03	1.880000e+03	2.292314e-06	0.000000e+00	4.918208e-07
1.880000e+03	1.920000e+03	2.637935e-06	5.687365e-07	0.000000e+00
1.920000e+03	1.960000e+03	1.858265e-06	0.000000e+00	2.112190e-07
1.960000e+03	2.000000e+03	1.795153e-06	0.000000e+00	1.503315e-07
2.000000e+03	2.040000e+03	1.727272e-06	1.648230e-07	6.990950e-08
2.040000e+03	2.080000e+03	1.514724e-06	2.810632e-07	1.385018e-07
2.080000e+03	2.120000e+03	1.413642e-06	3.906510e-07	7.799875e-08
2.120000e+03	2.160000e+03	1.454061e-06	1.861323e-07	4.712750e-09
2.160000e+03	2.200000e+03	1.327127e-06	1.709470e-07	0.000000e+00
2.200000e+03	2.240000e+03	1.184728e-06	7.565000e-09	1.311568e-07
2.240000e+03	2.280000e+03	1.107743e-06	0.000000e+00	2.339472e-07
2.280000e+03	2.320000e+03	1.042076e-06	2.516815e-07	0.000000e+00
2.320000e+03	2.360000e+03	9.505183e-07	4.151230e-07	0.000000e+00
2.360000e+03	2.400000e+03	6.810507e-07	1.119625e-08	1.569513e-07
2.400000e+03	2.440000e+03	8.142613e-07	7.695950e-08	0.000000e+00
2.440000e+03	2.480000e+03	6.914503e-07	0.000000e+00	1.221698e-07
2.480000e+03	2.520000e+03	7.258005e-07	6.658850e-08	1.114925e-08
2.520000e+03	2.560000e+03	6.100950e-07	0.000000e+00	8.285000e-08
2.560000e+03	2.600000e+03	6.347543e-07	8.104500e-09	4.042375e-08
2.600000e+03	2.640000e+03	5.912643e-07	1.121578e-07	0.000000e+00
2.640000e+03	2.680000e+03	5.290952e-07	0.000000e+00	1.827800e-08
2.680000e+03	2.720000e+03	4.650860e-07	4.093775e-08	0.000000e+00
2.720000e+03	2.760000e+03	4.138737e-07	9.162500e-10	6.205400e-08
2.760000e+03	2.800000e+03	3.980022e-07	0.000000e+00	9.591525e-08
2.800000e+03	2.840000e+03	4.277513e-07	0.000000e+00	2.561657e-07
2.840000e+03	2.880000e+03	3.439730e-07	8.804250e-09	3.524600e-08
2.880000e+03	2.920000e+03	3.256300e-07	4.304300e-08	0.000000e+00
2.920000e+03	2.960000e+03	2.526405e-07	0.000000e+00	7.655075e-08
2.960000e+03	3.000000e+03	2.436060e-07	6.748375e-08	5.799850e-08
3.000000e+03	3.040000e+03	2.454943e-07	0.000000e+00	4.685265e-08
3.040000e+03	3.080000e+03	2.770837e-08	0.000000e+00	1.951705e-07
3.080000e+03	3.120000e+03	2.483860e-07	1.808195e-08	1.834775e-09
3.120000e+03	3.160000e+03	1.980143e-07	0.000000e+00	1.992592e-08
3.160000e+03	3.200000e+03	2.000112e-07	3.428550e-08	0.000000e+00
3.200000e+03	3.240000e+03	1.370131e-07	0.000000e+00	7.076813e-08
3.240000e+03	3.280000e+03	1.876202e-07	5.637812e-08	0.000000e+00
3.280000e+03	3.320000e+03	1.559291e-07	0.000000e+00	2.809699e-07
3.320000e+03	3.360000e+03	1.529932e-07	8.421725e-09	8.198975e-09
3.360000e+03	3.400000e+03	1.299251e-07	7.913050e-09	3.115475e-09
3.400000e+03	3.440000e+03	1.250352e-07	1.006297e-08	3.762800e-09
3.440000e+03	3.480000e+03	1.105972e-07	0.000000e+00	5.516875e-09
3.480000e+03	3.520000e+03	1.002166e-07	4.989275e-09	4.253252e-08
3.520000e+03	3.560000e+03	1.093944e-07	2.187503e-08	0.000000e+00
3.560000e+03	3.600000e+03	1.002864e-07	1.676435e-08	0.000000e+00
3.600000e+03	3.640000e+03	9.177483e-08	0.000000e+00	1.194773e-07
3.640000e+03	3.680000e+03	9.688050e-08	1.513088e-08	0.000000e+00
3.680000e+03	3.720000e+03	1.066567e-07	3.295322e-08	0.000000e+00
3.720000e+03	3.760000e+03	6.190463e-08	0.000000e+00	1.116392e-08
3.760000e+03	3.800000e+03	6.002338e-08	0.000000e+00	5.778625e-09
3.800000e+03	3.840000e+03	3.445915e-08	0.000000e+00	3.864060e-08
3.840000e+03	3.880000e+03	3.948205e-08	1.349883e-08	1.330375e-08
3.880000e+03	3.920000e+03	4.491903e-08	3.946850e-09	1.982675e-09
3.920000e+03	3.960000e+03	4.031877e-08	9.915250e-10	1.073250e-09
3.960000e+03	4.000000e+03	3.280672e-08	0.000000e+00	7.698075e-09
4.000000e+03	4.040000e+03	3.887688e-08	8.317675e-09	0.000000e+00
4.040000e+03	4.080000e+03	2.861472e-08	0.000000e+00	2.066608e-08
4.080000e+03	4.120000e+03	2.376936e-08	3.841888e-09	1.002664e-08
4.120000e+03	4.160000e+03	3.001358e-08	3.751504e-08	0.000000e+00
4.160000e+03	4.200000e+03	2.563838e-08	0.000000e+00	2.956170e-08
4.200000e+03	4.240000e+03	2.644320e-08	5.890750e-10	1.804550e-09
4.240000e+03	4.280000e+03	2.437505e-08	1.201502e-09	8.391950e-10
4.280000e+03	4.320000e+03	1.952897e-08	0.000000e+00	3.197913e-09
4.320000e+03	4.360000e+03	2.013356e-08	5.560187e-09	0.000000e+00
4.360000e+03	4.400000e+03	1.118245e-08	0.000000e+00	5.443913e-09
4.400000e+03	4.440000e+03	1.727171e-08	0.000000e+00	8.705215e-09
4.440000e+03	4.480000e+03	7.749157e-09	0.000000e+00	8.703900e-09
4.480000e+03	4.520000e+03	1.757582e-08	5.822813e-09	0.000000e+00
4.520000e+03	4.560000e+03	9.822365e-09	1.637468e-09	2.073075e-09
4.560000e+03	4.600000e+03	1.012182e-08	0.000000e+00	1.771497e-09
4.600000e+03	4.640000e+03	1.046621e-08	4.489100e-10	6.130200e-10
4.640000e+03	4.680000e+03	-4.285153e-08	0.000000e+00	5.363107e-08
4.680000e+03	4.720000e+03	1.030840e-08	1.551312e-09	2.258175e-10
4.720000e+03	4.760000e+03	1.871045e-08	1.220295e-08	0.000000e+00
4.760000e+03	4.800000e+03	6.769750e-09	3.561600e-10	2.209705e-09
4.800000e+03	4.840000e+03	6.734038e-09	8.331425e-10	2.663750e-11
4.840000e+03	4.880000e+03	5.535418e-09	5.506860e-09	7.964175e-10
4.880000e+03	4.920000e+03	6.099040e-09	6.046100e-10	8.837000e-11
4.920000e+03	4.960000e+03	6.001922e-09	1.871375e-09	0.000000e+00
4.960000e+03	5.000000e+03	5.757207e-09	7.758525e-10	0.000000e+00
5.000000e+03	5.040000e+03	7.402707e-09	3.327085e-09	0.000000e+00
5.040000e+03	5.080000e+03	4.049598e-09	0.000000e+00	1.442272e-09
5.080000e+03	5.120000e+03	3.990367e-09	9.104625e-10	8.872675e-10
5.120000e+03	5.160000e+03	3.050512e-09	5.484125e-10	6.699400e-10
5.160000e+03	5.200000e+03	5.170115e-09	3.312244e-09	0.000000e+00
5.200000e+03	5.240000e+03	1.582524e-09	0.000000e+00	8.730688e-10
5.240000e+03	5.280000e+03	1.825100e-09	0.000000e+00	2.152233e-09
5.280000e+03	5.320000e+03	2.268818e-09	0.000000e+00	2.637880e-09
5.320000e+03	5.360000e+03	2.822845e-09	1.155094e-09	0.000000e+00
5.360000e+03	5.400000e+03	1.128152e-09	0.000000e+00	2.626793e-09
5.400000e+03	5.440000e+03	1.284263e-09	2.128749e-08	5.753155e-10
5.440000e+03	5.480000e+03	1.497393e-09	1.187930e-10	0.000000e+00
5.480000e+03	5.520000e+03	1.038457e-09	0.000000e+00	1.173360e-09
5.520000e+03	5.560000e+03	1.560258e-09	2.203441e-08	0.000000e+00
5.560000e+03	5.600000e+03	5.335597e-10	0.000000e+00	1.275214e-09
5.600000e+03	5.640000e+03	1.512094e-09	1.897648e-10	0.000000e+00
5.640000e+03	5.680000e+03	1.198689e-09	5.566665e-10	3.757920e-10
5.680000e+03	5.720000e+03	8.290788e-10	0.000000e+00	4.122623e-10
5.720000e+03	5.760000e+03	1.804551e-09	5.726823e-10	6.697586e-09
5.760000e+03	5.800000e+03	2.292506e-09	1.576919e-09	0.000000e+00
5.800000e+03	5.840000e+03	5.703555e-10	0.000000e+00	8.690917e-10
5.840000e+03	5.880000e+03	9.841597e-10	4.937582e-10	8.517305e-10
5.880000e+03	5.920000e+03	1.869108e-10	0.000000e+00	7.699684e-10
5.920000e+03	5.960000e+03	9.285848e-10	3.029825e-10	0.000000e+00
5.960000e+03	6.000000e+03	7.793368e-10	1.869235e-10	0.000000e+00
# END HISTO1D

