# BEGIN PLOT
LegendOnly=//homes/tinghua1/higgs-anomalous/Herwig7/gcc11_install_test/H-N2-N3-4-25gev/Scale-variation/yodacombine/H-N2-N3-4-25gev-even-combine.yoda/MC_H2JETS_04_TIGHT/log10_R_0 //homes/tinghua1/higgs-anomalous/Herwig7/gcc11_install_test/H-N2-N3-4-25gev/Scale-variation/yodacombine/H-N2-N3-4-25gev-mixed-combine.yoda/MC_H2JETS_04_TIGHT/log10_R_0 //homes/tinghua1/higgs-anomalous/Herwig7/gcc11_install_test/H-N2-N3-4-25gev/Scale-variation/yodacombine/H-N2-N3-4-25gev-odd-combine.yoda/MC_H2JETS_04_TIGHT/log10_R_0
DrawOnly=//homes/tinghua1/higgs-anomalous/Herwig7/gcc11_install_test/H-N2-N3-4-25gev/Scale-variation/yodacombine/H-N2-N3-4-25gev-even-combine.yoda/MC_H2JETS_04_TIGHT/log10_R_0 //homes/tinghua1/higgs-anomalous/Herwig7/gcc11_install_test/H-N2-N3-4-25gev/Scale-variation/yodacombine/H-N2-N3-4-25gev-mixed-combine.yoda/MC_H2JETS_04_TIGHT/log10_R_0 //homes/tinghua1/higgs-anomalous/Herwig7/gcc11_install_test/H-N2-N3-4-25gev/Scale-variation/yodacombine/H-N2-N3-4-25gev-odd-combine.yoda/MC_H2JETS_04_TIGHT/log10_R_0
Title=$\log_{10}$(Integrated $0$ jet rate in $k_\perp$ [GeV])
RatioPlotReference=//homes/tinghua1/higgs-anomalous/Herwig7/gcc11_install_test/H-N2-N3-4-25gev/Scale-variation/yodacombine/H-N2-N3-4-25gev-even-combine.yoda/MC_H2JETS_04_TIGHT/log10_R_0
RightMargin=0.5
RatioPlot=1
LogY=1
RatioPlotYMax=1.2
RatioPlotYLabel=Ratio
XLabel=$\log_{10}(d_{\text{cut}}/\text{GeV})$
LegendAlign=r
YLabel=$R_{0}$
Legend=1
RatioPlotYMin=0.7
# END PLOT


# BEGIN SPECIAL /MC_H2JETS_04_TIGHT/log10_R_0
\rput[tl](0.05,0.75){\parbox{5cm}{\textcolor{gray}{{\bf Herwig 7.2.3} \\ VBFNLO 3.0.0}}}
# END SPECIAL

# BEGIN HISTO1D //homes/tinghua1/higgs-anomalous/Herwig7/gcc11_install_test/H-N2-N3-4-25gev/Scale-variation/yodacombine/H-N2-N3-4-25gev-even-combine.yoda/MC_H2JETS_04_TIGHT/log10_R_0
ErrorBandColor=blue
ErrorBandOpacity=0.3
ErrorBands=1
ErrorBars=1
ErrorType=env
LineColor=blue
LineStyle=solid
Path=//homes/tinghua1/higgs-anomalous/Herwig7/gcc11_install_test/H-N2-N3-4-25gev/Scale-variation/yodacombine/H-N2-N3-4-25gev-even-combine.yoda/MC_H2JETS_04_TIGHT/log10_R_0
RatioPlotSameStyle=1
Scale=12.5862155767
Title=CP-even
XLabel=~
YLabel=~
# xlow	 xhigh	 val	 errminus	 errplus
2.000000e-01	2.722582e-01	0.000000e+00	0.000000e+00	0.000000e+00
2.722583e-01	3.445165e-01	0.000000e+00	0.000000e+00	0.000000e+00
3.445166e-01	4.167748e-01	0.000000e+00	0.000000e+00	0.000000e+00
4.167748e-01	4.890330e-01	0.000000e+00	0.000000e+00	0.000000e+00
4.890331e-01	5.612913e-01	0.000000e+00	0.000000e+00	0.000000e+00
5.612914e-01	6.335496e-01	0.000000e+00	0.000000e+00	0.000000e+00
6.335496e-01	7.058078e-01	0.000000e+00	0.000000e+00	0.000000e+00
7.058079e-01	7.780661e-01	0.000000e+00	0.000000e+00	0.000000e+00
7.780662e-01	8.503244e-01	0.000000e+00	0.000000e+00	0.000000e+00
8.503244e-01	9.225826e-01	0.000000e+00	0.000000e+00	0.000000e+00
9.225827e-01	9.948409e-01	0.000000e+00	0.000000e+00	0.000000e+00
9.948409e-01	1.067099e+00	0.000000e+00	0.000000e+00	0.000000e+00
1.067099e+00	1.139357e+00	0.000000e+00	0.000000e+00	0.000000e+00
1.139358e+00	1.211616e+00	0.000000e+00	0.000000e+00	0.000000e+00
1.211616e+00	1.283874e+00	0.000000e+00	0.000000e+00	0.000000e+00
1.283874e+00	1.356132e+00	0.000000e+00	0.000000e+00	0.000000e+00
1.356132e+00	1.428390e+00	0.000000e+00	0.000000e+00	0.000000e+00
1.428391e+00	1.500649e+00	2.038391e-06	3.691300e-08	3.483900e-08
1.500649e+00	1.572907e+00	1.972448e-05	1.594500e-06	1.156360e-06
1.572907e+00	1.645165e+00	9.020694e-05	4.426260e-06	4.258950e-06
1.645165e+00	1.717423e+00	3.213023e-04	1.724290e-05	1.426190e-05
1.717424e+00	1.789682e+00	9.470368e-04	3.568950e-05	3.801980e-05
1.789682e+00	1.861940e+00	2.430686e-03	7.029300e-05	5.726600e-05
1.861940e+00	1.934198e+00	5.385347e-03	1.214890e-04	1.045340e-04
1.934199e+00	2.006457e+00	1.023930e-02	2.152600e-04	1.433000e-04
2.006457e+00	2.078715e+00	1.707668e-02	3.285700e-04	1.660700e-04
2.078715e+00	2.150973e+00	2.555413e-02	3.843000e-04	1.438700e-04
2.150973e+00	2.223231e+00	3.494219e-02	3.605100e-04	2.137600e-04
2.223232e+00	2.295490e+00	4.454961e-02	4.770600e-04	8.037000e-05
2.295490e+00	2.367748e+00	5.349492e-02	4.593100e-04	0.000000e+00
2.367748e+00	2.440006e+00	6.116343e-02	5.641100e-04	0.000000e+00
2.440006e+00	2.512264e+00	6.731005e-02	7.285400e-04	4.429500e-04
2.512265e+00	2.584523e+00	7.180977e-02	7.357100e-04	3.146600e-04
2.584523e+00	2.656781e+00	7.497703e-02	9.190100e-04	4.030000e-05
2.656781e+00	2.729039e+00	7.700333e-02	9.895500e-04	0.000000e+00
2.729039e+00	2.801297e+00	7.818600e-02	1.017270e-03	5.894000e-05
2.801298e+00	2.873556e+00	7.885976e-02	1.050530e-03	4.376000e-05
2.873556e+00	2.945814e+00	7.921083e-02	1.041660e-03	3.232000e-05
2.945814e+00	3.018072e+00	7.934939e-02	1.039200e-03	6.504000e-05
3.018073e+00	3.090331e+00	7.942487e-02	1.029910e-03	5.469000e-05
3.090331e+00	3.162589e+00	7.944743e-02	1.025520e-03	6.521000e-05
3.162589e+00	3.234847e+00	7.945686e-02	1.036160e-03	6.203000e-05
3.234847e+00	3.307105e+00	7.945506e-02	1.033000e-03	7.337000e-05
3.307106e+00	3.379364e+00	7.945675e-02	1.037970e-03	6.940000e-05
3.379364e+00	3.451622e+00	7.945432e-02	1.034880e-03	7.408000e-05
3.451622e+00	3.523880e+00	7.945399e-02	1.034490e-03	7.436000e-05
3.523880e+00	3.596138e+00	7.945398e-02	1.034480e-03	7.436000e-05
3.596139e+00	3.668397e+00	7.945398e-02	1.034480e-03	7.436000e-05
3.668397e+00	3.740655e+00	7.945398e-02	1.034480e-03	7.436000e-05
3.740655e+00	3.812913e+00	7.945398e-02	1.034480e-03	7.436000e-05
# END HISTO1D


# BEGIN HISTO1D //homes/tinghua1/higgs-anomalous/Herwig7/gcc11_install_test/H-N2-N3-4-25gev/Scale-variation/yodacombine/H-N2-N3-4-25gev-mixed-combine.yoda/MC_H2JETS_04_TIGHT/log10_R_0
ErrorBandColor=red
ErrorBandOpacity=0.3
ErrorBands=1
ErrorBars=1
ErrorType=env
LineColor=red
LineStyle=solid
Path=//homes/tinghua1/higgs-anomalous/Herwig7/gcc11_install_test/H-N2-N3-4-25gev/Scale-variation/yodacombine/H-N2-N3-4-25gev-mixed-combine.yoda/MC_H2JETS_04_TIGHT/log10_R_0
RatioPlotSameStyle=1
Scale=6.55807371013
Title=CP-mixed
XLabel=~
YLabel=~
# xlow	 xhigh	 val	 errminus	 errplus
2.000000e-01	2.722582e-01	0.000000e+00	0.000000e+00	0.000000e+00
2.722583e-01	3.445165e-01	0.000000e+00	0.000000e+00	0.000000e+00
3.445166e-01	4.167748e-01	0.000000e+00	0.000000e+00	0.000000e+00
4.167748e-01	4.890330e-01	0.000000e+00	0.000000e+00	0.000000e+00
4.890331e-01	5.612913e-01	0.000000e+00	0.000000e+00	0.000000e+00
5.612914e-01	6.335496e-01	0.000000e+00	0.000000e+00	0.000000e+00
6.335496e-01	7.058078e-01	0.000000e+00	0.000000e+00	0.000000e+00
7.058079e-01	7.780661e-01	0.000000e+00	0.000000e+00	0.000000e+00
7.780662e-01	8.503244e-01	0.000000e+00	0.000000e+00	0.000000e+00
8.503244e-01	9.225826e-01	0.000000e+00	0.000000e+00	0.000000e+00
9.225827e-01	9.948409e-01	0.000000e+00	0.000000e+00	0.000000e+00
9.948409e-01	1.067099e+00	0.000000e+00	0.000000e+00	0.000000e+00
1.067099e+00	1.139357e+00	0.000000e+00	0.000000e+00	0.000000e+00
1.139358e+00	1.211616e+00	0.000000e+00	0.000000e+00	0.000000e+00
1.211616e+00	1.283874e+00	0.000000e+00	0.000000e+00	0.000000e+00
1.283874e+00	1.356132e+00	0.000000e+00	0.000000e+00	0.000000e+00
1.356132e+00	1.428390e+00	0.000000e+00	0.000000e+00	0.000000e+00
1.428391e+00	1.500649e+00	3.953156e-06	1.263180e-07	2.890760e-07
1.500649e+00	1.572907e+00	3.612335e-05	0.000000e+00	5.080160e-06
1.572907e+00	1.645165e+00	1.707585e-04	0.000000e+00	1.926460e-05
1.645165e+00	1.717423e+00	6.058672e-04	0.000000e+00	6.285880e-05
1.717424e+00	1.789682e+00	1.807821e-03	0.000000e+00	1.427170e-04
1.789682e+00	1.861940e+00	4.680108e-03	0.000000e+00	2.533500e-04
1.861940e+00	1.934198e+00	1.040684e-02	0.000000e+00	4.488000e-04
1.934199e+00	2.006457e+00	1.977525e-02	0.000000e+00	7.112100e-04
2.006457e+00	2.078715e+00	3.306269e-02	0.000000e+00	9.265700e-04
2.078715e+00	2.150973e+00	4.947319e-02	0.000000e+00	9.465300e-04
2.150973e+00	2.223231e+00	6.775074e-02	0.000000e+00	1.011010e-03
2.223232e+00	2.295490e+00	8.616902e-02	0.000000e+00	1.254310e-03
2.295490e+00	2.367748e+00	1.032874e-01	0.000000e+00	1.487000e-03
2.367748e+00	2.440006e+00	1.178495e-01	0.000000e+00	1.755400e-03
2.440006e+00	2.512264e+00	1.294686e-01	0.000000e+00	1.796100e-03
2.512265e+00	2.584523e+00	1.379160e-01	0.000000e+00	2.049800e-03
2.584523e+00	2.656781e+00	1.438492e-01	0.000000e+00	2.010800e-03
2.656781e+00	2.729039e+00	1.476203e-01	0.000000e+00	2.057500e-03
2.729039e+00	2.801297e+00	1.499365e-01	0.000000e+00	2.119500e-03
2.801298e+00	2.873556e+00	1.512405e-01	0.000000e+00	2.143400e-03
2.873556e+00	2.945814e+00	1.519305e-01	0.000000e+00	2.085200e-03
2.945814e+00	3.018072e+00	1.522419e-01	0.000000e+00	2.100300e-03
3.018073e+00	3.090331e+00	1.523783e-01	0.000000e+00	2.114200e-03
3.090331e+00	3.162589e+00	1.524368e-01	0.000000e+00	2.132000e-03
3.162589e+00	3.234847e+00	1.524713e-01	0.000000e+00	2.110600e-03
3.234847e+00	3.307105e+00	1.524811e-01	0.000000e+00	2.069100e-03
3.307106e+00	3.379364e+00	1.524833e-01	0.000000e+00	2.071200e-03
3.379364e+00	3.451622e+00	1.524835e-01	0.000000e+00	2.072100e-03
3.451622e+00	3.523880e+00	1.524838e-01	0.000000e+00	2.071600e-03
3.523880e+00	3.596138e+00	1.524839e-01	0.000000e+00	2.071400e-03
3.596139e+00	3.668397e+00	1.524839e-01	0.000000e+00	2.071400e-03
3.668397e+00	3.740655e+00	1.524839e-01	0.000000e+00	2.071400e-03
3.740655e+00	3.812913e+00	1.524839e-01	0.000000e+00	2.071400e-03
# END HISTO1D


# BEGIN HISTO1D //homes/tinghua1/higgs-anomalous/Herwig7/gcc11_install_test/H-N2-N3-4-25gev/Scale-variation/yodacombine/H-N2-N3-4-25gev-odd-combine.yoda/MC_H2JETS_04_TIGHT/log10_R_0
ErrorBandColor=green
ErrorBandOpacity=0.3
ErrorBands=1
ErrorBars=1
ErrorType=env
LineColor=green
LineStyle=solid
Path=//homes/tinghua1/higgs-anomalous/Herwig7/gcc11_install_test/H-N2-N3-4-25gev/Scale-variation/yodacombine/H-N2-N3-4-25gev-odd-combine.yoda/MC_H2JETS_04_TIGHT/log10_R_0
RatioPlotSameStyle=1
Scale=13.4757123194
Title=CP-odd
XLabel=~
YLabel=~
# xlow	 xhigh	 val	 errminus	 errplus
2.000000e-01	2.722582e-01	0.000000e+00	0.000000e+00	0.000000e+00
2.722583e-01	3.445165e-01	0.000000e+00	0.000000e+00	0.000000e+00
3.445166e-01	4.167748e-01	0.000000e+00	0.000000e+00	0.000000e+00
4.167748e-01	4.890330e-01	0.000000e+00	0.000000e+00	0.000000e+00
4.890331e-01	5.612913e-01	0.000000e+00	0.000000e+00	0.000000e+00
5.612914e-01	6.335496e-01	0.000000e+00	0.000000e+00	0.000000e+00
6.335496e-01	7.058078e-01	0.000000e+00	0.000000e+00	0.000000e+00
7.058079e-01	7.780661e-01	0.000000e+00	0.000000e+00	0.000000e+00
7.780662e-01	8.503244e-01	0.000000e+00	0.000000e+00	0.000000e+00
8.503244e-01	9.225826e-01	0.000000e+00	0.000000e+00	0.000000e+00
9.225827e-01	9.948409e-01	0.000000e+00	0.000000e+00	0.000000e+00
9.948409e-01	1.067099e+00	0.000000e+00	0.000000e+00	0.000000e+00
1.067099e+00	1.139357e+00	0.000000e+00	0.000000e+00	0.000000e+00
1.139358e+00	1.211616e+00	0.000000e+00	0.000000e+00	0.000000e+00
1.211616e+00	1.283874e+00	0.000000e+00	0.000000e+00	0.000000e+00
1.283874e+00	1.356132e+00	0.000000e+00	0.000000e+00	0.000000e+00
1.356132e+00	1.428390e+00	0.000000e+00	0.000000e+00	0.000000e+00
1.428391e+00	1.500649e+00	2.043217e-06	5.963100e-08	0.000000e+00
1.500649e+00	1.572907e+00	1.812997e-05	0.000000e+00	1.593810e-06
1.572907e+00	1.645165e+00	8.453981e-05	0.000000e+00	1.066930e-05
1.645165e+00	1.717423e+00	3.011089e-04	0.000000e+00	3.082120e-05
1.717424e+00	1.789682e+00	8.965763e-04	0.000000e+00	6.772820e-05
1.789682e+00	1.861940e+00	2.322437e-03	0.000000e+00	1.220380e-04
1.861940e+00	1.934198e+00	5.156861e-03	0.000000e+00	1.956400e-04
1.934199e+00	2.006457e+00	9.806106e-03	0.000000e+00	2.587140e-04
2.006457e+00	2.078715e+00	1.631864e-02	0.000000e+00	2.916600e-04
2.078715e+00	2.150973e+00	2.439831e-02	0.000000e+00	2.989300e-04
2.150973e+00	2.223231e+00	3.331218e-02	0.000000e+00	3.603100e-04
2.223232e+00	2.295490e+00	4.221104e-02	0.000000e+00	4.279400e-04
2.295490e+00	2.367748e+00	5.048519e-02	0.000000e+00	4.659800e-04
2.367748e+00	2.440006e+00	5.753139e-02	0.000000e+00	5.564200e-04
2.440006e+00	2.512264e+00	6.300519e-02	0.000000e+00	7.569700e-04
2.512265e+00	2.584523e+00	6.705152e-02	0.000000e+00	7.817700e-04
2.584523e+00	2.656781e+00	6.988244e-02	0.000000e+00	8.352100e-04
2.656781e+00	2.729039e+00	7.172259e-02	0.000000e+00	8.563900e-04
2.729039e+00	2.801297e+00	7.285496e-02	0.000000e+00	8.894100e-04
2.801298e+00	2.873556e+00	7.349122e-02	0.000000e+00	9.090300e-04
2.873556e+00	2.945814e+00	7.390095e-02	0.000000e+00	8.804500e-04
2.945814e+00	3.018072e+00	7.408129e-02	0.000000e+00	8.455800e-04
3.018073e+00	3.090331e+00	7.415459e-02	0.000000e+00	8.596700e-04
3.090331e+00	3.162589e+00	7.419011e-02	0.000000e+00	8.471500e-04
3.162589e+00	3.234847e+00	7.420238e-02	0.000000e+00	8.451300e-04
3.234847e+00	3.307105e+00	7.420624e-02	0.000000e+00	8.455600e-04
3.307106e+00	3.379364e+00	7.420729e-02	0.000000e+00	8.457200e-04
3.379364e+00	3.451622e+00	7.420760e-02	0.000000e+00	8.457700e-04
3.451622e+00	3.523880e+00	7.420764e-02	0.000000e+00	8.457900e-04
3.523880e+00	3.596138e+00	7.420767e-02	0.000000e+00	8.457600e-04
3.596139e+00	3.668397e+00	7.420767e-02	0.000000e+00	8.457600e-04
3.668397e+00	3.740655e+00	7.420767e-02	0.000000e+00	8.457600e-04
3.740655e+00	3.812913e+00	7.420767e-02	0.000000e+00	8.457600e-04
# END HISTO1D

