# BEGIN PLOT
RaiotPlotYMin=0.0
Rebin=2
DrawOnly=//homes/tinghua1/higgs-anomalous/Herwig7/gcc11_install_test/H-N2-N3-4-25gev/Scale-variation/yodacombine/H-N2-N3-4-25gev-even-combine.yoda/MC_H2JETS_04_TIGHT/log10_d_12 //homes/tinghua1/higgs-anomalous/Herwig7/gcc11_install_test/H-N2-N3-4-25gev/Scale-variation/yodacombine/H-N2-N3-4-25gev-mixed-combine.yoda/MC_H2JETS_04_TIGHT/log10_d_12 //homes/tinghua1/higgs-anomalous/Herwig7/gcc11_install_test/H-N2-N3-4-25gev/Scale-variation/yodacombine/H-N2-N3-4-25gev-odd-combine.yoda/MC_H2JETS_04_TIGHT/log10_d_12
Title=h(2*,3*,4)
RatioPlotReference=//homes/tinghua1/higgs-anomalous/Herwig7/gcc11_install_test/H-N2-N3-4-25gev/Scale-variation/yodacombine/H-N2-N3-4-25gev-even-combine.yoda/MC_H2JETS_04_TIGHT/log10_d_12
RightMargin=0.5
RatioPlot=1
LogY=1
RatioPlotYLabel=Ratio
LegendOnly=//homes/tinghua1/higgs-anomalous/Herwig7/gcc11_install_test/H-N2-N3-4-25gev/Scale-variation/yodacombine/H-N2-N3-4-25gev-even-combine.yoda/MC_H2JETS_04_TIGHT/log10_d_12 //homes/tinghua1/higgs-anomalous/Herwig7/gcc11_install_test/H-N2-N3-4-25gev/Scale-variation/yodacombine/H-N2-N3-4-25gev-mixed-combine.yoda/MC_H2JETS_04_TIGHT/log10_d_12 //homes/tinghua1/higgs-anomalous/Herwig7/gcc11_install_test/H-N2-N3-4-25gev/Scale-variation/yodacombine/H-N2-N3-4-25gev-odd-combine.yoda/MC_H2JETS_04_TIGHT/log10_d_12
XLabel=$\sqrt{d_{12}}$ (GeV)
LegendAlign=r
YLabel=$ \text{d} \sigma / \sqrt{d_{12}}$ (pb/GeV)
RaiotPlotYMax=2.0
Legend=1
# END PLOT


# BEGIN SPECIAL /MC_H2JETS_04_TIGHT/log10_d_12
\rput[tl](0.05,0.75){\parbox{5cm}{\textcolor{gray}{{\bf Herwig 7.2.3} \\ VBFNLO 3.0.0}}}
# END SPECIAL

# BEGIN HISTO1D //homes/tinghua1/higgs-anomalous/Herwig7/gcc11_install_test/H-N2-N3-4-25gev/Scale-variation/yodacombine/H-N2-N3-4-25gev-even-combine.yoda/MC_H2JETS_04_TIGHT/log10_d_12
ErrorBandColor=blue
ErrorBandOpacity=0.3
ErrorBands=1
ErrorBars=1
ErrorType=env
LineColor=blue
LineStyle=solid
Path=//homes/tinghua1/higgs-anomalous/Herwig7/gcc11_install_test/H-N2-N3-4-25gev/Scale-variation/yodacombine/H-N2-N3-4-25gev-even-combine.yoda/MC_H2JETS_04_TIGHT/log10_d_12
RatioPlotSameStyle=1
Scale=12.5862155767
Title=CP-even
# xlow	 xhigh	 val	 errminus	 errplus
2.000000e-01	2.361292e-01	0.000000e+00	0.000000e+00	0.000000e+00
2.361291e-01	2.722583e-01	0.000000e+00	0.000000e+00	0.000000e+00
2.722583e-01	3.083875e-01	0.000000e+00	0.000000e+00	0.000000e+00
3.083874e-01	3.445165e-01	0.000000e+00	0.000000e+00	0.000000e+00
3.445165e-01	3.806457e-01	0.000000e+00	0.000000e+00	0.000000e+00
3.806457e-01	4.167748e-01	0.000000e+00	0.000000e+00	0.000000e+00
4.167748e-01	4.529039e-01	0.000000e+00	0.000000e+00	0.000000e+00
4.529039e-01	4.890331e-01	0.000000e+00	0.000000e+00	0.000000e+00
4.890331e-01	5.251621e-01	0.000000e+00	0.000000e+00	0.000000e+00
5.251623e-01	5.612913e-01	0.000000e+00	0.000000e+00	0.000000e+00
5.612913e-01	5.974205e-01	0.000000e+00	0.000000e+00	0.000000e+00
5.974204e-01	6.335495e-01	0.000000e+00	0.000000e+00	0.000000e+00
6.335497e-01	6.696787e-01	0.000000e+00	0.000000e+00	0.000000e+00
6.696787e-01	7.058079e-01	0.000000e+00	0.000000e+00	0.000000e+00
7.058080e-01	7.419370e-01	0.000000e+00	0.000000e+00	0.000000e+00
7.419370e-01	7.780660e-01	0.000000e+00	0.000000e+00	0.000000e+00
7.780661e-01	8.141953e-01	0.000000e+00	0.000000e+00	0.000000e+00
8.141954e-01	8.503245e-01	0.000000e+00	0.000000e+00	0.000000e+00
8.503244e-01	8.864534e-01	0.000000e+00	0.000000e+00	0.000000e+00
8.864535e-01	9.225827e-01	0.000000e+00	0.000000e+00	0.000000e+00
9.225828e-01	9.587118e-01	0.000000e+00	0.000000e+00	0.000000e+00
9.587118e-01	9.948408e-01	0.000000e+00	0.000000e+00	0.000000e+00
9.948404e-01	1.030970e+00	0.000000e+00	0.000000e+00	0.000000e+00
1.030970e+00	1.067098e+00	0.000000e+00	0.000000e+00	0.000000e+00
1.067100e+00	1.103228e+00	0.000000e+00	0.000000e+00	0.000000e+00
1.103229e+00	1.139358e+00	0.000000e+00	0.000000e+00	0.000000e+00
1.139357e+00	1.175487e+00	0.000000e+00	0.000000e+00	0.000000e+00
1.175487e+00	1.211615e+00	4.603056e-09	2.724216e-09	2.982557e-09
1.211617e+00	1.247745e+00	-6.982341e-08	5.161053e-08	9.256684e-08
1.247746e+00	1.283875e+00	4.758233e-07	3.648660e-07	0.000000e+00
1.283874e+00	1.320002e+00	1.452069e-06	7.560738e-07	3.987049e-07
1.320002e+00	1.356131e+00	4.296460e-06	2.614261e-06	2.061898e-06
1.356132e+00	1.392261e+00	1.136870e-05	6.766036e-06	5.611833e-06
1.392261e+00	1.428391e+00	1.013945e-02	7.532798e-05	6.609604e-04
1.428391e+00	1.464519e+00	1.706300e-02	3.771375e-04	2.932769e-04
1.464519e+00	1.500648e+00	2.379878e-02	2.288743e-04	0.000000e+00
1.500649e+00	1.536778e+00	3.222461e-02	8.828365e-04	0.000000e+00
1.536778e+00	1.572906e+00	4.168621e-02	1.562678e-03	5.447148e-05
1.572906e+00	1.609035e+00	5.160292e-02	6.571729e-04	1.306430e-03
1.609036e+00	1.645165e+00	6.386664e-02	1.085361e-03	1.738963e-03
1.645165e+00	1.681293e+00	7.662952e-02	1.169199e-03	2.226771e-03
1.681294e+00	1.717424e+00	9.063994e-02	1.396374e-03	2.074896e-03
1.717423e+00	1.753552e+00	1.044822e-01	2.226992e-03	3.050292e-03
1.753553e+00	1.789682e+00	1.182749e-01	2.921725e-03	0.000000e+00
1.789682e+00	1.825811e+00	1.278757e-01	2.071106e-03	1.080849e-03
1.825812e+00	1.861940e+00	1.354246e-01	1.635750e-03	0.000000e+00
1.861940e+00	1.898069e+00	1.408186e-01	1.618257e-03	0.000000e+00
1.898069e+00	1.934198e+00	1.416392e-01	0.000000e+00	2.065654e-04
1.934198e+00	1.970328e+00	1.385057e-01	0.000000e+00	1.057598e-03
1.970329e+00	2.006458e+00	1.345170e-01	4.224750e-03	0.000000e+00
2.006458e+00	2.042587e+00	1.245766e-01	1.484984e-03	0.000000e+00
2.042585e+00	2.078714e+00	1.130001e-01	1.917961e-03	8.758615e-04
2.078715e+00	2.114844e+00	1.020464e-01	2.608348e-03	0.000000e+00
2.114845e+00	2.150974e+00	8.806319e-02	2.119682e-03	8.990008e-05
2.150972e+00	2.187101e+00	7.631958e-02	3.005508e-03	0.000000e+00
2.187102e+00	2.223231e+00	6.202934e-02	3.474854e-03	0.000000e+00
2.223231e+00	2.259361e+00	4.835489e-02	6.792693e-04	0.000000e+00
2.259362e+00	2.295491e+00	3.868676e-02	1.675164e-03	0.000000e+00
2.295489e+00	2.331618e+00	2.955014e-02	7.077417e-04	0.000000e+00
2.331619e+00	2.367748e+00	2.104619e-02	0.000000e+00	9.137839e-04
2.367749e+00	2.403878e+00	1.625891e-02	1.191674e-03	1.472695e-04
2.403876e+00	2.440005e+00	1.065597e-02	0.000000e+00	1.187552e-02
2.440006e+00	2.476135e+00	7.259130e-03	3.276703e-04	2.164466e-05
2.476135e+00	2.512265e+00	4.819040e-03	6.276778e-04	0.000000e+00
2.512266e+00	2.548395e+00	2.916596e-03	1.669357e-04	0.000000e+00
2.548393e+00	2.584522e+00	1.949181e-03	2.382153e-04	0.000000e+00
2.584523e+00	2.620652e+00	1.323951e-03	9.848399e-04	0.000000e+00
2.620653e+00	2.656782e+00	5.171023e-04	0.000000e+00	3.297110e-04
2.656780e+00	2.692909e+00	2.994129e-04	1.052678e-04	1.004880e-04
2.692910e+00	2.729039e+00	1.753446e-04	5.385364e-05	0.000000e+00
2.729040e+00	2.765169e+00	4.041858e-05	0.000000e+00	2.849141e-05
2.765168e+00	2.801298e+00	2.259895e-05	0.000000e+00	6.503712e-06
2.801297e+00	2.837426e+00	-6.415486e-06	0.000000e+00	1.374935e-05
2.837427e+00	2.873556e+00	-1.678216e-07	0.000000e+00	1.950913e-06
2.873557e+00	2.909686e+00	6.773481e-07	7.027646e-07	0.000000e+00
2.909686e+00	2.945815e+00	1.204369e-07	1.972706e-08	1.513886e-07
2.945813e+00	2.981942e+00	1.571523e-08	8.183714e-09	0.000000e+00
2.981943e+00	3.018072e+00	1.369744e-09	0.000000e+00	5.456304e-09
3.018072e+00	3.054202e+00	1.143241e-10	8.773155e-10	0.000000e+00
3.054203e+00	3.090332e+00	2.269704e-12	1.931172e-12	1.251860e-10
3.090330e+00	3.126459e+00	2.706445e-12	2.704459e-12	0.000000e+00
3.126460e+00	3.162589e+00	2.991564e-16	2.991564e-16	0.000000e+00
3.162590e+00	3.198719e+00	5.691082e-18	5.691082e-18	0.000000e+00
3.198717e+00	3.234846e+00	0.000000e+00	1.754666e-20	0.000000e+00
3.234847e+00	3.270976e+00	0.000000e+00	0.000000e+00	0.000000e+00
3.270977e+00	3.307106e+00	0.000000e+00	0.000000e+00	0.000000e+00
3.307105e+00	3.343235e+00	0.000000e+00	0.000000e+00	0.000000e+00
3.343234e+00	3.379363e+00	0.000000e+00	0.000000e+00	0.000000e+00
3.379364e+00	3.415493e+00	0.000000e+00	0.000000e+00	0.000000e+00
3.415494e+00	3.451623e+00	0.000000e+00	0.000000e+00	0.000000e+00
3.451621e+00	3.487750e+00	0.000000e+00	0.000000e+00	0.000000e+00
3.487751e+00	3.523880e+00	0.000000e+00	0.000000e+00	0.000000e+00
3.523881e+00	3.560010e+00	0.000000e+00	0.000000e+00	0.000000e+00
3.560009e+00	3.596139e+00	0.000000e+00	0.000000e+00	0.000000e+00
3.596138e+00	3.632267e+00	0.000000e+00	0.000000e+00	0.000000e+00
3.632268e+00	3.668397e+00	0.000000e+00	0.000000e+00	0.000000e+00
3.668398e+00	3.704527e+00	0.000000e+00	0.000000e+00	0.000000e+00
3.704525e+00	3.740654e+00	0.000000e+00	0.000000e+00	0.000000e+00
3.740655e+00	3.776784e+00	0.000000e+00	0.000000e+00	0.000000e+00
3.776785e+00	3.812914e+00	0.000000e+00	0.000000e+00	0.000000e+00
# END HISTO1D


# BEGIN HISTO1D //homes/tinghua1/higgs-anomalous/Herwig7/gcc11_install_test/H-N2-N3-4-25gev/Scale-variation/yodacombine/H-N2-N3-4-25gev-mixed-combine.yoda/MC_H2JETS_04_TIGHT/log10_d_12
ErrorBandColor=red
ErrorBandOpacity=0.3
ErrorBands=1
ErrorBars=1
ErrorType=env
LineColor=red
LineStyle=solid
Path=//homes/tinghua1/higgs-anomalous/Herwig7/gcc11_install_test/H-N2-N3-4-25gev/Scale-variation/yodacombine/H-N2-N3-4-25gev-mixed-combine.yoda/MC_H2JETS_04_TIGHT/log10_d_12
RatioPlotSameStyle=1
Scale=6.55807371013
Title=CP-mixed
# xlow	 xhigh	 val	 errminus	 errplus
2.000000e-01	2.361292e-01	0.000000e+00	0.000000e+00	0.000000e+00
2.361291e-01	2.722583e-01	0.000000e+00	0.000000e+00	0.000000e+00
2.722583e-01	3.083875e-01	0.000000e+00	0.000000e+00	0.000000e+00
3.083874e-01	3.445165e-01	0.000000e+00	0.000000e+00	0.000000e+00
3.445165e-01	3.806457e-01	0.000000e+00	0.000000e+00	0.000000e+00
3.806457e-01	4.167748e-01	0.000000e+00	0.000000e+00	0.000000e+00
4.167748e-01	4.529039e-01	0.000000e+00	0.000000e+00	0.000000e+00
4.529039e-01	4.890331e-01	0.000000e+00	0.000000e+00	0.000000e+00
4.890331e-01	5.251621e-01	0.000000e+00	0.000000e+00	0.000000e+00
5.251623e-01	5.612913e-01	0.000000e+00	0.000000e+00	0.000000e+00
5.612913e-01	5.974205e-01	0.000000e+00	0.000000e+00	0.000000e+00
5.974204e-01	6.335495e-01	0.000000e+00	0.000000e+00	0.000000e+00
6.335497e-01	6.696787e-01	0.000000e+00	0.000000e+00	0.000000e+00
6.696787e-01	7.058079e-01	0.000000e+00	0.000000e+00	0.000000e+00
7.058080e-01	7.419370e-01	0.000000e+00	0.000000e+00	0.000000e+00
7.419370e-01	7.780660e-01	0.000000e+00	0.000000e+00	0.000000e+00
7.780661e-01	8.141953e-01	0.000000e+00	0.000000e+00	0.000000e+00
8.141954e-01	8.503245e-01	0.000000e+00	0.000000e+00	0.000000e+00
8.503244e-01	8.864534e-01	0.000000e+00	0.000000e+00	0.000000e+00
8.864535e-01	9.225827e-01	0.000000e+00	0.000000e+00	0.000000e+00
9.225828e-01	9.587118e-01	0.000000e+00	0.000000e+00	0.000000e+00
9.587118e-01	9.948408e-01	0.000000e+00	0.000000e+00	0.000000e+00
9.948404e-01	1.030970e+00	0.000000e+00	0.000000e+00	0.000000e+00
1.030970e+00	1.067098e+00	0.000000e+00	0.000000e+00	0.000000e+00
1.067100e+00	1.103228e+00	0.000000e+00	0.000000e+00	0.000000e+00
1.103229e+00	1.139358e+00	0.000000e+00	0.000000e+00	0.000000e+00
1.139357e+00	1.175487e+00	0.000000e+00	0.000000e+00	1.114721e-09
1.175487e+00	1.211615e+00	-7.321545e-09	0.000000e+00	2.437751e-08
1.211617e+00	1.247745e+00	6.295973e-08	0.000000e+00	2.926474e-07
1.247746e+00	1.283875e+00	3.257035e-07	0.000000e+00	6.426165e-07
1.283874e+00	1.320002e+00	1.548292e-06	0.000000e+00	2.716127e-06
1.320002e+00	1.356131e+00	4.603150e-06	0.000000e+00	7.894035e-06
1.356132e+00	1.392261e+00	9.733181e-06	0.000000e+00	3.212275e-05
1.392261e+00	1.428391e+00	2.217838e-02	1.633097e-03	0.000000e+00
1.428391e+00	1.464519e+00	3.502289e-02	1.500180e-03	0.000000e+00
1.464519e+00	1.500648e+00	4.814589e-02	4.649727e-04	1.937502e-06
1.500649e+00	1.536778e+00	6.366033e-02	0.000000e+00	1.466689e-03
1.536778e+00	1.572906e+00	8.096153e-02	0.000000e+00	1.840599e-03
1.572906e+00	1.609035e+00	1.022982e-01	0.000000e+00	5.040660e-03
1.609036e+00	1.645165e+00	1.252398e-01	0.000000e+00	3.566581e-03
1.645165e+00	1.681293e+00	1.498629e-01	0.000000e+00	5.407650e-03
1.681294e+00	1.717424e+00	1.774712e-01	0.000000e+00	5.677000e-03
1.717423e+00	1.753552e+00	2.037304e-01	0.000000e+00	9.230148e-03
1.753553e+00	1.789682e+00	2.287965e-01	0.000000e+00	4.829666e-03
1.789682e+00	1.825811e+00	2.495767e-01	0.000000e+00	5.633093e-03
1.825812e+00	1.861940e+00	2.642877e-01	0.000000e+00	4.450663e-03
1.861940e+00	1.898069e+00	2.717382e-01	0.000000e+00	5.355532e-03
1.898069e+00	1.934198e+00	2.741052e-01	2.188464e-03	8.191757e-04
1.934198e+00	1.970328e+00	2.691153e-01	2.496983e-03	2.899557e-03
1.970329e+00	2.006458e+00	2.591548e-01	1.743364e-03	0.000000e+00
2.006458e+00	2.042587e+00	2.386736e-01	2.389106e-03	1.364527e-03
2.042585e+00	2.078714e+00	2.161998e-01	4.223532e-03	5.726231e-03
2.078715e+00	2.114844e+00	1.951148e-01	4.773561e-03	1.137341e-03
2.114845e+00	2.150974e+00	1.654167e-01	3.295967e-04	0.000000e+00
2.150972e+00	2.187101e+00	1.392759e-01	0.000000e+00	4.766448e-03
2.187102e+00	2.223231e+00	1.143701e-01	6.724570e-03	1.831742e-03
2.223231e+00	2.259361e+00	9.108154e-02	4.227235e-04	0.000000e+00
2.259362e+00	2.295491e+00	6.770514e-02	0.000000e+00	6.688062e-03
2.295489e+00	2.331618e+00	5.078294e-02	6.667220e-04	2.065183e-03
2.331619e+00	2.367748e+00	3.853248e-02	0.000000e+00	1.471256e-03
2.367749e+00	2.403878e+00	2.778732e-02	1.223056e-03	1.185640e-03
2.403876e+00	2.440005e+00	1.946175e-02	0.000000e+00	3.648922e-03
2.440006e+00	2.476135e+00	1.175803e-02	0.000000e+00	1.718268e-03
2.476135e+00	2.512265e+00	7.640733e-03	0.000000e+00	4.635455e-04
2.512266e+00	2.548395e+00	4.866780e-03	0.000000e+00	7.313598e-04
2.548393e+00	2.584522e+00	3.059526e-03	7.718946e-04	3.336793e-04
2.584523e+00	2.620652e+00	1.654900e-03	1.168336e-04	1.391680e-05
2.620653e+00	2.656782e+00	9.000183e-04	5.813723e-05	0.000000e+00
2.656780e+00	2.692909e+00	4.380716e-04	1.465889e-04	0.000000e+00
2.692910e+00	2.729039e+00	2.499521e-04	6.704210e-05	3.105710e-05
2.729040e+00	2.765169e+00	1.508392e-04	6.166819e-05	0.000000e+00
2.765168e+00	2.801298e+00	2.658574e-05	0.000000e+00	1.384737e-05
2.801297e+00	2.837426e+00	8.003720e-06	0.000000e+00	1.081924e-05
2.837427e+00	2.873556e+00	4.026549e-06	1.214123e-05	0.000000e+00
2.873557e+00	2.909686e+00	9.175967e-07	8.023748e-09	1.701760e-07
2.909686e+00	2.945815e+00	1.505332e-07	8.651526e-09	1.881407e-06
2.945813e+00	2.981942e+00	1.963597e-08	1.348707e-08	4.282383e-09
2.981943e+00	3.018072e+00	2.982358e-09	0.000000e+00	1.500693e-07
3.018072e+00	3.054202e+00	1.294483e-10	5.351564e-11	0.000000e+00
3.054203e+00	3.090332e+00	-7.412591e-13	0.000000e+00	1.987514e-12
3.090330e+00	3.126459e+00	1.884191e-10	2.039473e-10	0.000000e+00
3.126460e+00	3.162589e+00	7.015334e-14	7.014996e-14	0.000000e+00
3.162590e+00	3.198719e+00	0.000000e+00	0.000000e+00	0.000000e+00
3.198717e+00	3.234846e+00	0.000000e+00	0.000000e+00	0.000000e+00
3.234847e+00	3.270976e+00	0.000000e+00	0.000000e+00	0.000000e+00
3.270977e+00	3.307106e+00	0.000000e+00	0.000000e+00	0.000000e+00
3.307105e+00	3.343235e+00	0.000000e+00	0.000000e+00	0.000000e+00
3.343234e+00	3.379363e+00	0.000000e+00	0.000000e+00	0.000000e+00
3.379364e+00	3.415493e+00	0.000000e+00	0.000000e+00	0.000000e+00
3.415494e+00	3.451623e+00	0.000000e+00	0.000000e+00	0.000000e+00
3.451621e+00	3.487750e+00	0.000000e+00	0.000000e+00	0.000000e+00
3.487751e+00	3.523880e+00	0.000000e+00	0.000000e+00	0.000000e+00
3.523881e+00	3.560010e+00	0.000000e+00	0.000000e+00	0.000000e+00
3.560009e+00	3.596139e+00	0.000000e+00	0.000000e+00	0.000000e+00
3.596138e+00	3.632267e+00	0.000000e+00	0.000000e+00	0.000000e+00
3.632268e+00	3.668397e+00	0.000000e+00	0.000000e+00	0.000000e+00
3.668398e+00	3.704527e+00	0.000000e+00	0.000000e+00	0.000000e+00
3.704525e+00	3.740654e+00	0.000000e+00	0.000000e+00	0.000000e+00
3.740655e+00	3.776784e+00	0.000000e+00	0.000000e+00	0.000000e+00
3.776785e+00	3.812914e+00	0.000000e+00	0.000000e+00	0.000000e+00
# END HISTO1D


# BEGIN HISTO1D //homes/tinghua1/higgs-anomalous/Herwig7/gcc11_install_test/H-N2-N3-4-25gev/Scale-variation/yodacombine/H-N2-N3-4-25gev-odd-combine.yoda/MC_H2JETS_04_TIGHT/log10_d_12
ErrorBandColor=green
ErrorBandOpacity=0.3
ErrorBands=1
ErrorBars=1
ErrorType=env
LineColor=green
LineStyle=solid
Path=//homes/tinghua1/higgs-anomalous/Herwig7/gcc11_install_test/H-N2-N3-4-25gev/Scale-variation/yodacombine/H-N2-N3-4-25gev-odd-combine.yoda/MC_H2JETS_04_TIGHT/log10_d_12
RatioPlotSameStyle=1
Scale=13.4757123194
Title=CP-odd
# xlow	 xhigh	 val	 errminus	 errplus
2.000000e-01	2.361292e-01	0.000000e+00	0.000000e+00	0.000000e+00
2.361291e-01	2.722583e-01	0.000000e+00	0.000000e+00	0.000000e+00
2.722583e-01	3.083875e-01	0.000000e+00	0.000000e+00	0.000000e+00
3.083874e-01	3.445165e-01	0.000000e+00	0.000000e+00	0.000000e+00
3.445165e-01	3.806457e-01	0.000000e+00	0.000000e+00	0.000000e+00
3.806457e-01	4.167748e-01	0.000000e+00	0.000000e+00	0.000000e+00
4.167748e-01	4.529039e-01	0.000000e+00	0.000000e+00	0.000000e+00
4.529039e-01	4.890331e-01	0.000000e+00	0.000000e+00	0.000000e+00
4.890331e-01	5.251621e-01	0.000000e+00	0.000000e+00	0.000000e+00
5.251623e-01	5.612913e-01	0.000000e+00	0.000000e+00	0.000000e+00
5.612913e-01	5.974205e-01	0.000000e+00	0.000000e+00	0.000000e+00
5.974204e-01	6.335495e-01	0.000000e+00	0.000000e+00	0.000000e+00
6.335497e-01	6.696787e-01	0.000000e+00	0.000000e+00	0.000000e+00
6.696787e-01	7.058079e-01	0.000000e+00	0.000000e+00	0.000000e+00
7.058080e-01	7.419370e-01	0.000000e+00	0.000000e+00	0.000000e+00
7.419370e-01	7.780660e-01	0.000000e+00	0.000000e+00	0.000000e+00
7.780661e-01	8.141953e-01	0.000000e+00	0.000000e+00	0.000000e+00
8.141954e-01	8.503245e-01	0.000000e+00	0.000000e+00	0.000000e+00
8.503244e-01	8.864534e-01	0.000000e+00	0.000000e+00	0.000000e+00
8.864535e-01	9.225827e-01	0.000000e+00	0.000000e+00	0.000000e+00
9.225828e-01	9.587118e-01	0.000000e+00	0.000000e+00	0.000000e+00
9.587118e-01	9.948408e-01	0.000000e+00	0.000000e+00	0.000000e+00
9.948404e-01	1.030970e+00	0.000000e+00	0.000000e+00	0.000000e+00
1.030970e+00	1.067098e+00	0.000000e+00	0.000000e+00	0.000000e+00
1.067100e+00	1.103228e+00	0.000000e+00	0.000000e+00	0.000000e+00
1.103229e+00	1.139358e+00	0.000000e+00	0.000000e+00	0.000000e+00
1.139357e+00	1.175487e+00	0.000000e+00	0.000000e+00	0.000000e+00
1.175487e+00	1.211615e+00	2.297253e-09	0.000000e+00	2.442411e-08
1.211617e+00	1.247745e+00	2.751876e-08	0.000000e+00	1.100977e-07
1.247746e+00	1.283875e+00	1.804702e-07	0.000000e+00	5.311288e-07
1.283874e+00	1.320002e+00	6.465360e-07	0.000000e+00	1.569931e-06
1.320002e+00	1.356131e+00	2.328936e-06	0.000000e+00	5.816816e-06
1.356132e+00	1.392261e+00	6.075233e-06	0.000000e+00	6.771663e-06
1.392261e+00	1.428391e+00	1.118749e-02	9.916939e-04	0.000000e+00
1.428391e+00	1.464519e+00	1.762733e-02	9.414902e-04	0.000000e+00
1.464519e+00	1.500648e+00	2.419179e-02	0.000000e+00	2.041103e-04
1.500649e+00	1.536778e+00	3.170287e-02	0.000000e+00	9.166321e-04
1.536778e+00	1.572906e+00	4.082673e-02	0.000000e+00	1.641784e-03
1.572906e+00	1.609035e+00	5.049204e-02	0.000000e+00	2.146198e-03
1.609036e+00	1.645165e+00	6.218713e-02	0.000000e+00	2.966232e-03
1.645165e+00	1.681293e+00	7.501802e-02	0.000000e+00	1.749453e-03
1.681294e+00	1.717424e+00	8.796950e-02	0.000000e+00	3.168945e-03
1.717423e+00	1.753552e+00	1.010304e-01	0.000000e+00	2.240278e-03
1.753553e+00	1.789682e+00	1.128179e-01	0.000000e+00	3.038971e-03
1.789682e+00	1.825811e+00	1.237593e-01	7.394614e-04	3.517119e-04
1.825812e+00	1.861940e+00	1.292534e-01	0.000000e+00	1.774973e-03
1.861940e+00	1.898069e+00	1.335427e-01	0.000000e+00	2.598467e-03
1.898069e+00	1.934198e+00	1.340671e-01	1.594287e-04	5.219630e-04
1.934198e+00	1.970328e+00	1.311743e-01	0.000000e+00	1.559175e-03
1.970329e+00	2.006458e+00	1.284924e-01	4.883418e-03	0.000000e+00
2.006458e+00	2.042587e+00	1.147841e-01	6.082648e-04	4.362673e-03
2.042585e+00	2.078714e+00	1.052643e-01	1.840295e-03	1.411055e-04
2.078715e+00	2.114844e+00	9.143187e-02	0.000000e+00	1.024828e-03
2.114845e+00	2.150974e+00	7.804755e-02	4.578870e-04	0.000000e+00
2.150972e+00	2.187101e+00	6.648712e-02	1.123557e-03	2.003100e-04
2.187102e+00	2.223231e+00	5.338213e-02	0.000000e+00	1.648039e-03
2.223231e+00	2.259361e+00	4.265619e-02	1.616468e-03	8.849986e-04
2.259362e+00	2.295491e+00	3.116698e-02	0.000000e+00	2.487060e-03
2.295489e+00	2.331618e+00	2.407310e-02	0.000000e+00	7.926569e-04
2.331619e+00	2.367748e+00	1.742585e-02	0.000000e+00	1.034020e-03
2.367749e+00	2.403878e+00	1.232529e-02	1.341139e-04	2.520358e-04
2.403876e+00	2.440005e+00	8.392228e-03	1.224174e-03	0.000000e+00
2.440006e+00	2.476135e+00	5.157320e-03	0.000000e+00	7.223920e-04
2.476135e+00	2.512265e+00	3.014642e-03	0.000000e+00	2.158317e-05
2.512266e+00	2.548395e+00	2.164095e-03	6.614113e-04	1.256224e-03
2.548393e+00	2.584522e+00	1.234967e-03	6.593761e-05	9.162999e-06
2.584523e+00	2.620652e+00	1.070368e-03	5.219693e-04	0.000000e+00
2.620653e+00	2.656782e+00	3.220302e-04	4.726173e-05	2.537906e-05
2.656780e+00	2.692909e+00	1.159593e-04	0.000000e+00	5.630732e-05
2.692910e+00	2.729039e+00	4.900830e-05	0.000000e+00	2.039317e-05
2.729040e+00	2.765169e+00	2.432525e-05	7.798176e-06	9.443298e-06
2.765168e+00	2.801298e+00	1.036561e-05	2.359125e-05	5.126875e-07
2.801297e+00	2.837426e+00	3.817072e-06	1.741868e-06	6.014086e-06
2.837427e+00	2.873556e+00	6.423040e-07	3.094706e-06	3.766974e-07
2.873557e+00	2.909686e+00	1.789963e-07	6.547206e-08	0.000000e+00
2.909686e+00	2.945815e+00	2.019310e-08	2.850240e-08	0.000000e+00
2.945813e+00	2.981942e+00	1.334473e-09	0.000000e+00	3.520078e-09
2.981943e+00	3.018072e+00	1.374054e-10	0.000000e+00	3.721427e-10
3.018072e+00	3.054202e+00	2.941854e-12	0.000000e+00	5.609352e-11
3.054203e+00	3.090332e+00	6.517687e-13	0.000000e+00	1.144237e-11
3.090330e+00	3.126459e+00	1.797966e-13	4.265673e-14	6.776462e-14
3.126460e+00	3.162589e+00	0.000000e+00	0.000000e+00	1.369526e-16
3.162590e+00	3.198719e+00	0.000000e+00	0.000000e+00	4.624891e-17
3.198717e+00	3.234846e+00	0.000000e+00	0.000000e+00	0.000000e+00
3.234847e+00	3.270976e+00	0.000000e+00	0.000000e+00	0.000000e+00
3.270977e+00	3.307106e+00	0.000000e+00	0.000000e+00	0.000000e+00
3.307105e+00	3.343235e+00	0.000000e+00	0.000000e+00	0.000000e+00
3.343234e+00	3.379363e+00	0.000000e+00	0.000000e+00	0.000000e+00
3.379364e+00	3.415493e+00	0.000000e+00	0.000000e+00	0.000000e+00
3.415494e+00	3.451623e+00	0.000000e+00	0.000000e+00	0.000000e+00
3.451621e+00	3.487750e+00	0.000000e+00	0.000000e+00	0.000000e+00
3.487751e+00	3.523880e+00	0.000000e+00	0.000000e+00	0.000000e+00
3.523881e+00	3.560010e+00	0.000000e+00	0.000000e+00	0.000000e+00
3.560009e+00	3.596139e+00	0.000000e+00	0.000000e+00	0.000000e+00
3.596138e+00	3.632267e+00	0.000000e+00	0.000000e+00	0.000000e+00
3.632268e+00	3.668397e+00	0.000000e+00	0.000000e+00	0.000000e+00
3.668398e+00	3.704527e+00	0.000000e+00	0.000000e+00	0.000000e+00
3.704525e+00	3.740654e+00	0.000000e+00	0.000000e+00	0.000000e+00
3.740655e+00	3.776784e+00	0.000000e+00	0.000000e+00	0.000000e+00
3.776785e+00	3.812914e+00	0.000000e+00	0.000000e+00	0.000000e+00
# END HISTO1D

