# BEGIN PLOT
LegendOnly=//homes/tinghua1/higgs-anomalous/Herwig7/gcc11_install_test/H-N2-N3-4-25gev/Scale-variation/yodacombine/H-N2-N3-4-25gev-even-combine.yoda/MC_H2JETS_04_TIGHT/log10_R_1 //homes/tinghua1/higgs-anomalous/Herwig7/gcc11_install_test/H-N2-N3-4-25gev/Scale-variation/yodacombine/H-N2-N3-4-25gev-mixed-combine.yoda/MC_H2JETS_04_TIGHT/log10_R_1 //homes/tinghua1/higgs-anomalous/Herwig7/gcc11_install_test/H-N2-N3-4-25gev/Scale-variation/yodacombine/H-N2-N3-4-25gev-odd-combine.yoda/MC_H2JETS_04_TIGHT/log10_R_1
DrawOnly=//homes/tinghua1/higgs-anomalous/Herwig7/gcc11_install_test/H-N2-N3-4-25gev/Scale-variation/yodacombine/H-N2-N3-4-25gev-even-combine.yoda/MC_H2JETS_04_TIGHT/log10_R_1 //homes/tinghua1/higgs-anomalous/Herwig7/gcc11_install_test/H-N2-N3-4-25gev/Scale-variation/yodacombine/H-N2-N3-4-25gev-mixed-combine.yoda/MC_H2JETS_04_TIGHT/log10_R_1 //homes/tinghua1/higgs-anomalous/Herwig7/gcc11_install_test/H-N2-N3-4-25gev/Scale-variation/yodacombine/H-N2-N3-4-25gev-odd-combine.yoda/MC_H2JETS_04_TIGHT/log10_R_1
Title=$\log_{10}$(Integrated $0$ jet rate in $k_\perp$ [GeV])
RatioPlotReference=//homes/tinghua1/higgs-anomalous/Herwig7/gcc11_install_test/H-N2-N3-4-25gev/Scale-variation/yodacombine/H-N2-N3-4-25gev-even-combine.yoda/MC_H2JETS_04_TIGHT/log10_R_1
RightMargin=0.5
RatioPlot=1
LogY=1
RatioPlotYMax=1.2
RatioPlotYLabel=Ratio
XLabel=$\log_{10}(d_{\text{cut}}/\text{GeV})$
LegendAlign=r
YLabel=$R_{1}$
Legend=1
RatioPlotYMin=0.7
# END PLOT


# BEGIN SPECIAL /MC_H2JETS_04_TIGHT/log10_R_1
\rput[tl](0.05,0.75){\parbox{5cm}{\textcolor{gray}{{\bf Herwig 7.2.3} \\ VBFNLO 3.0.0}}}
# END SPECIAL

# BEGIN HISTO1D //homes/tinghua1/higgs-anomalous/Herwig7/gcc11_install_test/H-N2-N3-4-25gev/Scale-variation/yodacombine/H-N2-N3-4-25gev-even-combine.yoda/MC_H2JETS_04_TIGHT/log10_R_1
ErrorBandColor=blue
ErrorBandOpacity=0.3
ErrorBands=1
ErrorBars=1
ErrorType=env
LineColor=blue
LineStyle=solid
Path=//homes/tinghua1/higgs-anomalous/Herwig7/gcc11_install_test/H-N2-N3-4-25gev/Scale-variation/yodacombine/H-N2-N3-4-25gev-even-combine.yoda/MC_H2JETS_04_TIGHT/log10_R_1
RatioPlotSameStyle=1
Scale=12.5862155767
Title=CP-even
XLabel=~
YLabel=~
# xlow	 xhigh	 val	 errminus	 errplus
2.000000e-01	2.722582e-01	0.000000e+00	0.000000e+00	0.000000e+00
2.722583e-01	3.445165e-01	0.000000e+00	0.000000e+00	0.000000e+00
3.445166e-01	4.167748e-01	0.000000e+00	0.000000e+00	0.000000e+00
4.167748e-01	4.890330e-01	0.000000e+00	0.000000e+00	0.000000e+00
4.890331e-01	5.612913e-01	0.000000e+00	0.000000e+00	0.000000e+00
5.612914e-01	6.335496e-01	0.000000e+00	0.000000e+00	0.000000e+00
6.335496e-01	7.058078e-01	0.000000e+00	0.000000e+00	0.000000e+00
7.058079e-01	7.780661e-01	0.000000e+00	0.000000e+00	0.000000e+00
7.780662e-01	8.503244e-01	0.000000e+00	0.000000e+00	0.000000e+00
8.503244e-01	9.225826e-01	0.000000e+00	0.000000e+00	0.000000e+00
9.225827e-01	9.948409e-01	0.000000e+00	0.000000e+00	0.000000e+00
9.948409e-01	1.067099e+00	0.000000e+00	0.000000e+00	0.000000e+00
1.067099e+00	1.139357e+00	0.000000e+00	0.000000e+00	0.000000e+00
1.139358e+00	1.211616e+00	0.000000e+00	0.000000e+00	0.000000e+00
1.211616e+00	1.283874e+00	-2.357329e-09	1.752455e-09	3.247013e-09
1.283874e+00	1.356132e+00	6.730150e-08	3.725997e-08	7.455400e-09
1.356132e+00	1.428390e+00	6.333693e-07	3.762410e-07	2.848578e-07
1.428391e+00	1.500649e+00	9.814900e-04	1.620370e-05	3.405600e-05
1.500649e+00	1.572907e+00	2.987045e-03	4.044400e-05	0.000000e+00
1.572907e+00	1.645165e+00	6.286956e-03	8.104600e-05	5.652000e-06
1.645165e+00	1.717423e+00	1.113177e-02	1.496100e-04	1.395800e-04
1.717424e+00	1.789682e+00	1.755589e-02	2.622800e-04	3.005800e-04
1.789682e+00	1.861940e+00	2.496599e-02	4.086300e-04	3.055500e-04
1.861940e+00	1.934198e+00	3.199200e-02	4.584600e-04	1.492500e-04
1.934199e+00	2.006457e+00	3.725986e-02	3.550100e-04	1.561100e-04
2.006457e+00	2.078715e+00	3.978362e-02	4.331900e-04	2.900000e-05
2.078715e+00	2.150973e+00	3.907635e-02	4.114400e-04	0.000000e+00
2.150973e+00	2.223231e+00	3.562796e-02	5.412600e-04	0.000000e+00
2.223232e+00	2.295490e+00	3.000855e-02	4.708300e-04	0.000000e+00
2.295490e+00	2.367748e+00	2.352867e-02	5.153500e-04	0.000000e+00
2.367748e+00	2.440006e+00	1.720769e-02	4.203400e-04	0.000000e+00
2.440006e+00	2.512264e+00	1.170831e-02	3.292100e-04	0.000000e+00
2.512265e+00	2.584523e+00	7.488069e-03	2.755360e-04	0.000000e+00
2.584523e+00	2.656781e+00	4.439034e-03	1.123290e-04	1.724100e-05
2.656781e+00	2.729039e+00	2.442251e-03	4.362400e-05	8.226400e-05
2.729039e+00	2.801297e+00	1.267372e-03	1.775800e-05	1.484600e-05
2.801298e+00	2.873556e+00	5.941964e-04	0.000000e+00	3.054080e-05
2.873556e+00	2.945814e+00	2.431383e-04	0.000000e+00	4.203980e-05
2.945814e+00	3.018072e+00	1.045880e-04	0.000000e+00	9.312500e-06
3.018073e+00	3.090331e+00	2.911568e-05	4.569270e-06	1.966261e-05
3.090331e+00	3.162589e+00	6.555171e-06	8.965408e-06	9.128069e-06
3.162589e+00	3.234847e+00	-2.876909e-06	0.000000e+00	1.233193e-05
3.234847e+00	3.307105e+00	-1.084577e-06	1.476275e-06	9.865049e-07
3.307106e+00	3.379364e+00	-2.769522e-06	0.000000e+00	4.951537e-06
3.379364e+00	3.451622e+00	-3.470612e-07	0.000000e+00	4.122683e-07
3.451622e+00	3.523880e+00	-8.943799e-09	0.000000e+00	2.017569e-08
3.523880e+00	3.596138e+00	-2.970123e-10	0.000000e+00	3.522346e-09
3.596139e+00	3.668397e+00	-9.286401e-13	2.218879e-11	2.485825e-11
3.668397e+00	3.740655e+00	1.299808e-15	8.942170e-16	3.031584e-15
3.740655e+00	3.812913e+00	0.000000e+00	0.000000e+00	0.000000e+00
# END HISTO1D


# BEGIN HISTO1D //homes/tinghua1/higgs-anomalous/Herwig7/gcc11_install_test/H-N2-N3-4-25gev/Scale-variation/yodacombine/H-N2-N3-4-25gev-mixed-combine.yoda/MC_H2JETS_04_TIGHT/log10_R_1
ErrorBandColor=red
ErrorBandOpacity=0.3
ErrorBands=1
ErrorBars=1
ErrorType=env
LineColor=red
LineStyle=solid
Path=//homes/tinghua1/higgs-anomalous/Herwig7/gcc11_install_test/H-N2-N3-4-25gev/Scale-variation/yodacombine/H-N2-N3-4-25gev-mixed-combine.yoda/MC_H2JETS_04_TIGHT/log10_R_1
RatioPlotSameStyle=1
Scale=6.55807371013
Title=CP-mixed
XLabel=~
YLabel=~
# xlow	 xhigh	 val	 errminus	 errplus
2.000000e-01	2.722582e-01	0.000000e+00	0.000000e+00	0.000000e+00
2.722583e-01	3.445165e-01	0.000000e+00	0.000000e+00	0.000000e+00
3.445166e-01	4.167748e-01	0.000000e+00	0.000000e+00	0.000000e+00
4.167748e-01	4.890330e-01	0.000000e+00	0.000000e+00	0.000000e+00
4.890331e-01	5.612913e-01	0.000000e+00	0.000000e+00	0.000000e+00
5.612914e-01	6.335496e-01	0.000000e+00	0.000000e+00	0.000000e+00
6.335496e-01	7.058078e-01	0.000000e+00	0.000000e+00	0.000000e+00
7.058079e-01	7.780661e-01	0.000000e+00	0.000000e+00	0.000000e+00
7.780662e-01	8.503244e-01	0.000000e+00	0.000000e+00	0.000000e+00
8.503244e-01	9.225826e-01	0.000000e+00	0.000000e+00	0.000000e+00
9.225827e-01	9.948409e-01	0.000000e+00	0.000000e+00	0.000000e+00
9.948409e-01	1.067099e+00	0.000000e+00	0.000000e+00	0.000000e+00
1.067099e+00	1.139357e+00	0.000000e+00	0.000000e+00	0.000000e+00
1.139358e+00	1.211616e+00	0.000000e+00	0.000000e+00	4.025168e-11
1.211616e+00	1.283874e+00	2.010201e-09	0.000000e+00	1.119766e-08
1.283874e+00	1.356132e+00	6.972113e-08	0.000000e+00	1.272274e-07
1.356132e+00	1.428390e+00	5.876839e-07	0.000000e+00	1.573032e-06
1.428391e+00	1.500649e+00	2.063281e-03	1.123190e-04	0.000000e+00
1.500649e+00	1.572907e+00	6.070560e-03	8.405900e-05	0.000000e+00
1.572907e+00	1.645165e+00	1.255692e-02	0.000000e+00	1.683600e-04
1.645165e+00	1.717423e+00	2.206099e-02	0.000000e+00	4.492700e-04
1.717424e+00	1.789682e+00	3.463162e-02	0.000000e+00	9.080900e-04
1.789682e+00	1.861940e+00	4.904248e-02	0.000000e+00	1.169990e-03
1.861940e+00	1.934198e+00	6.268183e-02	0.000000e+00	1.238090e-03
1.934199e+00	2.006457e+00	7.293972e-02	0.000000e+00	8.076300e-04
2.006457e+00	2.078715e+00	7.763835e-02	0.000000e+00	7.056800e-04
2.078715e+00	2.150973e+00	7.608826e-02	0.000000e+00	8.074800e-04
2.150973e+00	2.223231e+00	6.881894e-02	0.000000e+00	7.610500e-04
2.223232e+00	2.295490e+00	5.782351e-02	3.501200e-04	5.241800e-04
2.295490e+00	2.367748e+00	4.498602e-02	1.571300e-04	5.272800e-04
2.367748e+00	2.440006e+00	3.281993e-02	0.000000e+00	2.658700e-04
2.440006e+00	2.512264e+00	2.232881e-02	0.000000e+00	3.150900e-04
2.512265e+00	2.584523e+00	1.433326e-02	0.000000e+00	1.286100e-04
2.584523e+00	2.656781e+00	8.570407e-03	0.000000e+00	1.523310e-04
2.656781e+00	2.729039e+00	4.847684e-03	0.000000e+00	1.762920e-04
2.729039e+00	2.801297e+00	2.545933e-03	4.824500e-05	1.101970e-04
2.801298e+00	2.873556e+00	1.243200e-03	7.152700e-05	2.298770e-04
2.873556e+00	2.945814e+00	5.533446e-04	1.373320e-05	5.782110e-05
2.945814e+00	3.018072e+00	2.419541e-04	8.963540e-05	0.000000e+00
3.018073e+00	3.090331e+00	1.055782e-04	4.273050e-05	0.000000e+00
3.090331e+00	3.162589e+00	4.704374e-05	6.052034e-05	0.000000e+00
3.162589e+00	3.234847e+00	1.255402e-05	3.908819e-05	8.980180e-06
3.234847e+00	3.307105e+00	2.724371e-06	0.000000e+00	2.385706e-06
3.307106e+00	3.379364e+00	5.892254e-07	1.654866e-07	2.587373e-07
3.379364e+00	3.451622e+00	3.950790e-07	1.015959e-06	0.000000e+00
3.451622e+00	3.523880e+00	4.212375e-08	4.881414e-08	0.000000e+00
3.523880e+00	3.596138e+00	5.568043e-10	1.844543e-09	0.000000e+00
3.596139e+00	3.668397e+00	3.365961e-12	2.580946e-11	4.815798e-12
3.668397e+00	3.740655e+00	3.731545e-15	3.051106e-15	0.000000e+00
3.740655e+00	3.812913e+00	0.000000e+00	0.000000e+00	0.000000e+00
# END HISTO1D


# BEGIN HISTO1D //homes/tinghua1/higgs-anomalous/Herwig7/gcc11_install_test/H-N2-N3-4-25gev/Scale-variation/yodacombine/H-N2-N3-4-25gev-odd-combine.yoda/MC_H2JETS_04_TIGHT/log10_R_1
ErrorBandColor=green
ErrorBandOpacity=0.3
ErrorBands=1
ErrorBars=1
ErrorType=env
LineColor=green
LineStyle=solid
Path=//homes/tinghua1/higgs-anomalous/Herwig7/gcc11_install_test/H-N2-N3-4-25gev/Scale-variation/yodacombine/H-N2-N3-4-25gev-odd-combine.yoda/MC_H2JETS_04_TIGHT/log10_R_1
RatioPlotSameStyle=1
Scale=13.4757123194
Title=CP-odd
XLabel=~
YLabel=~
# xlow	 xhigh	 val	 errminus	 errplus
2.000000e-01	2.722582e-01	0.000000e+00	0.000000e+00	0.000000e+00
2.722583e-01	3.445165e-01	0.000000e+00	0.000000e+00	0.000000e+00
3.445166e-01	4.167748e-01	0.000000e+00	0.000000e+00	0.000000e+00
4.167748e-01	4.890330e-01	0.000000e+00	0.000000e+00	0.000000e+00
4.890331e-01	5.612913e-01	0.000000e+00	0.000000e+00	0.000000e+00
5.612914e-01	6.335496e-01	0.000000e+00	0.000000e+00	0.000000e+00
6.335496e-01	7.058078e-01	0.000000e+00	0.000000e+00	0.000000e+00
7.058079e-01	7.780661e-01	0.000000e+00	0.000000e+00	0.000000e+00
7.780662e-01	8.503244e-01	0.000000e+00	0.000000e+00	0.000000e+00
8.503244e-01	9.225826e-01	0.000000e+00	0.000000e+00	0.000000e+00
9.225827e-01	9.948409e-01	0.000000e+00	0.000000e+00	0.000000e+00
9.948409e-01	1.067099e+00	0.000000e+00	0.000000e+00	0.000000e+00
1.067099e+00	1.139357e+00	0.000000e+00	0.000000e+00	0.000000e+00
1.139358e+00	1.211616e+00	0.000000e+00	0.000000e+00	0.000000e+00
1.211616e+00	1.283874e+00	1.077060e-09	0.000000e+00	4.856006e-09
1.283874e+00	1.356132e+00	3.095799e-08	0.000000e+00	8.069281e-08
1.356132e+00	1.428390e+00	3.345904e-07	0.000000e+00	5.359878e-07
1.428391e+00	1.500649e+00	1.039353e-03	6.927130e-05	0.000000e+00
1.500649e+00	1.572907e+00	3.042685e-03	3.405900e-05	2.880000e-07
1.572907e+00	1.645165e+00	6.275535e-03	0.000000e+00	9.361300e-05
1.645165e+00	1.717423e+00	1.101606e-02	0.000000e+00	2.385200e-04
1.717424e+00	1.789682e+00	1.724906e-02	0.000000e+00	3.972700e-04
1.789682e+00	1.861940e+00	2.437050e-02	0.000000e+00	4.653300e-04
1.861940e+00	1.934198e+00	3.103065e-02	0.000000e+00	4.622100e-04
1.934199e+00	2.006457e+00	3.596446e-02	0.000000e+00	4.758000e-04
2.006457e+00	2.078715e+00	3.824128e-02	0.000000e+00	4.614200e-04
2.078715e+00	2.150973e+00	3.726806e-02	0.000000e+00	4.255500e-04
2.150973e+00	2.223231e+00	3.357607e-02	0.000000e+00	3.552600e-04
2.223232e+00	2.295490e+00	2.814703e-02	0.000000e+00	3.375300e-04
2.295490e+00	2.367748e+00	2.186866e-02	0.000000e+00	4.180800e-04
2.367748e+00	2.440006e+00	1.589733e-02	0.000000e+00	3.432500e-04
2.440006e+00	2.512264e+00	1.091307e-02	0.000000e+00	3.255200e-04
2.512265e+00	2.584523e+00	7.053840e-03	0.000000e+00	2.539090e-04
2.584523e+00	2.656781e+00	4.306200e-03	0.000000e+00	1.452610e-04
2.656781e+00	2.729039e+00	2.481867e-03	1.130300e-05	7.469000e-06
2.729039e+00	2.801297e+00	1.352145e-03	4.388300e-05	1.518700e-05
2.801298e+00	2.873556e+00	7.164059e-04	6.327120e-05	2.050610e-05
2.873556e+00	2.945814e+00	3.067041e-04	3.467690e-05	5.735720e-05
2.945814e+00	3.018072e+00	1.263642e-04	0.000000e+00	5.148070e-05
3.018073e+00	3.090331e+00	5.307102e-05	1.390151e-05	1.903545e-05
3.090331e+00	3.162589e+00	1.755219e-05	1.386680e-06	3.181450e-06
3.162589e+00	3.234847e+00	5.276503e-06	2.259144e-06	6.403830e-07
3.234847e+00	3.307105e+00	1.418452e-06	6.560400e-08	2.059650e-07
3.307106e+00	3.379364e+00	3.666740e-07	0.000000e+00	1.447932e-07
3.379364e+00	3.451622e+00	5.443660e-08	0.000000e+00	1.611260e-08
3.451622e+00	3.523880e+00	6.422742e-09	5.259221e-09	1.803916e-09
3.523880e+00	3.596138e+00	3.445490e-10	1.606236e-10	0.000000e+00
3.596139e+00	3.668397e+00	-6.903681e-13	0.000000e+00	1.235149e-11
3.668397e+00	3.740655e+00	2.027432e-15	0.000000e+00	1.709652e-15
3.740655e+00	3.812913e+00	0.000000e+00	0.000000e+00	0.000000e+00
# END HISTO1D

