# BEGIN PLOT
LegendOnly=//homes/tinghua1/higgs-anomalous/Herwig7/gcc11_install_test/H-N2-N3-4-25gev/Scale-variation/yodacombine/H-N2-N3-4-25gev-even-combine.yoda/MC_H2JETS_04_TIGHT/y1j_yj2 //homes/tinghua1/higgs-anomalous/Herwig7/gcc11_install_test/H-N2-N3-4-25gev/Scale-variation/yodacombine/H-N2-N3-4-25gev-mixed-combine.yoda/MC_H2JETS_04_TIGHT/y1j_yj2 //homes/tinghua1/higgs-anomalous/Herwig7/gcc11_install_test/H-N2-N3-4-25gev/Scale-variation/yodacombine/H-N2-N3-4-25gev-odd-combine.yoda/MC_H2JETS_04_TIGHT/y1j_yj2
DrawOnly=//homes/tinghua1/higgs-anomalous/Herwig7/gcc11_install_test/H-N2-N3-4-25gev/Scale-variation/yodacombine/H-N2-N3-4-25gev-even-combine.yoda/MC_H2JETS_04_TIGHT/y1j_yj2 //homes/tinghua1/higgs-anomalous/Herwig7/gcc11_install_test/H-N2-N3-4-25gev/Scale-variation/yodacombine/H-N2-N3-4-25gev-mixed-combine.yoda/MC_H2JETS_04_TIGHT/y1j_yj2 //homes/tinghua1/higgs-anomalous/Herwig7/gcc11_install_test/H-N2-N3-4-25gev/Scale-variation/yodacombine/H-N2-N3-4-25gev-odd-combine.yoda/MC_H2JETS_04_TIGHT/y1j_yj2
Title=h(2*,3*,4)
RatioPlotReference=//homes/tinghua1/higgs-anomalous/Herwig7/gcc11_install_test/H-N2-N3-4-25gev/Scale-variation/yodacombine/H-N2-N3-4-25gev-even-combine.yoda/MC_H2JETS_04_TIGHT/y1j_yj2
RightMargin=0.5
RatioPlot=1
LogY=1
RatioPlotYMax=1.4
RatioPlotYLabel=Ratio
XLabel=$y_{j_1}*y_{j_2}$
LegendAlign=r
XMax=2.0
YLabel=$1/ \sigma \text{d} \sigma/ \text{d}  y_{j_1}*y_{j_2}$ (pb)
Legend=1
RatioPlotYMin=0.7
# END PLOT


# BEGIN SPECIAL /MC_H2JETS_04_TIGHT/y1j_yj2
\rput[tl](0.05,0.75){\parbox{5cm}{\textcolor{gray}{{\bf Herwig 7.2.3} \\ VBFNLO 3.0.0}}}
# END SPECIAL

# BEGIN HISTO1D //homes/tinghua1/higgs-anomalous/Herwig7/gcc11_install_test/H-N2-N3-4-25gev/Scale-variation/yodacombine/H-N2-N3-4-25gev-even-combine.yoda/MC_H2JETS_04_TIGHT/y1j_yj2
ErrorBandColor=blue
ErrorBandOpacity=0.3
ErrorBands=1
ErrorBars=1
ErrorType=env
LineColor=blue
LineStyle=solid
Path=//homes/tinghua1/higgs-anomalous/Herwig7/gcc11_install_test/H-N2-N3-4-25gev/Scale-variation/yodacombine/H-N2-N3-4-25gev-even-combine.yoda/MC_H2JETS_04_TIGHT/y1j_yj2
RatioPlotSameStyle=1
Scale=12.5862155767
Title=CP-even
# xlow	 xhigh	 val	 errminus	 errplus
-1.000000e+01	-9.600000e+00	3.738005e-03	1.009725e-04	2.367000e-05
-9.600000e+00	-9.200000e+00	4.473832e-03	1.332400e-04	1.592250e-04
-9.200000e+00	-8.800000e+00	5.382275e-03	7.677000e-05	0.000000e+00
-8.800000e+00	-8.400000e+00	6.285337e-03	0.000000e+00	2.362750e-05
-8.400000e+00	-8.000000e+00	7.599797e-03	7.233500e-05	8.292000e-05
-8.000000e+00	-7.600000e+00	9.027510e-03	1.626075e-04	0.000000e+00
-7.600000e+00	-7.200000e+00	1.066245e-02	1.854400e-04	9.113500e-05
-7.200000e+00	-6.800000e+00	1.251842e-02	7.222500e-06	0.000000e+00
-6.800000e+00	-6.400000e+00	1.490192e-02	4.287700e-04	0.000000e+00
-6.400000e+00	-6.000000e+00	1.719308e-02	2.891650e-04	1.154868e-03
-6.000000e+00	-5.600000e+00	2.013095e-02	3.867600e-04	0.000000e+00
-5.600000e+00	-5.200000e+00	2.302348e-02	5.827275e-04	0.000000e+00
-5.200000e+00	-4.800000e+00	2.001235e-02	2.391625e-04	0.000000e+00
-4.800000e+00	-4.400000e+00	9.951645e-03	0.000000e+00	8.486500e-05
-4.400000e+00	-4.000000e+00	6.338070e-03	8.339250e-05	2.015500e-05
-4.000000e+00	-3.600000e+00	3.986443e-03	1.507925e-04	3.603500e-05
-3.600000e+00	-3.200000e+00	2.684963e-03	0.000000e+00	9.831000e-05
-3.200000e+00	-2.800000e+00	1.758643e-03	3.111575e-05	0.000000e+00
-2.800000e+00	-2.400000e+00	1.201318e-03	7.568900e-05	0.000000e+00
-2.400000e+00	-2.000000e+00	7.570915e-04	1.303125e-05	1.947825e-05
-2.000000e+00	-1.600000e+00	4.988503e-04	3.068125e-05	0.000000e+00
-1.600000e+00	-1.200000e+00	2.798905e-04	0.000000e+00	1.849700e-05
-1.200000e+00	-8.000000e-01	1.541419e-04	1.399090e-05	1.158960e-05
-8.000000e-01	-4.000000e-01	8.080695e-05	3.163970e-05	0.000000e+00
-4.000000e-01	0.000000e+00	2.245239e-05	4.061680e-06	3.627500e-08
0.000000e+00	4.000000e-01	0.000000e+00	0.000000e+00	0.000000e+00
4.000000e-01	8.000000e-01	0.000000e+00	0.000000e+00	0.000000e+00
8.000000e-01	1.200000e+00	0.000000e+00	0.000000e+00	0.000000e+00
1.200000e+00	1.600000e+00	0.000000e+00	0.000000e+00	0.000000e+00
1.600000e+00	2.000000e+00	0.000000e+00	0.000000e+00	0.000000e+00
2.000000e+00	2.400000e+00	0.000000e+00	0.000000e+00	0.000000e+00
2.400000e+00	2.800000e+00	0.000000e+00	0.000000e+00	0.000000e+00
2.800000e+00	3.200000e+00	0.000000e+00	0.000000e+00	0.000000e+00
3.200000e+00	3.600000e+00	0.000000e+00	0.000000e+00	0.000000e+00
3.600000e+00	4.000000e+00	0.000000e+00	0.000000e+00	0.000000e+00
4.000000e+00	4.400000e+00	0.000000e+00	0.000000e+00	0.000000e+00
4.400000e+00	4.800000e+00	0.000000e+00	0.000000e+00	0.000000e+00
4.800000e+00	5.200000e+00	0.000000e+00	0.000000e+00	0.000000e+00
5.200000e+00	5.600000e+00	0.000000e+00	0.000000e+00	0.000000e+00
5.600000e+00	6.000000e+00	0.000000e+00	0.000000e+00	0.000000e+00
6.000000e+00	6.400000e+00	0.000000e+00	0.000000e+00	0.000000e+00
6.400000e+00	6.800000e+00	0.000000e+00	0.000000e+00	0.000000e+00
6.800000e+00	7.200000e+00	0.000000e+00	0.000000e+00	0.000000e+00
7.200000e+00	7.600000e+00	0.000000e+00	0.000000e+00	0.000000e+00
7.600000e+00	8.000000e+00	0.000000e+00	0.000000e+00	0.000000e+00
8.000000e+00	8.400000e+00	0.000000e+00	0.000000e+00	0.000000e+00
8.400000e+00	8.800000e+00	0.000000e+00	0.000000e+00	0.000000e+00
8.800000e+00	9.200000e+00	0.000000e+00	0.000000e+00	0.000000e+00
9.200000e+00	9.600000e+00	0.000000e+00	0.000000e+00	0.000000e+00
9.600000e+00	1.000000e+01	0.000000e+00	0.000000e+00	0.000000e+00
# END HISTO1D


# BEGIN HISTO1D //homes/tinghua1/higgs-anomalous/Herwig7/gcc11_install_test/H-N2-N3-4-25gev/Scale-variation/yodacombine/H-N2-N3-4-25gev-mixed-combine.yoda/MC_H2JETS_04_TIGHT/y1j_yj2
ErrorBandColor=red
ErrorBandOpacity=0.3
ErrorBands=1
ErrorBars=1
ErrorType=env
LineColor=red
LineStyle=solid
Path=//homes/tinghua1/higgs-anomalous/Herwig7/gcc11_install_test/H-N2-N3-4-25gev/Scale-variation/yodacombine/H-N2-N3-4-25gev-mixed-combine.yoda/MC_H2JETS_04_TIGHT/y1j_yj2
RatioPlotSameStyle=1
Scale=6.55807371013
Title=CP-mixed
# xlow	 xhigh	 val	 errminus	 errplus
-1.000000e+01	-9.600000e+00	7.113012e-03	1.315675e-04	1.965025e-04
-9.600000e+00	-9.200000e+00	8.565720e-03	0.000000e+00	1.987750e-04
-9.200000e+00	-8.800000e+00	1.012128e-02	0.000000e+00	4.149800e-04
-8.800000e+00	-8.400000e+00	1.225866e-02	0.000000e+00	4.479650e-04
-8.400000e+00	-8.000000e+00	1.463016e-02	0.000000e+00	2.867500e-04
-8.000000e+00	-7.600000e+00	1.738578e-02	0.000000e+00	4.828325e-04
-7.600000e+00	-7.200000e+00	2.050794e-02	0.000000e+00	3.431900e-04
-7.200000e+00	-6.800000e+00	2.409726e-02	8.385000e-06	8.445125e-04
-6.800000e+00	-6.400000e+00	2.838168e-02	1.877500e-05	2.074750e-04
-6.400000e+00	-6.000000e+00	3.331895e-02	5.200000e-06	2.087500e-05
-6.000000e+00	-5.600000e+00	3.797740e-02	0.000000e+00	5.912000e-04
-5.600000e+00	-5.200000e+00	4.424470e-02	1.282500e-05	4.930750e-04
-5.200000e+00	-4.800000e+00	3.770535e-02	2.242500e-05	4.919500e-04
-4.800000e+00	-4.400000e+00	1.965539e-02	5.490700e-04	0.000000e+00
-4.400000e+00	-4.000000e+00	1.226260e-02	3.180800e-04	5.114000e-05
-4.000000e+00	-3.600000e+00	7.908733e-03	1.989750e-05	6.251675e-04
-3.600000e+00	-3.200000e+00	5.267615e-03	6.682500e-05	6.579500e-05
-3.200000e+00	-2.800000e+00	3.482790e-03	1.554200e-04	1.540025e-04
-2.800000e+00	-2.400000e+00	2.342419e-03	3.422410e-04	0.000000e+00
-2.400000e+00	-2.000000e+00	1.505797e-03	0.000000e+00	7.509350e-05
-2.000000e+00	-1.600000e+00	9.813245e-04	4.123075e-05	4.268525e-05
-1.600000e+00	-1.200000e+00	5.544422e-04	0.000000e+00	3.726075e-05
-1.200000e+00	-8.000000e-01	3.497278e-04	3.536500e-05	0.000000e+00
-8.000000e-01	-4.000000e-01	1.623783e-04	1.790240e-05	0.000000e+00
-4.000000e-01	0.000000e+00	3.883940e-05	3.173350e-06	0.000000e+00
0.000000e+00	4.000000e-01	0.000000e+00	0.000000e+00	0.000000e+00
4.000000e-01	8.000000e-01	0.000000e+00	0.000000e+00	0.000000e+00
8.000000e-01	1.200000e+00	0.000000e+00	0.000000e+00	0.000000e+00
1.200000e+00	1.600000e+00	0.000000e+00	0.000000e+00	0.000000e+00
1.600000e+00	2.000000e+00	0.000000e+00	0.000000e+00	0.000000e+00
2.000000e+00	2.400000e+00	0.000000e+00	0.000000e+00	0.000000e+00
2.400000e+00	2.800000e+00	0.000000e+00	0.000000e+00	0.000000e+00
2.800000e+00	3.200000e+00	0.000000e+00	0.000000e+00	0.000000e+00
3.200000e+00	3.600000e+00	0.000000e+00	0.000000e+00	0.000000e+00
3.600000e+00	4.000000e+00	0.000000e+00	0.000000e+00	0.000000e+00
4.000000e+00	4.400000e+00	0.000000e+00	0.000000e+00	0.000000e+00
4.400000e+00	4.800000e+00	0.000000e+00	0.000000e+00	0.000000e+00
4.800000e+00	5.200000e+00	0.000000e+00	0.000000e+00	0.000000e+00
5.200000e+00	5.600000e+00	0.000000e+00	0.000000e+00	0.000000e+00
5.600000e+00	6.000000e+00	0.000000e+00	0.000000e+00	0.000000e+00
6.000000e+00	6.400000e+00	0.000000e+00	0.000000e+00	0.000000e+00
6.400000e+00	6.800000e+00	0.000000e+00	0.000000e+00	0.000000e+00
6.800000e+00	7.200000e+00	0.000000e+00	0.000000e+00	0.000000e+00
7.200000e+00	7.600000e+00	0.000000e+00	0.000000e+00	0.000000e+00
7.600000e+00	8.000000e+00	0.000000e+00	0.000000e+00	0.000000e+00
8.000000e+00	8.400000e+00	0.000000e+00	0.000000e+00	0.000000e+00
8.400000e+00	8.800000e+00	0.000000e+00	0.000000e+00	0.000000e+00
8.800000e+00	9.200000e+00	0.000000e+00	0.000000e+00	0.000000e+00
9.200000e+00	9.600000e+00	0.000000e+00	0.000000e+00	0.000000e+00
9.600000e+00	1.000000e+01	0.000000e+00	0.000000e+00	0.000000e+00
# END HISTO1D


# BEGIN HISTO1D //homes/tinghua1/higgs-anomalous/Herwig7/gcc11_install_test/H-N2-N3-4-25gev/Scale-variation/yodacombine/H-N2-N3-4-25gev-odd-combine.yoda/MC_H2JETS_04_TIGHT/y1j_yj2
ErrorBandColor=green
ErrorBandOpacity=0.3
ErrorBands=1
ErrorBars=1
ErrorType=env
LineColor=green
LineStyle=solid
Path=//homes/tinghua1/higgs-anomalous/Herwig7/gcc11_install_test/H-N2-N3-4-25gev/Scale-variation/yodacombine/H-N2-N3-4-25gev-odd-combine.yoda/MC_H2JETS_04_TIGHT/y1j_yj2
RatioPlotSameStyle=1
Scale=13.4757123194
Title=CP-odd
# xlow	 xhigh	 val	 errminus	 errplus
-1.000000e+01	-9.600000e+00	3.501977e-03	0.000000e+00	1.733950e-04
-9.600000e+00	-9.200000e+00	4.186092e-03	0.000000e+00	9.471750e-05
-9.200000e+00	-8.800000e+00	5.043335e-03	0.000000e+00	1.449500e-04
-8.800000e+00	-8.400000e+00	6.037502e-03	0.000000e+00	1.189975e-04
-8.400000e+00	-8.000000e+00	7.199257e-03	0.000000e+00	1.327775e-04
-8.000000e+00	-7.600000e+00	8.532220e-03	0.000000e+00	1.091675e-04
-7.600000e+00	-7.200000e+00	1.013410e-02	0.000000e+00	6.871000e-05
-7.200000e+00	-6.800000e+00	1.193044e-02	1.293700e-04	0.000000e+00
-6.800000e+00	-6.400000e+00	1.373209e-02	2.193500e-05	1.281100e-04
-6.400000e+00	-6.000000e+00	1.584083e-02	0.000000e+00	3.145050e-04
-6.000000e+00	-5.600000e+00	1.835265e-02	0.000000e+00	2.193700e-04
-5.600000e+00	-5.200000e+00	2.125361e-02	1.127500e-05	2.533275e-04
-5.200000e+00	-4.800000e+00	1.825037e-02	9.797750e-05	1.241950e-04
-4.800000e+00	-4.400000e+00	9.409088e-03	6.391750e-05	1.914000e-05
-4.400000e+00	-4.000000e+00	5.942982e-03	3.583250e-05	0.000000e+00
-4.000000e+00	-3.600000e+00	3.867458e-03	5.689500e-05	3.388750e-05
-3.600000e+00	-3.200000e+00	2.619223e-03	4.976250e-05	1.624250e-05
-3.200000e+00	-2.800000e+00	1.761994e-03	7.543575e-05	0.000000e+00
-2.800000e+00	-2.400000e+00	1.135798e-03	0.000000e+00	2.993175e-05
-2.400000e+00	-2.000000e+00	7.483970e-04	9.271475e-05	6.521250e-06
-2.000000e+00	-1.600000e+00	4.641710e-04	0.000000e+00	2.954100e-05
-1.600000e+00	-1.200000e+00	2.996315e-04	1.115350e-05	0.000000e+00
-1.200000e+00	-8.000000e-01	1.477062e-04	0.000000e+00	1.877932e-05
-8.000000e-01	-4.000000e-01	7.629357e-05	2.075475e-06	0.000000e+00
-4.000000e-01	0.000000e+00	2.061388e-05	8.175500e-07	2.561950e-07
0.000000e+00	4.000000e-01	0.000000e+00	0.000000e+00	0.000000e+00
4.000000e-01	8.000000e-01	0.000000e+00	0.000000e+00	0.000000e+00
8.000000e-01	1.200000e+00	0.000000e+00	0.000000e+00	0.000000e+00
1.200000e+00	1.600000e+00	0.000000e+00	0.000000e+00	0.000000e+00
1.600000e+00	2.000000e+00	0.000000e+00	0.000000e+00	0.000000e+00
2.000000e+00	2.400000e+00	0.000000e+00	0.000000e+00	0.000000e+00
2.400000e+00	2.800000e+00	0.000000e+00	0.000000e+00	0.000000e+00
2.800000e+00	3.200000e+00	0.000000e+00	0.000000e+00	0.000000e+00
3.200000e+00	3.600000e+00	0.000000e+00	0.000000e+00	0.000000e+00
3.600000e+00	4.000000e+00	0.000000e+00	0.000000e+00	0.000000e+00
4.000000e+00	4.400000e+00	0.000000e+00	0.000000e+00	0.000000e+00
4.400000e+00	4.800000e+00	0.000000e+00	0.000000e+00	0.000000e+00
4.800000e+00	5.200000e+00	0.000000e+00	0.000000e+00	0.000000e+00
5.200000e+00	5.600000e+00	0.000000e+00	0.000000e+00	0.000000e+00
5.600000e+00	6.000000e+00	0.000000e+00	0.000000e+00	0.000000e+00
6.000000e+00	6.400000e+00	0.000000e+00	0.000000e+00	0.000000e+00
6.400000e+00	6.800000e+00	0.000000e+00	0.000000e+00	0.000000e+00
6.800000e+00	7.200000e+00	0.000000e+00	0.000000e+00	0.000000e+00
7.200000e+00	7.600000e+00	0.000000e+00	0.000000e+00	0.000000e+00
7.600000e+00	8.000000e+00	0.000000e+00	0.000000e+00	0.000000e+00
8.000000e+00	8.400000e+00	0.000000e+00	0.000000e+00	0.000000e+00
8.400000e+00	8.800000e+00	0.000000e+00	0.000000e+00	0.000000e+00
8.800000e+00	9.200000e+00	0.000000e+00	0.000000e+00	0.000000e+00
9.200000e+00	9.600000e+00	0.000000e+00	0.000000e+00	0.000000e+00
9.600000e+00	1.000000e+01	0.000000e+00	0.000000e+00	0.000000e+00
# END HISTO1D

