# BEGIN PLOT
Rebin=2
DrawOnly=//homes/n597m389/Formfactor/ffac-plots/H2Jets-NLOPS-mixed.yoda/MC_H2JETS_04_LOOSE/log10_d_23 //homes/n597m389/Formfactor/ffac-plots/H2Jets-NLOPS-mixed-ffac.yoda/MC_H2JETS_04_LOOSE/log10_d_23
Title=CP-mixed
RatioPlotReference=//homes/n597m389/Formfactor/ffac-plots/H2Jets-NLOPS-mixed.yoda/MC_H2JETS_04_LOOSE/log10_d_23
RightMargin=0.5
RatioPlot=1
LogY=1
RatioPlotYMax=2.0
RatioPlotYLabel=Ratio
LegendOnly=//homes/n597m389/Formfactor/ffac-plots/H2Jets-NLOPS-mixed.yoda/MC_H2JETS_04_LOOSE/log10_d_23 //homes/n597m389/Formfactor/ffac-plots/H2Jets-NLOPS-mixed-ffac.yoda/MC_H2JETS_04_LOOSE/log10_d_23
XLabel=$\sqrt{d_{23}}$ (GeV)
LegendAlign=r
YLabel=$ \text{d} \sigma / \sqrt{d_{23}}$ (pb/GeV)
Legend=1
RatioPlotYMin=0.0
# END PLOT


# BEGIN SPECIAL /MC_H2JETS_04_LOOSE/log10_d_23
\rput[tl](0.05,0.75){\parbox{5cm}{\textcolor{gray}{{\bf Herwig 7.2.3} \\ VBFNLO 3.0.0}}}
# END SPECIAL

# BEGIN HISTO1D //homes/n597m389/Formfactor/ffac-plots/H2Jets-NLOPS-mixed.yoda/MC_H2JETS_04_LOOSE/log10_d_23
ErrorBars=1
LineColor=red
LineStyle=solid
Path=//homes/n597m389/Formfactor/ffac-plots/H2Jets-NLOPS-mixed.yoda/MC_H2JETS_04_LOOSE/log10_d_23
ScaledBy=1.89207682213989584e-05
Title=h(2*) $\oplus$ PS
XLabel=~
YLabel=~
# xlow	 xhigh	 val	 errminus	 errplus
2.000000e-01	2.361291e-01	2.695072e-03	3.919582e-05	3.919582e-05
2.361291e-01	2.722583e-01	4.330148e-03	4.105322e-05	4.105322e-05
2.722583e-01	3.083874e-01	7.039594e-03	5.431786e-05	5.431786e-05
3.083874e-01	3.445165e-01	1.082328e-02	8.729584e-05	8.729584e-05
3.445165e-01	3.806457e-01	1.603107e-02	8.620172e-05	8.620172e-05
3.806457e-01	4.167748e-01	2.347880e-02	1.058668e-04	1.058668e-04
4.167748e-01	4.529039e-01	3.319634e-02	1.160573e-04	1.160573e-04
4.529039e-01	4.890331e-01	4.645284e-02	1.480126e-04	1.480126e-04
4.890331e-01	5.251622e-01	6.334982e-02	1.619958e-04	1.619958e-04
5.251622e-01	5.612913e-01	8.423703e-02	2.030372e-04	2.030372e-04
5.612913e-01	5.974205e-01	1.097451e-01	2.218858e-04	2.218858e-04
5.974205e-01	6.335496e-01	1.398477e-01	2.635561e-04	2.635561e-04
6.335496e-01	6.696787e-01	1.745676e-01	2.855378e-04	2.855378e-04
6.696787e-01	7.058079e-01	2.147778e-01	5.043528e-04	5.043528e-04
7.058079e-01	7.419370e-01	2.576177e-01	3.392971e-04	3.392971e-04
7.419370e-01	7.780661e-01	3.020853e-01	3.772242e-04	3.772242e-04
7.780661e-01	8.141953e-01	3.518176e-01	4.145926e-04	4.145926e-04
8.141953e-01	8.503244e-01	3.998979e-01	5.048102e-04	5.048102e-04
8.503244e-01	8.864535e-01	4.515338e-01	4.737191e-04	4.737191e-04
8.864535e-01	9.225827e-01	5.031534e-01	4.816173e-04	4.816173e-04
9.225827e-01	9.587118e-01	5.537522e-01	5.192333e-04	5.192333e-04
9.587118e-01	9.948409e-01	6.047934e-01	5.817233e-04	5.817233e-04
9.948409e-01	1.030970e+00	6.531383e-01	6.005574e-04	6.005574e-04
1.030970e+00	1.067099e+00	7.010094e-01	6.183349e-04	6.183349e-04
1.067099e+00	1.103228e+00	7.444305e-01	6.455532e-04	6.455532e-04
1.103228e+00	1.139357e+00	7.860051e-01	8.692242e-04	8.692242e-04
1.139357e+00	1.175487e+00	8.227072e-01	6.728993e-04	6.728993e-04
1.175487e+00	1.211616e+00	8.564699e-01	7.077998e-04	7.077998e-04
1.211616e+00	1.247745e+00	8.882529e-01	8.690871e-04	8.690871e-04
1.247745e+00	1.283874e+00	9.124958e-01	7.333069e-04	7.333069e-04
1.283874e+00	1.320003e+00	9.364010e-01	8.011869e-04	8.011869e-04
1.320003e+00	1.356132e+00	9.557937e-01	7.936733e-04	7.936733e-04
1.356132e+00	1.392261e+00	9.691317e-01	9.150445e-04	9.150445e-04
1.392261e+00	1.428391e+00	9.947420e-01	9.406342e-04	9.406342e-04
1.428391e+00	1.464520e+00	9.963412e-01	9.872412e-04	9.872412e-04
1.464520e+00	1.500649e+00	9.854884e-01	8.545844e-04	8.545844e-04
1.500649e+00	1.536778e+00	9.680132e-01	8.431874e-04	8.431874e-04
1.536778e+00	1.572907e+00	9.438753e-01	8.203238e-04	8.203238e-04
1.572907e+00	1.609036e+00	9.128885e-01	8.489927e-04	8.489927e-04
1.609036e+00	1.645165e+00	8.752418e-01	8.579461e-04	8.579461e-04
1.645165e+00	1.681294e+00	8.324460e-01	8.002912e-04	8.002912e-04
1.681294e+00	1.717424e+00	7.815048e-01	8.667429e-04	8.667429e-04
1.717424e+00	1.753553e+00	7.314257e-01	1.524682e-03	1.524682e-03
1.753553e+00	1.789682e+00	6.744767e-01	1.201773e-03	1.201773e-03
1.789682e+00	1.825811e+00	6.143973e-01	7.292405e-04	7.292405e-04
1.825811e+00	1.861940e+00	5.566404e-01	1.146107e-03	1.146107e-03
1.861940e+00	1.898069e+00	4.950655e-01	7.919770e-04	7.919770e-04
1.898069e+00	1.934198e+00	4.370625e-01	6.623230e-04	6.623230e-04
1.934198e+00	1.970328e+00	3.807207e-01	6.159559e-04	6.159559e-04
1.970328e+00	2.006457e+00	3.287298e-01	6.121444e-04	6.121444e-04
2.006457e+00	2.042586e+00	2.787163e-01	4.997404e-04	4.997404e-04
2.042586e+00	2.078715e+00	2.331515e-01	4.505655e-04	4.505655e-04
2.078715e+00	2.114844e+00	1.935662e-01	4.537272e-04	4.537272e-04
2.114844e+00	2.150973e+00	1.584037e-01	4.004873e-04	4.004873e-04
2.150973e+00	2.187102e+00	1.287571e-01	3.594110e-04	3.594110e-04
2.187102e+00	2.223231e+00	1.028292e-01	3.100406e-04	3.100406e-04
2.223231e+00	2.259361e+00	8.110360e-02	3.082439e-04	3.082439e-04
2.259361e+00	2.295490e+00	6.329486e-02	2.353068e-04	2.353068e-04
2.295490e+00	2.331619e+00	4.920360e-02	2.169164e-04	2.169164e-04
2.331619e+00	2.367748e+00	3.746273e-02	2.016871e-04	2.016871e-04
2.367748e+00	2.403877e+00	2.782939e-02	1.627150e-04	1.627150e-04
2.403877e+00	2.440006e+00	2.056496e-02	1.698859e-04	1.698859e-04
2.440006e+00	2.476135e+00	1.520239e-02	1.144040e-04	1.144040e-04
2.476135e+00	2.512265e+00	1.118599e-02	1.294650e-04	1.294650e-04
2.512265e+00	2.548394e+00	7.758731e-03	8.682446e-05	8.682446e-05
2.548394e+00	2.584523e+00	5.556423e-03	1.170593e-04	1.170593e-04
2.584523e+00	2.620652e+00	3.650652e-03	6.409939e-05	6.409939e-05
2.620652e+00	2.656781e+00	2.522911e-03	3.818461e-05	3.818461e-05
2.656781e+00	2.692910e+00	1.641800e-03	4.898520e-05	4.898520e-05
2.692910e+00	2.729039e+00	1.064174e-03	3.476905e-05	3.476905e-05
2.729039e+00	2.765168e+00	6.218719e-04	2.278304e-05	2.278304e-05
2.765168e+00	2.801298e+00	3.798256e-04	1.421286e-05	1.421286e-05
2.801298e+00	2.837427e+00	2.573211e-04	1.384681e-05	1.384681e-05
2.837427e+00	2.873556e+00	1.683521e-04	1.320603e-05	1.320603e-05
2.873556e+00	2.909685e+00	7.080055e-05	7.255481e-06	7.255481e-06
2.909685e+00	2.945814e+00	3.121517e-05	3.864432e-06	3.864432e-06
2.945814e+00	2.981943e+00	2.221775e-05	6.071631e-06	6.071631e-06
2.981943e+00	3.018072e+00	1.028966e-05	2.929871e-06	2.929871e-06
3.018072e+00	3.054202e+00	4.832491e-06	1.694178e-06	1.694178e-06
3.054202e+00	3.090331e+00	1.131593e-07	4.187771e-08	4.187771e-08
3.090331e+00	3.126460e+00	4.676075e-07	2.683724e-07	2.683724e-07
3.126460e+00	3.162589e+00	7.009657e-08	3.758564e-08	3.758564e-08
3.162589e+00	3.198718e+00	1.341086e-09	5.381032e-10	5.381032e-10
3.198718e+00	3.234847e+00	3.393722e-09	2.630167e-09	2.630167e-09
3.234847e+00	3.270976e+00	1.427516e-11	4.128123e-11	4.128123e-11
3.270976e+00	3.307105e+00	2.834834e-10	2.833957e-10	2.833957e-10
3.307105e+00	3.343235e+00	2.008834e-12	1.423514e-12	1.423514e-12
3.343235e+00	3.379364e+00	3.927233e-16	3.353418e-16	3.353418e-16
3.379364e+00	3.415493e+00	5.130864e-16	5.119675e-16	5.119675e-16
3.415493e+00	3.451622e+00	-4.412555e-24	4.412555e-24	4.412555e-24
3.451622e+00	3.487751e+00	6.637258e-16	6.637259e-16	6.637259e-16
3.487751e+00	3.523880e+00	0.000000e+00	0.000000e+00	0.000000e+00
3.523880e+00	3.560009e+00	0.000000e+00	0.000000e+00	0.000000e+00
3.560009e+00	3.596139e+00	0.000000e+00	0.000000e+00	0.000000e+00
3.596139e+00	3.632268e+00	0.000000e+00	0.000000e+00	0.000000e+00
3.632268e+00	3.668397e+00	0.000000e+00	0.000000e+00	0.000000e+00
3.668397e+00	3.704526e+00	0.000000e+00	0.000000e+00	0.000000e+00
3.704526e+00	3.740655e+00	0.000000e+00	0.000000e+00	0.000000e+00
3.740655e+00	3.776784e+00	0.000000e+00	0.000000e+00	0.000000e+00
3.776784e+00	3.812913e+00	0.000000e+00	0.000000e+00	0.000000e+00
# END HISTO1D


# BEGIN HISTO1D //homes/n597m389/Formfactor/ffac-plots/H2Jets-NLOPS-mixed-ffac.yoda/MC_H2JETS_04_LOOSE/log10_d_23
ErrorBars=1
LineColor=blue
LineStyle=solid
Path=//homes/n597m389/Formfactor/ffac-plots/H2Jets-NLOPS-mixed-ffac.yoda/MC_H2JETS_04_LOOSE/log10_d_23
ScaledBy=2.18319152661033333e-07
Title=h(2*) $\oplus$ PS-ffac
XLabel=~
YLabel=~
# xlow	 xhigh	 val	 errminus	 errplus
2.000000e-01	2.361291e-01	8.563723e-04	4.868536e-06	4.868536e-06
2.361291e-01	2.722583e-01	1.307048e-03	6.468048e-06	6.468048e-06
2.722583e-01	3.083874e-01	2.069702e-03	7.824529e-06	7.824529e-06
3.083874e-01	3.445165e-01	3.065725e-03	9.313285e-06	9.313285e-06
3.445165e-01	3.806457e-01	4.476224e-03	3.705427e-05	3.705427e-05
3.806457e-01	4.167748e-01	6.222779e-03	1.321663e-05	1.321663e-05
4.167748e-01	4.529039e-01	8.607768e-03	1.450114e-05	1.450114e-05
4.529039e-01	4.890331e-01	1.159523e-02	1.740263e-05	1.740263e-05
4.890331e-01	5.251622e-01	1.535441e-02	1.951329e-05	1.951329e-05
5.251622e-01	5.612913e-01	1.976846e-02	3.098919e-05	3.098919e-05
5.612913e-01	5.974205e-01	2.469056e-02	2.618848e-05	2.618848e-05
5.974205e-01	6.335496e-01	3.029076e-02	2.911987e-05	2.911987e-05
6.335496e-01	6.696787e-01	3.645076e-02	3.251771e-05	3.251771e-05
6.696787e-01	7.058079e-01	4.307831e-02	3.476260e-05	3.476260e-05
7.058079e-01	7.419370e-01	4.984868e-02	3.641306e-05	3.641306e-05
7.419370e-01	7.780661e-01	5.661655e-02	4.099075e-05	4.099075e-05
7.780661e-01	8.141953e-01	6.330262e-02	4.646971e-05	4.646971e-05
8.141953e-01	8.503244e-01	6.938861e-02	5.044450e-05	5.044450e-05
8.503244e-01	8.864535e-01	7.552945e-02	4.545848e-05	4.545848e-05
8.864535e-01	9.225827e-01	8.131799e-02	4.766651e-05	4.766651e-05
9.225827e-01	9.587118e-01	8.660681e-02	4.910945e-05	4.910945e-05
9.587118e-01	9.948409e-01	9.103235e-02	5.351845e-05	5.351845e-05
9.948409e-01	1.030970e+00	9.492036e-02	5.157527e-05	5.157527e-05
1.030970e+00	1.067099e+00	9.871967e-02	6.291070e-04	6.291070e-04
1.067099e+00	1.103228e+00	1.008049e-01	5.376225e-05	5.376225e-05
1.103228e+00	1.139357e+00	1.025076e-01	5.692267e-05	5.692267e-05
1.139357e+00	1.175487e+00	1.037798e-01	5.693806e-05	5.693806e-05
1.175487e+00	1.211616e+00	1.043750e-01	5.918372e-05	5.918372e-05
1.211616e+00	1.247745e+00	1.045131e-01	6.308900e-05	6.308900e-05
1.247745e+00	1.283874e+00	1.039410e-01	5.628309e-05	5.628309e-05
1.283874e+00	1.320003e+00	1.030442e-01	6.340096e-05	6.340096e-05
1.320003e+00	1.356132e+00	1.015782e-01	5.995581e-05	5.995581e-05
1.356132e+00	1.392261e+00	9.985186e-02	5.720942e-05	5.720942e-05
1.392261e+00	1.428391e+00	9.899372e-02	8.792885e-05	8.792885e-05
1.428391e+00	1.464520e+00	9.439500e-02	5.806604e-05	5.806604e-05
1.464520e+00	1.500649e+00	8.851839e-02	5.849673e-05	5.849673e-05
1.500649e+00	1.536778e+00	8.182020e-02	5.223033e-05	5.223033e-05
1.536778e+00	1.572907e+00	7.452706e-02	4.887361e-05	4.887361e-05
1.572907e+00	1.609036e+00	6.683188e-02	4.738763e-05	4.738763e-05
1.609036e+00	1.645165e+00	5.891849e-02	4.475921e-05	4.475921e-05
1.645165e+00	1.681294e+00	5.102627e-02	4.090369e-05	4.090369e-05
1.681294e+00	1.717424e+00	4.333983e-02	3.994877e-05	3.994877e-05
1.717424e+00	1.753553e+00	3.608877e-02	3.460718e-05	3.460718e-05
1.753553e+00	1.789682e+00	2.931656e-02	3.040750e-05	3.040750e-05
1.789682e+00	1.825811e+00	2.326353e-02	2.667008e-05	2.667008e-05
1.825811e+00	1.861940e+00	1.798221e-02	2.313716e-05	2.313716e-05
1.861940e+00	1.898069e+00	1.354787e-02	2.006216e-05	2.006216e-05
1.898069e+00	1.934198e+00	9.901508e-03	1.635725e-05	1.635725e-05
1.934198e+00	1.970328e+00	7.066333e-03	1.436220e-05	1.436220e-05
1.970328e+00	2.006457e+00	4.861978e-03	1.074249e-05	1.074249e-05
2.006457e+00	2.042586e+00	3.241629e-03	8.115224e-06	8.115224e-06
2.042586e+00	2.078715e+00	2.110301e-03	6.131157e-06	6.131157e-06
2.078715e+00	2.114844e+00	1.332624e-03	4.464658e-06	4.464658e-06
2.114844e+00	2.150973e+00	8.179241e-04	3.334492e-06	3.334492e-06
2.150973e+00	2.187102e+00	4.804794e-04	2.286628e-06	2.286628e-06
2.187102e+00	2.223231e+00	2.815052e-04	1.726241e-06	1.726241e-06
2.223231e+00	2.259361e+00	1.585374e-04	1.083642e-06	1.083642e-06
2.259361e+00	2.295490e+00	8.639868e-05	6.793374e-07	6.793374e-07
2.295490e+00	2.331619e+00	4.615605e-05	4.586725e-07	4.586725e-07
2.331619e+00	2.367748e+00	2.339265e-05	2.625988e-07	2.625988e-07
2.367748e+00	2.403877e+00	1.241648e-05	3.165351e-07	3.165351e-07
2.403877e+00	2.440006e+00	6.036090e-06	1.013831e-07	1.013831e-07
2.440006e+00	2.476135e+00	2.933469e-06	5.642648e-08	5.642648e-08
2.476135e+00	2.512265e+00	1.405643e-06	3.004985e-08	3.004985e-08
2.512265e+00	2.548394e+00	7.149285e-07	2.064505e-08	2.064505e-08
2.548394e+00	2.584523e+00	3.354579e-07	1.442115e-08	1.442115e-08
2.584523e+00	2.620652e+00	1.594108e-07	7.238702e-09	7.238702e-09
2.620652e+00	2.656781e+00	7.113031e-08	3.038678e-09	3.038678e-09
2.656781e+00	2.692910e+00	3.777674e-08	2.493125e-09	2.493125e-09
2.692910e+00	2.729039e+00	1.724319e-08	1.088277e-09	1.088277e-09
2.729039e+00	2.765168e+00	7.439940e-09	6.404170e-10	6.404170e-10
2.765168e+00	2.801298e+00	4.695909e-09	7.398384e-10	7.398384e-10
2.801298e+00	2.837427e+00	1.686545e-09	1.643444e-10	1.643444e-10
2.837427e+00	2.873556e+00	8.171414e-10	8.158999e-11	8.158999e-11
2.873556e+00	2.909685e+00	6.062158e-10	2.728851e-10	2.728851e-10
2.909685e+00	2.945814e+00	1.023866e-10	1.853375e-11	1.853375e-11
2.945814e+00	2.981943e+00	5.317247e-11	1.236419e-11	1.236419e-11
2.981943e+00	3.018072e+00	1.819136e-11	4.222658e-12	4.222658e-12
3.018072e+00	3.054202e+00	1.325970e-11	5.988308e-12	5.988308e-12
3.054202e+00	3.090331e+00	3.594038e-12	1.822431e-12	1.822431e-12
3.090331e+00	3.126460e+00	2.169650e-12	1.194399e-12	1.194399e-12
3.126460e+00	3.162589e+00	1.120368e-13	3.899821e-14	3.899821e-14
3.162589e+00	3.198718e+00	8.937217e-15	2.516261e-15	2.516261e-15
3.198718e+00	3.234847e+00	1.055367e-14	9.033367e-15	9.033367e-15
3.234847e+00	3.270976e+00	3.366412e-14	2.787039e-14	2.787039e-14
3.270976e+00	3.307105e+00	5.827607e-17	3.087148e-17	3.087148e-17
3.307105e+00	3.343235e+00	4.928649e-17	4.453136e-17	4.453136e-17
3.343235e+00	3.379364e+00	9.112699e-18	9.106414e-18	9.106414e-18
3.379364e+00	3.415493e+00	1.141588e-20	1.141284e-20	1.141284e-20
3.415493e+00	3.451622e+00	1.035475e-27	1.004290e-27	1.004290e-27
3.451622e+00	3.487751e+00	0.000000e+00	0.000000e+00	0.000000e+00
3.487751e+00	3.523880e+00	1.731504e-29	1.731503e-29	1.731503e-29
3.523880e+00	3.560009e+00	0.000000e+00	0.000000e+00	0.000000e+00
3.560009e+00	3.596139e+00	0.000000e+00	0.000000e+00	0.000000e+00
3.596139e+00	3.632268e+00	0.000000e+00	0.000000e+00	0.000000e+00
3.632268e+00	3.668397e+00	0.000000e+00	0.000000e+00	0.000000e+00
3.668397e+00	3.704526e+00	0.000000e+00	0.000000e+00	0.000000e+00
3.704526e+00	3.740655e+00	0.000000e+00	0.000000e+00	0.000000e+00
3.740655e+00	3.776784e+00	0.000000e+00	0.000000e+00	0.000000e+00
3.776784e+00	3.812913e+00	0.000000e+00	0.000000e+00	0.000000e+00
# END HISTO1D

