# BEGIN PLOT
LegendOnly=//homes/tinghua1/higgs-anomalous/Herwig7/gcc11_install_test/plots/H-N2-N3-4-25gev-even-combine.yoda/MC_H2JETS_04_TIGHT/jet4_y_incl //homes/tinghua1/higgs-anomalous/Herwig7/gcc11_install_test/plots/H2Jets-NLOPS-even-combine.yoda/MC_H2JETS_04_TIGHT/jet4_y_incl //homes/tinghua1/higgs-anomalous/Herwig7/gcc11_install_test/plots/H2Jets-NLO-even-combine.yoda/MC_H2JETS_04_TIGHT/jet4_y_incl
DrawOnly=//homes/tinghua1/higgs-anomalous/Herwig7/gcc11_install_test/plots/H-N2-N3-4-25gev-even-combine.yoda/MC_H2JETS_04_TIGHT/jet4_y_incl //homes/tinghua1/higgs-anomalous/Herwig7/gcc11_install_test/plots/H2Jets-NLOPS-even-combine.yoda/MC_H2JETS_04_TIGHT/jet4_y_incl //homes/tinghua1/higgs-anomalous/Herwig7/gcc11_install_test/plots/H2Jets-NLO-even-combine.yoda/MC_H2JETS_04_TIGHT/jet4_y_incl
RightMargin=0.5
RatioPlotReference=//homes/tinghua1/higgs-anomalous/Herwig7/gcc11_install_test/plots/H-N2-N3-4-25gev-even-combine.yoda/MC_H2JETS_04_TIGHT/jet4_y_incl
RatioPlot=1
LogY=1
RatioPlotYMax=2.0
RatioPlotYLabel=Ratio
XLabel=$y_{j_4}^{incl}$ 
LegendAlign=r
YLabel=$ \text{d} \sigma/ \text{d}  y_{j_4}^{incl}$ (pb)
Legend=1
RatioPlotYMin=0.6
# END PLOT


# BEGIN SPECIAL /MC_H2JETS_04_TIGHT/jet4_y_incl
\rput[tl](0.05,0.75){\parbox{5cm}{\textcolor{gray}{{\bf Herwig 7.2.3} \\ VBFNLO 3.0.0}}}
# END SPECIAL

# BEGIN HISTO1D //homes/tinghua1/higgs-anomalous/Herwig7/gcc11_install_test/plots/H-N2-N3-4-25gev-even-combine.yoda/MC_H2JETS_04_TIGHT/jet4_y_incl
ErrorBandColor=red
ErrorBandOpacity=0.3
ErrorBands=1
ErrorBars=1
ErrorType=env
LineColor=red
LineStyle=solid
Path=//homes/tinghua1/higgs-anomalous/Herwig7/gcc11_install_test/plots/H-N2-N3-4-25gev-even-combine.yoda/MC_H2JETS_04_TIGHT/jet4_y_incl
RatioPlotSameStyle=1
Title=h(2*,3*,4)
# xlow	 xhigh	 val	 errminus	 errplus
-5.000000e+00	-4.800000e+00	0.000000e+00	0.000000e+00	0.000000e+00
-4.800000e+00	-4.600000e+00	0.000000e+00	0.000000e+00	0.000000e+00
-4.600000e+00	-4.400000e+00	1.074397e-04	3.461320e-05	0.000000e+00
-4.400000e+00	-4.200000e+00	2.300456e-04	2.276980e-05	3.238800e-05
-4.200000e+00	-4.000000e+00	3.748916e-04	1.111439e-04	6.993940e-05
-4.000000e+00	-3.800000e+00	5.011610e-04	3.818500e-05	8.138750e-05
-3.800000e+00	-3.600000e+00	6.562550e-04	8.895350e-05	1.615185e-04
-3.600000e+00	-3.400000e+00	8.327470e-04	1.046120e-04	1.194510e-04
-3.400000e+00	-3.200000e+00	9.745250e-04	1.127925e-04	2.456700e-04
-3.200000e+00	-3.000000e+00	1.163503e-03	1.669790e-04	8.774200e-05
-3.000000e+00	-2.800000e+00	1.278208e-03	2.060245e-04	1.755215e-04
-2.800000e+00	-2.600000e+00	1.316607e-03	1.685505e-04	1.282525e-04
-2.600000e+00	-2.400000e+00	1.300349e-03	1.647250e-04	2.305375e-04
-2.400000e+00	-2.200000e+00	1.344311e-03	2.169915e-04	0.000000e+00
-2.200000e+00	-2.000000e+00	1.159188e-03	1.211665e-04	1.657160e-04
-2.000000e+00	-1.800000e+00	1.106060e-03	1.341865e-04	1.006605e-04
-1.800000e+00	-1.600000e+00	1.086455e-03	2.423345e-04	4.815900e-05
-1.600000e+00	-1.400000e+00	9.045760e-04	1.860280e-04	8.638550e-05
-1.400000e+00	-1.200000e+00	7.690365e-04	1.030735e-04	1.228430e-04
-1.200000e+00	-1.000000e+00	6.844300e-04	1.307010e-04	0.000000e+00
-1.000000e+00	-8.000000e-01	5.544255e-04	3.795650e-05	7.194800e-05
-8.000000e-01	-6.000000e-01	4.870177e-04	1.679208e-04	3.176125e-05
-6.000000e-01	-4.000000e-01	4.106081e-04	4.948425e-05	3.658940e-05
-4.000000e-01	-2.000000e-01	3.510247e-04	1.504725e-05	8.593090e-05
-2.000000e-01	0.000000e+00	3.584665e-04	4.484555e-05	4.622050e-05
0.000000e+00	2.000000e-01	3.489397e-04	4.343845e-05	3.294385e-05
2.000000e-01	4.000000e-01	3.590922e-04	1.015476e-04	0.000000e+00
4.000000e-01	6.000000e-01	3.900160e-04	3.535960e-05	8.478365e-05
6.000000e-01	8.000000e-01	4.065573e-04	3.945735e-05	3.424645e-05
8.000000e-01	1.000000e+00	5.003145e-04	7.855950e-05	0.000000e+00
1.000000e+00	1.200000e+00	5.397980e-04	5.455840e-05	8.347350e-05
1.200000e+00	1.400000e+00	6.481785e-04	5.709150e-05	7.061800e-05
1.400000e+00	1.600000e+00	7.481230e-04	4.747050e-05	1.039015e-04
1.600000e+00	1.800000e+00	8.109980e-04	4.803200e-05	1.410640e-04
1.800000e+00	2.000000e+00	9.897095e-04	1.419615e-04	4.318300e-05
2.000000e+00	2.200000e+00	1.033978e-03	8.124300e-05	1.865390e-04
2.200000e+00	2.400000e+00	1.179811e-03	2.576645e-04	1.230180e-04
2.400000e+00	2.600000e+00	1.166516e-03	1.153535e-04	1.825615e-04
2.600000e+00	2.800000e+00	1.214835e-03	1.735195e-04	6.636700e-05
2.800000e+00	3.000000e+00	1.123021e-03	1.748840e-04	8.052050e-05
3.000000e+00	3.200000e+00	1.051297e-03	1.342260e-04	1.191410e-04
3.200000e+00	3.400000e+00	8.973145e-04	1.163740e-04	1.199310e-04
3.400000e+00	3.600000e+00	7.373740e-04	8.188100e-05	1.203775e-04
3.600000e+00	3.800000e+00	5.859480e-04	2.470800e-05	6.257100e-05
3.800000e+00	4.000000e+00	4.283062e-04	2.963940e-05	2.532090e-05
4.000000e+00	4.200000e+00	7.477220e-05	0.000000e+00	2.715001e-04
4.200000e+00	4.400000e+00	2.062271e-04	4.234515e-05	3.876400e-06
4.400000e+00	4.600000e+00	5.932430e-05	0.000000e+00	1.169560e-05
4.600000e+00	4.800000e+00	0.000000e+00	0.000000e+00	0.000000e+00
4.800000e+00	5.000000e+00	0.000000e+00	0.000000e+00	0.000000e+00
# END HISTO1D


# BEGIN HISTO1D //homes/tinghua1/higgs-anomalous/Herwig7/gcc11_install_test/plots/H2Jets-NLOPS-even-combine.yoda/MC_H2JETS_04_TIGHT/jet4_y_incl
ErrorBandColor=green
ErrorBandOpacity=0.3
ErrorBands=1
ErrorBars=1
ErrorType=env
LineColor=green
LineStyle=solid
Path=//homes/tinghua1/higgs-anomalous/Herwig7/gcc11_install_test/plots/H2Jets-NLOPS-even-combine.yoda/MC_H2JETS_04_TIGHT/jet4_y_incl
RatioPlotSameStyle=1
Title=h(2*) $\oplus$ PS
# xlow	 xhigh	 val	 errminus	 errplus
-5.000000e+00	-4.800000e+00	0.000000e+00	0.000000e+00	0.000000e+00
-4.800000e+00	-4.600000e+00	0.000000e+00	0.000000e+00	0.000000e+00
-4.600000e+00	-4.400000e+00	3.717642e-05	0.000000e+00	1.829309e-05
-4.400000e+00	-4.200000e+00	1.104755e-04	0.000000e+00	5.057605e-05
-4.200000e+00	-4.000000e+00	1.696132e-04	0.000000e+00	7.515665e-05
-4.000000e+00	-3.800000e+00	2.419959e-04	0.000000e+00	1.039695e-04
-3.800000e+00	-3.600000e+00	3.361883e-04	0.000000e+00	1.443551e-04
-3.600000e+00	-3.400000e+00	4.135973e-04	0.000000e+00	1.905091e-04
-3.400000e+00	-3.200000e+00	5.082030e-04	0.000000e+00	2.341260e-04
-3.200000e+00	-3.000000e+00	5.757230e-04	0.000000e+00	2.490120e-04
-3.000000e+00	-2.800000e+00	6.319045e-04	0.000000e+00	2.900185e-04
-2.800000e+00	-2.600000e+00	6.604550e-04	0.000000e+00	3.127215e-04
-2.600000e+00	-2.400000e+00	6.714235e-04	0.000000e+00	3.092265e-04
-2.400000e+00	-2.200000e+00	6.585630e-04	0.000000e+00	2.811955e-04
-2.200000e+00	-2.000000e+00	6.121435e-04	0.000000e+00	2.654865e-04
-2.000000e+00	-1.800000e+00	5.533540e-04	0.000000e+00	2.589295e-04
-1.800000e+00	-1.600000e+00	4.896990e-04	0.000000e+00	2.222455e-04
-1.600000e+00	-1.400000e+00	4.255731e-04	0.000000e+00	1.857294e-04
-1.400000e+00	-1.200000e+00	3.641363e-04	0.000000e+00	1.555267e-04
-1.200000e+00	-1.000000e+00	2.958955e-04	0.000000e+00	1.434355e-04
-1.000000e+00	-8.000000e-01	2.533754e-04	0.000000e+00	1.150663e-04
-8.000000e-01	-6.000000e-01	2.142974e-04	0.000000e+00	9.388980e-05
-6.000000e-01	-4.000000e-01	1.897926e-04	0.000000e+00	8.661685e-05
-4.000000e-01	-2.000000e-01	1.678105e-04	0.000000e+00	7.300995e-05
-2.000000e-01	0.000000e+00	1.610773e-04	0.000000e+00	6.394880e-05
0.000000e+00	2.000000e-01	1.572908e-04	0.000000e+00	6.342225e-05
2.000000e-01	4.000000e-01	1.666706e-04	0.000000e+00	8.064020e-05
4.000000e-01	6.000000e-01	1.855111e-04	0.000000e+00	8.624585e-05
6.000000e-01	8.000000e-01	2.158008e-04	0.000000e+00	9.481060e-05
8.000000e-01	1.000000e+00	2.539372e-04	0.000000e+00	1.218769e-04
1.000000e+00	1.200000e+00	3.073140e-04	0.000000e+00	1.384664e-04
1.200000e+00	1.400000e+00	3.609389e-04	0.000000e+00	1.591031e-04
1.400000e+00	1.600000e+00	4.321454e-04	0.000000e+00	1.823615e-04
1.600000e+00	1.800000e+00	4.831227e-04	0.000000e+00	2.251608e-04
1.800000e+00	2.000000e+00	5.541525e-04	0.000000e+00	2.540245e-04
2.000000e+00	2.200000e+00	6.191365e-04	0.000000e+00	2.698340e-04
2.200000e+00	2.400000e+00	6.468345e-04	0.000000e+00	2.980950e-04
2.400000e+00	2.600000e+00	6.656955e-04	0.000000e+00	3.194075e-04
2.600000e+00	2.800000e+00	6.654905e-04	0.000000e+00	3.114870e-04
2.800000e+00	3.000000e+00	6.402495e-04	0.000000e+00	2.906170e-04
3.000000e+00	3.200000e+00	5.823125e-04	0.000000e+00	2.582355e-04
3.200000e+00	3.400000e+00	4.967807e-04	0.000000e+00	2.220669e-04
3.400000e+00	3.600000e+00	4.213701e-04	0.000000e+00	1.827668e-04
3.600000e+00	3.800000e+00	3.273330e-04	0.000000e+00	1.440696e-04
3.800000e+00	4.000000e+00	2.445700e-04	0.000000e+00	9.936685e-05
4.000000e+00	4.200000e+00	1.670677e-04	0.000000e+00	7.150855e-05
4.200000e+00	4.400000e+00	1.100090e-04	0.000000e+00	4.583360e-05
4.400000e+00	4.600000e+00	3.827751e-05	0.000000e+00	1.547385e-05
4.600000e+00	4.800000e+00	0.000000e+00	0.000000e+00	0.000000e+00
4.800000e+00	5.000000e+00	0.000000e+00	0.000000e+00	0.000000e+00
# END HISTO1D


# BEGIN HISTO1D //homes/tinghua1/higgs-anomalous/Herwig7/gcc11_install_test/plots/H2Jets-NLO-even-combine.yoda/MC_H2JETS_04_TIGHT/jet4_y_incl
ErrorBandColor=orange
ErrorBandOpacity=0.3
ErrorBands=1
ErrorBars=1
ErrorType=env
LineColor=orange
LineStyle=solid
Path=//homes/tinghua1/higgs-anomalous/Herwig7/gcc11_install_test/plots/H2Jets-NLO-even-combine.yoda/MC_H2JETS_04_TIGHT/jet4_y_incl
RatioPlotSameStyle=1
Title=h(2*)-FO
# xlow	 xhigh	 val	 errminus	 errplus
-5.000000e+00	-4.800000e+00	0.000000e+00	0.000000e+00	0.000000e+00
-4.800000e+00	-4.600000e+00	0.000000e+00	0.000000e+00	0.000000e+00
-4.600000e+00	-4.400000e+00	0.000000e+00	0.000000e+00	0.000000e+00
-4.400000e+00	-4.200000e+00	0.000000e+00	0.000000e+00	0.000000e+00
-4.200000e+00	-4.000000e+00	0.000000e+00	0.000000e+00	0.000000e+00
-4.000000e+00	-3.800000e+00	0.000000e+00	0.000000e+00	0.000000e+00
-3.800000e+00	-3.600000e+00	0.000000e+00	0.000000e+00	0.000000e+00
-3.600000e+00	-3.400000e+00	0.000000e+00	0.000000e+00	0.000000e+00
-3.400000e+00	-3.200000e+00	0.000000e+00	0.000000e+00	0.000000e+00
-3.200000e+00	-3.000000e+00	0.000000e+00	0.000000e+00	0.000000e+00
-3.000000e+00	-2.800000e+00	0.000000e+00	0.000000e+00	0.000000e+00
-2.800000e+00	-2.600000e+00	0.000000e+00	0.000000e+00	0.000000e+00
-2.600000e+00	-2.400000e+00	0.000000e+00	0.000000e+00	0.000000e+00
-2.400000e+00	-2.200000e+00	0.000000e+00	0.000000e+00	0.000000e+00
-2.200000e+00	-2.000000e+00	0.000000e+00	0.000000e+00	0.000000e+00
-2.000000e+00	-1.800000e+00	0.000000e+00	0.000000e+00	0.000000e+00
-1.800000e+00	-1.600000e+00	0.000000e+00	0.000000e+00	0.000000e+00
-1.600000e+00	-1.400000e+00	0.000000e+00	0.000000e+00	0.000000e+00
-1.400000e+00	-1.200000e+00	0.000000e+00	0.000000e+00	0.000000e+00
-1.200000e+00	-1.000000e+00	0.000000e+00	0.000000e+00	0.000000e+00
-1.000000e+00	-8.000000e-01	0.000000e+00	0.000000e+00	0.000000e+00
-8.000000e-01	-6.000000e-01	0.000000e+00	0.000000e+00	0.000000e+00
-6.000000e-01	-4.000000e-01	0.000000e+00	0.000000e+00	0.000000e+00
-4.000000e-01	-2.000000e-01	0.000000e+00	0.000000e+00	0.000000e+00
-2.000000e-01	0.000000e+00	0.000000e+00	0.000000e+00	0.000000e+00
0.000000e+00	2.000000e-01	0.000000e+00	0.000000e+00	0.000000e+00
2.000000e-01	4.000000e-01	0.000000e+00	0.000000e+00	0.000000e+00
4.000000e-01	6.000000e-01	0.000000e+00	0.000000e+00	0.000000e+00
6.000000e-01	8.000000e-01	0.000000e+00	0.000000e+00	0.000000e+00
8.000000e-01	1.000000e+00	0.000000e+00	0.000000e+00	0.000000e+00
1.000000e+00	1.200000e+00	0.000000e+00	0.000000e+00	0.000000e+00
1.200000e+00	1.400000e+00	0.000000e+00	0.000000e+00	0.000000e+00
1.400000e+00	1.600000e+00	0.000000e+00	0.000000e+00	0.000000e+00
1.600000e+00	1.800000e+00	0.000000e+00	0.000000e+00	0.000000e+00
1.800000e+00	2.000000e+00	0.000000e+00	0.000000e+00	0.000000e+00
2.000000e+00	2.200000e+00	0.000000e+00	0.000000e+00	0.000000e+00
2.200000e+00	2.400000e+00	0.000000e+00	0.000000e+00	0.000000e+00
2.400000e+00	2.600000e+00	0.000000e+00	0.000000e+00	0.000000e+00
2.600000e+00	2.800000e+00	0.000000e+00	0.000000e+00	0.000000e+00
2.800000e+00	3.000000e+00	0.000000e+00	0.000000e+00	0.000000e+00
3.000000e+00	3.200000e+00	0.000000e+00	0.000000e+00	0.000000e+00
3.200000e+00	3.400000e+00	0.000000e+00	0.000000e+00	0.000000e+00
3.400000e+00	3.600000e+00	0.000000e+00	0.000000e+00	0.000000e+00
3.600000e+00	3.800000e+00	0.000000e+00	0.000000e+00	0.000000e+00
3.800000e+00	4.000000e+00	0.000000e+00	0.000000e+00	0.000000e+00
4.000000e+00	4.200000e+00	0.000000e+00	0.000000e+00	0.000000e+00
4.200000e+00	4.400000e+00	0.000000e+00	0.000000e+00	0.000000e+00
4.400000e+00	4.600000e+00	0.000000e+00	0.000000e+00	0.000000e+00
4.600000e+00	4.800000e+00	0.000000e+00	0.000000e+00	0.000000e+00
4.800000e+00	5.000000e+00	0.000000e+00	0.000000e+00	0.000000e+00
# END HISTO1D

