# BEGIN PLOT
LegendOnly=//homes/n597m389/Formfactor/ffac-plots/H2Jets-NLOPS-mixed.yoda/MC_H2JETS_04_TIGHT/deltay_jj //homes/n597m389/Formfactor/ffac-plots/H2Jets-NLOPS-mixed-ffac.yoda/MC_H2JETS_04_TIGHT/deltay_jj
DrawOnly=//homes/n597m389/Formfactor/ffac-plots/H2Jets-NLOPS-mixed.yoda/MC_H2JETS_04_TIGHT/deltay_jj //homes/n597m389/Formfactor/ffac-plots/H2Jets-NLOPS-mixed-ffac.yoda/MC_H2JETS_04_TIGHT/deltay_jj
Title=CP-mixed
RatioPlotReference=//homes/n597m389/Formfactor/ffac-plots/H2Jets-NLOPS-mixed.yoda/MC_H2JETS_04_TIGHT/deltay_jj
RightMargin=0.5
RatioPlot=1
LogY=1
RatioPlotYMax=1.5
RatioPlotYLabel=Ratio
XLabel=$\Delta y_{j_1j_2}$ 
LegendAlign=r
XMax=9
YLabel=$ \text{d} \sigma/ \text{d}  \Delta y_{j_1j_2}$ (pb)
XMin=4
Legend=1
# END PLOT


# BEGIN SPECIAL /MC_H2JETS_04_TIGHT/deltay_jj
\rput[tl](0.15,0.75){\parbox{5cm}{\textcolor{gray}{{\bf Herwig 7.2.3} \\ VBFNLO 3.0.0}}}
# END SPECIAL

# BEGIN HISTO1D //homes/n597m389/Formfactor/ffac-plots/H2Jets-NLOPS-mixed.yoda/MC_H2JETS_04_TIGHT/deltay_jj
ErrorBars=1
LineColor=red
LineStyle=solid
Path=//homes/n597m389/Formfactor/ffac-plots/H2Jets-NLOPS-mixed.yoda/MC_H2JETS_04_TIGHT/deltay_jj
ScaledBy=1.89207682213989584e-05
Title=h(2*) $\oplus$ PS
# xlow	 xhigh	 val	 errminus	 errplus
0.000000e+00	2.000000e-01	0.000000e+00	0.000000e+00	0.000000e+00
2.000000e-01	4.000000e-01	0.000000e+00	0.000000e+00	0.000000e+00
4.000000e-01	6.000000e-01	0.000000e+00	0.000000e+00	0.000000e+00
6.000000e-01	8.000000e-01	0.000000e+00	0.000000e+00	0.000000e+00
8.000000e-01	1.000000e+00	0.000000e+00	0.000000e+00	0.000000e+00
1.000000e+00	1.200000e+00	0.000000e+00	0.000000e+00	0.000000e+00
1.200000e+00	1.400000e+00	0.000000e+00	0.000000e+00	0.000000e+00
1.400000e+00	1.600000e+00	0.000000e+00	0.000000e+00	0.000000e+00
1.600000e+00	1.800000e+00	0.000000e+00	0.000000e+00	0.000000e+00
1.800000e+00	2.000000e+00	0.000000e+00	0.000000e+00	0.000000e+00
2.000000e+00	2.200000e+00	0.000000e+00	0.000000e+00	0.000000e+00
2.200000e+00	2.400000e+00	0.000000e+00	0.000000e+00	0.000000e+00
2.400000e+00	2.600000e+00	0.000000e+00	0.000000e+00	0.000000e+00
2.600000e+00	2.800000e+00	0.000000e+00	0.000000e+00	0.000000e+00
2.800000e+00	3.000000e+00	0.000000e+00	0.000000e+00	0.000000e+00
3.000000e+00	3.200000e+00	0.000000e+00	0.000000e+00	0.000000e+00
3.200000e+00	3.400000e+00	0.000000e+00	0.000000e+00	0.000000e+00
3.400000e+00	3.600000e+00	0.000000e+00	0.000000e+00	0.000000e+00
3.600000e+00	3.800000e+00	0.000000e+00	0.000000e+00	0.000000e+00
3.800000e+00	4.000000e+00	0.000000e+00	0.000000e+00	0.000000e+00
4.000000e+00	4.200000e+00	0.000000e+00	0.000000e+00	0.000000e+00
4.200000e+00	4.400000e+00	0.000000e+00	0.000000e+00	0.000000e+00
4.400000e+00	4.600000e+00	6.818335e-02	8.571814e-05	8.571814e-05
4.600000e+00	4.800000e+00	1.248456e-01	1.214767e-04	1.214767e-04
4.800000e+00	5.000000e+00	1.094769e-01	1.097151e-04	1.097151e-04
5.000000e+00	5.200000e+00	9.394915e-02	9.846049e-05	9.846049e-05
5.200000e+00	5.400000e+00	7.924560e-02	9.342434e-05	9.342434e-05
5.400000e+00	5.600000e+00	6.570655e-02	8.267893e-05	8.267893e-05
5.600000e+00	5.800000e+00	5.335130e-02	1.043420e-04	1.043420e-04
5.800000e+00	6.000000e+00	4.258020e-02	6.281723e-05	6.281723e-05
6.000000e+00	6.200000e+00	3.341449e-02	5.129096e-05	5.129096e-05
6.200000e+00	6.400000e+00	2.568122e-02	5.009274e-05	5.009274e-05
6.400000e+00	6.600000e+00	1.930588e-02	4.302054e-05	4.302054e-05
6.600000e+00	6.800000e+00	1.426312e-02	3.388203e-05	3.388203e-05
6.800000e+00	7.000000e+00	1.022339e-02	4.811807e-05	4.811807e-05
7.000000e+00	7.200000e+00	7.118645e-03	2.330926e-05	2.330926e-05
7.200000e+00	7.400000e+00	4.828538e-03	2.104533e-05	2.104533e-05
7.400000e+00	7.600000e+00	3.157393e-03	1.348162e-05	1.348162e-05
7.600000e+00	7.800000e+00	1.984166e-03	1.402485e-05	1.402485e-05
7.800000e+00	8.000000e+00	1.187972e-03	6.925671e-06	6.925671e-06
8.000000e+00	8.200000e+00	6.670870e-04	5.380695e-06	5.380695e-06
8.200000e+00	8.400000e+00	3.332797e-04	4.031681e-06	4.031681e-06
8.400000e+00	8.600000e+00	1.551642e-04	3.224881e-06	3.224881e-06
8.600000e+00	8.800000e+00	5.662960e-05	3.452660e-06	3.452660e-06
8.800000e+00	9.000000e+00	1.201220e-05	8.121044e-07	8.121044e-07
9.000000e+00	9.200000e+00	0.000000e+00	0.000000e+00	0.000000e+00
9.200000e+00	9.400000e+00	0.000000e+00	0.000000e+00	0.000000e+00
9.400000e+00	9.600000e+00	0.000000e+00	0.000000e+00	0.000000e+00
9.600000e+00	9.800000e+00	0.000000e+00	0.000000e+00	0.000000e+00
9.800000e+00	1.000000e+01	0.000000e+00	0.000000e+00	0.000000e+00
# END HISTO1D


# BEGIN HISTO1D //homes/n597m389/Formfactor/ffac-plots/H2Jets-NLOPS-mixed-ffac.yoda/MC_H2JETS_04_TIGHT/deltay_jj
ErrorBars=1
LineColor=blue
LineStyle=solid
Path=//homes/n597m389/Formfactor/ffac-plots/H2Jets-NLOPS-mixed-ffac.yoda/MC_H2JETS_04_TIGHT/deltay_jj
ScaledBy=2.18319152661033333e-07
Title=h(2*) $\oplus$ PS-ffac
# xlow	 xhigh	 val	 errminus	 errplus
0.000000e+00	2.000000e-01	0.000000e+00	0.000000e+00	0.000000e+00
2.000000e-01	4.000000e-01	0.000000e+00	0.000000e+00	0.000000e+00
4.000000e-01	6.000000e-01	0.000000e+00	0.000000e+00	0.000000e+00
6.000000e-01	8.000000e-01	0.000000e+00	0.000000e+00	0.000000e+00
8.000000e-01	1.000000e+00	0.000000e+00	0.000000e+00	0.000000e+00
1.000000e+00	1.200000e+00	0.000000e+00	0.000000e+00	0.000000e+00
1.200000e+00	1.400000e+00	0.000000e+00	0.000000e+00	0.000000e+00
1.400000e+00	1.600000e+00	0.000000e+00	0.000000e+00	0.000000e+00
1.600000e+00	1.800000e+00	0.000000e+00	0.000000e+00	0.000000e+00
1.800000e+00	2.000000e+00	0.000000e+00	0.000000e+00	0.000000e+00
2.000000e+00	2.200000e+00	0.000000e+00	0.000000e+00	0.000000e+00
2.200000e+00	2.400000e+00	0.000000e+00	0.000000e+00	0.000000e+00
2.400000e+00	2.600000e+00	0.000000e+00	0.000000e+00	0.000000e+00
2.600000e+00	2.800000e+00	0.000000e+00	0.000000e+00	0.000000e+00
2.800000e+00	3.000000e+00	0.000000e+00	0.000000e+00	0.000000e+00
3.000000e+00	3.200000e+00	0.000000e+00	0.000000e+00	0.000000e+00
3.200000e+00	3.400000e+00	0.000000e+00	0.000000e+00	0.000000e+00
3.400000e+00	3.600000e+00	0.000000e+00	0.000000e+00	0.000000e+00
3.600000e+00	3.800000e+00	0.000000e+00	0.000000e+00	0.000000e+00
3.800000e+00	4.000000e+00	0.000000e+00	0.000000e+00	0.000000e+00
4.000000e+00	4.200000e+00	0.000000e+00	0.000000e+00	0.000000e+00
4.200000e+00	4.400000e+00	0.000000e+00	0.000000e+00	0.000000e+00
4.400000e+00	4.600000e+00	8.670330e-03	6.880685e-06	6.880685e-06
4.600000e+00	4.800000e+00	1.757821e-02	1.048347e-05	1.048347e-05
4.800000e+00	5.000000e+00	1.734110e-02	9.827889e-06	9.827889e-06
5.000000e+00	5.200000e+00	1.655589e-02	1.009777e-05	1.009777e-05
5.200000e+00	5.400000e+00	1.531819e-02	9.620631e-06	9.620631e-06
5.400000e+00	5.600000e+00	1.381613e-02	9.313259e-06	9.313259e-06
5.600000e+00	5.800000e+00	1.219177e-02	8.911661e-06	8.911661e-06
5.800000e+00	6.000000e+00	1.051607e-02	8.170234e-06	8.170234e-06
6.000000e+00	6.200000e+00	8.897115e-03	7.443724e-06	7.443724e-06
6.200000e+00	6.400000e+00	7.372915e-03	6.802621e-06	6.802621e-06
6.400000e+00	6.600000e+00	5.977675e-03	6.334481e-06	6.334481e-06
6.600000e+00	6.800000e+00	4.759496e-03	6.131068e-06	6.131068e-06
6.800000e+00	7.000000e+00	3.688063e-03	5.235084e-06	5.235084e-06
7.000000e+00	7.200000e+00	2.781495e-03	4.460164e-06	4.460164e-06
7.200000e+00	7.400000e+00	2.031290e-03	4.398033e-06	4.398033e-06
7.400000e+00	7.600000e+00	1.425618e-03	3.033209e-06	3.033209e-06
7.600000e+00	7.800000e+00	9.609830e-04	2.514093e-06	2.514093e-06
7.800000e+00	8.000000e+00	6.170555e-04	2.187485e-06	2.187485e-06
8.000000e+00	8.200000e+00	3.680706e-04	1.408718e-06	1.408718e-06
8.200000e+00	8.400000e+00	2.020419e-04	1.225046e-06	1.225046e-06
8.400000e+00	8.600000e+00	9.946080e-05	8.942010e-07	8.942010e-07
8.600000e+00	8.800000e+00	3.907961e-05	5.021944e-07	5.021944e-07
8.800000e+00	9.000000e+00	8.651315e-06	2.261030e-07	2.261030e-07
9.000000e+00	9.200000e+00	0.000000e+00	0.000000e+00	0.000000e+00
9.200000e+00	9.400000e+00	0.000000e+00	0.000000e+00	0.000000e+00
9.400000e+00	9.600000e+00	0.000000e+00	0.000000e+00	0.000000e+00
9.600000e+00	9.800000e+00	0.000000e+00	0.000000e+00	0.000000e+00
9.800000e+00	1.000000e+01	0.000000e+00	0.000000e+00	0.000000e+00
# END HISTO1D

