# BEGIN PLOT
LegendOnly=//homes/n597m389/Formfactor/ffac-plots/H2Jets-NLOPS-mixed.yoda/MC_H2JETS_04_TIGHT/Hjj_pT_excl //homes/n597m389/Formfactor/ffac-plots/H2Jets-NLOPS-mixed-ffac.yoda/MC_H2JETS_04_TIGHT/Hjj_pT_excl
DrawOnly=//homes/n597m389/Formfactor/ffac-plots/H2Jets-NLOPS-mixed.yoda/MC_H2JETS_04_TIGHT/Hjj_pT_excl //homes/n597m389/Formfactor/ffac-plots/H2Jets-NLOPS-mixed-ffac.yoda/MC_H2JETS_04_TIGHT/Hjj_pT_excl
Title=CP-mixed
RatioPlotReference=//homes/n597m389/Formfactor/ffac-plots/H2Jets-NLOPS-mixed.yoda/MC_H2JETS_04_TIGHT/Hjj_pT_excl
RightMargin=0.5
RatioPlot=1
LogY=1
RatioPlotYMax=4.0
RatioPlotYLabel=Ratio
XLabel=$p_{T,hj_1j_2}^{excl}$ (GeV)
LegendAlign=r
XMax=150.0
YLabel=$ \text{d} \sigma/ \text{d}  p_{T,hj_1j_2}^{excl}$ (pb/GeV)
Legend=1
RatioPlotYMin=0.0
# END PLOT


# BEGIN SPECIAL /MC_H2JETS_04_TIGHT/Hjj_pT_excl
\rput[tl](0.05,0.75){\parbox{5cm}{\textcolor{gray}{{\bf Herwig 7.2.3} \\ VBFNLO 3.0.0}}}
# END SPECIAL

# BEGIN HISTO1D //homes/n597m389/Formfactor/ffac-plots/H2Jets-NLOPS-mixed.yoda/MC_H2JETS_04_TIGHT/Hjj_pT_excl
ErrorBars=1
LineColor=red
LineStyle=solid
Path=//homes/n597m389/Formfactor/ffac-plots/H2Jets-NLOPS-mixed.yoda/MC_H2JETS_04_TIGHT/Hjj_pT_excl
ScaledBy=1.89207682213989584e-05
Title=h(2*) $\oplus$ PS
# xlow	 xhigh	 val	 errminus	 errplus
0.000000e+00	1.000000e+01	4.837867e-03	2.926792e-06	2.926792e-06
1.000000e+01	2.000000e+01	3.448913e-03	2.648227e-06	2.648227e-06
2.000000e+01	3.000000e+01	1.773736e-03	1.786375e-06	1.786375e-06
3.000000e+01	4.000000e+01	7.132998e-04	1.965616e-06	1.965616e-06
4.000000e+01	5.000000e+01	2.565517e-04	7.972665e-07	7.972665e-07
5.000000e+01	6.000000e+01	8.553904e-05	4.112781e-07	4.112781e-07
6.000000e+01	7.000000e+01	2.671745e-05	2.420556e-07	2.420556e-07
7.000000e+01	8.000000e+01	8.235234e-06	1.235188e-07	1.235188e-07
8.000000e+01	9.000000e+01	2.449037e-06	4.923597e-08	4.923597e-08
9.000000e+01	1.000000e+02	6.995258e-07	3.328515e-08	3.328515e-08
1.000000e+02	1.100000e+02	2.056805e-07	1.965788e-08	1.965788e-08
1.100000e+02	1.200000e+02	1.157727e-07	3.472496e-08	3.472496e-08
1.200000e+02	1.300000e+02	1.299484e-08	3.440318e-09	3.440318e-09
1.300000e+02	1.400000e+02	4.566183e-09	1.017590e-09	1.017590e-09
1.400000e+02	1.500000e+02	9.147677e-10	4.045732e-10	4.045732e-10
1.500000e+02	1.600000e+02	2.812113e-10	2.086805e-10	2.086805e-10
1.600000e+02	1.700000e+02	3.303230e-16	1.069412e-15	1.069412e-15
1.700000e+02	1.800000e+02	4.599293e-11	4.599293e-11	4.599293e-11
1.800000e+02	1.900000e+02	7.421155e-26	8.916846e-26	8.916846e-26
1.900000e+02	2.000000e+02	5.369438e-23	5.369439e-23	5.369439e-23
2.000000e+02	2.100000e+02	0.000000e+00	0.000000e+00	0.000000e+00
2.100000e+02	2.200000e+02	2.127051e-20	2.127051e-20	2.127051e-20
2.200000e+02	2.300000e+02	0.000000e+00	0.000000e+00	0.000000e+00
2.300000e+02	2.400000e+02	0.000000e+00	0.000000e+00	0.000000e+00
2.400000e+02	2.500000e+02	0.000000e+00	0.000000e+00	0.000000e+00
2.500000e+02	2.600000e+02	0.000000e+00	0.000000e+00	0.000000e+00
2.600000e+02	2.700000e+02	0.000000e+00	0.000000e+00	0.000000e+00
2.700000e+02	2.800000e+02	0.000000e+00	0.000000e+00	0.000000e+00
2.800000e+02	2.900000e+02	0.000000e+00	0.000000e+00	0.000000e+00
2.900000e+02	3.000000e+02	0.000000e+00	0.000000e+00	0.000000e+00
3.000000e+02	3.100000e+02	0.000000e+00	0.000000e+00	0.000000e+00
3.100000e+02	3.200000e+02	0.000000e+00	0.000000e+00	0.000000e+00
3.200000e+02	3.300000e+02	0.000000e+00	0.000000e+00	0.000000e+00
3.300000e+02	3.400000e+02	0.000000e+00	0.000000e+00	0.000000e+00
3.400000e+02	3.500000e+02	0.000000e+00	0.000000e+00	0.000000e+00
3.500000e+02	3.600000e+02	0.000000e+00	0.000000e+00	0.000000e+00
3.600000e+02	3.700000e+02	0.000000e+00	0.000000e+00	0.000000e+00
3.700000e+02	3.800000e+02	0.000000e+00	0.000000e+00	0.000000e+00
3.800000e+02	3.900000e+02	0.000000e+00	0.000000e+00	0.000000e+00
3.900000e+02	4.000000e+02	0.000000e+00	0.000000e+00	0.000000e+00
4.000000e+02	4.100000e+02	0.000000e+00	0.000000e+00	0.000000e+00
4.100000e+02	4.200000e+02	0.000000e+00	0.000000e+00	0.000000e+00
4.200000e+02	4.300000e+02	0.000000e+00	0.000000e+00	0.000000e+00
4.300000e+02	4.400000e+02	0.000000e+00	0.000000e+00	0.000000e+00
4.400000e+02	4.500000e+02	0.000000e+00	0.000000e+00	0.000000e+00
4.500000e+02	4.600000e+02	0.000000e+00	0.000000e+00	0.000000e+00
4.600000e+02	4.700000e+02	0.000000e+00	0.000000e+00	0.000000e+00
4.700000e+02	4.800000e+02	0.000000e+00	0.000000e+00	0.000000e+00
4.800000e+02	4.900000e+02	0.000000e+00	0.000000e+00	0.000000e+00
4.900000e+02	5.000000e+02	0.000000e+00	0.000000e+00	0.000000e+00
# END HISTO1D


# BEGIN HISTO1D //homes/n597m389/Formfactor/ffac-plots/H2Jets-NLOPS-mixed-ffac.yoda/MC_H2JETS_04_TIGHT/Hjj_pT_excl
ErrorBars=1
LineColor=blue
LineStyle=solid
Path=//homes/n597m389/Formfactor/ffac-plots/H2Jets-NLOPS-mixed-ffac.yoda/MC_H2JETS_04_TIGHT/Hjj_pT_excl
ScaledBy=2.18319152661033333e-07
Title=h(2*) $\oplus$ PS-ffac
# xlow	 xhigh	 val	 errminus	 errplus
0.000000e+00	1.000000e+01	1.137207e-03	3.633848e-07	3.633848e-07
1.000000e+01	2.000000e+01	7.413547e-04	3.084169e-07	3.084169e-07
2.000000e+01	3.000000e+01	3.603307e-04	2.125430e-07	2.125430e-07
3.000000e+01	4.000000e+01	1.368614e-04	1.339635e-07	1.339635e-07
4.000000e+01	5.000000e+01	4.654405e-05	8.264168e-08	8.264168e-08
5.000000e+01	6.000000e+01	1.467492e-05	4.610777e-08	4.610777e-08
6.000000e+01	7.000000e+01	4.288339e-06	2.351504e-08	2.351504e-08
7.000000e+01	8.000000e+01	1.242223e-06	1.189427e-08	1.189427e-08
8.000000e+01	9.000000e+01	3.518796e-07	6.392559e-09	6.392559e-09
9.000000e+01	1.000000e+02	9.319810e-08	3.823262e-09	3.823262e-09
1.000000e+02	1.100000e+02	2.584671e-08	1.416811e-09	1.416811e-09
1.100000e+02	1.200000e+02	8.675443e-09	1.129021e-09	1.129021e-09
1.200000e+02	1.300000e+02	1.522253e-09	2.005884e-10	2.005884e-10
1.300000e+02	1.400000e+02	4.227095e-10	1.077251e-10	1.077251e-10
1.400000e+02	1.500000e+02	1.946603e-10	5.001161e-11	5.001161e-11
1.500000e+02	1.600000e+02	4.062560e-11	2.441152e-11	2.441152e-11
1.600000e+02	1.700000e+02	1.191169e-11	1.157248e-11	1.157248e-11
1.700000e+02	1.800000e+02	1.779386e-12	1.653348e-12	1.653348e-12
1.800000e+02	1.900000e+02	1.390277e-21	1.965801e-21	1.965801e-21
1.900000e+02	2.000000e+02	2.562336e-25	2.562336e-25	2.562336e-25
2.000000e+02	2.100000e+02	7.873176e-27	7.873177e-27	7.873177e-27
2.100000e+02	2.200000e+02	0.000000e+00	0.000000e+00	0.000000e+00
2.200000e+02	2.300000e+02	0.000000e+00	0.000000e+00	0.000000e+00
2.300000e+02	2.400000e+02	0.000000e+00	0.000000e+00	0.000000e+00
2.400000e+02	2.500000e+02	0.000000e+00	0.000000e+00	0.000000e+00
2.500000e+02	2.600000e+02	0.000000e+00	0.000000e+00	0.000000e+00
2.600000e+02	2.700000e+02	0.000000e+00	0.000000e+00	0.000000e+00
2.700000e+02	2.800000e+02	0.000000e+00	0.000000e+00	0.000000e+00
2.800000e+02	2.900000e+02	0.000000e+00	0.000000e+00	0.000000e+00
2.900000e+02	3.000000e+02	0.000000e+00	0.000000e+00	0.000000e+00
3.000000e+02	3.100000e+02	0.000000e+00	0.000000e+00	0.000000e+00
3.100000e+02	3.200000e+02	0.000000e+00	0.000000e+00	0.000000e+00
3.200000e+02	3.300000e+02	0.000000e+00	0.000000e+00	0.000000e+00
3.300000e+02	3.400000e+02	0.000000e+00	0.000000e+00	0.000000e+00
3.400000e+02	3.500000e+02	0.000000e+00	0.000000e+00	0.000000e+00
3.500000e+02	3.600000e+02	0.000000e+00	0.000000e+00	0.000000e+00
3.600000e+02	3.700000e+02	0.000000e+00	0.000000e+00	0.000000e+00
3.700000e+02	3.800000e+02	0.000000e+00	0.000000e+00	0.000000e+00
3.800000e+02	3.900000e+02	0.000000e+00	0.000000e+00	0.000000e+00
3.900000e+02	4.000000e+02	0.000000e+00	0.000000e+00	0.000000e+00
4.000000e+02	4.100000e+02	0.000000e+00	0.000000e+00	0.000000e+00
4.100000e+02	4.200000e+02	0.000000e+00	0.000000e+00	0.000000e+00
4.200000e+02	4.300000e+02	0.000000e+00	0.000000e+00	0.000000e+00
4.300000e+02	4.400000e+02	0.000000e+00	0.000000e+00	0.000000e+00
4.400000e+02	4.500000e+02	0.000000e+00	0.000000e+00	0.000000e+00
4.500000e+02	4.600000e+02	0.000000e+00	0.000000e+00	0.000000e+00
4.600000e+02	4.700000e+02	0.000000e+00	0.000000e+00	0.000000e+00
4.700000e+02	4.800000e+02	0.000000e+00	0.000000e+00	0.000000e+00
4.800000e+02	4.900000e+02	0.000000e+00	0.000000e+00	0.000000e+00
4.900000e+02	5.000000e+02	0.000000e+00	0.000000e+00	0.000000e+00
# END HISTO1D

