# BEGIN PLOT
Rebin=2
DrawOnly=//homes/n597m389/Formfactor/ffac-plots/H2Jets-NLOPS-mixed.yoda/MC_H2JETS_04_TIGHT/j1j3_mass //homes/n597m389/Formfactor/ffac-plots/H2Jets-NLOPS-mixed-ffac.yoda/MC_H2JETS_04_TIGHT/j1j3_mass
Title=CP-mixed
RatioPlotReference=//homes/n597m389/Formfactor/ffac-plots/H2Jets-NLOPS-mixed.yoda/MC_H2JETS_04_TIGHT/j1j3_mass
RightMargin=0.5
RatioPlot=1
LogY=1
RatioPlotYMax=2.0
RatioPlotYLabel=Ratio
LegendOnly=//homes/n597m389/Formfactor/ffac-plots/H2Jets-NLOPS-mixed.yoda/MC_H2JETS_04_TIGHT/j1j3_mass //homes/n597m389/Formfactor/ffac-plots/H2Jets-NLOPS-mixed-ffac.yoda/MC_H2JETS_04_TIGHT/j1j3_mass
XLabel=$m_{j_1j_3}$ (GeV)
LegendAlign=r
XMax=1000.0
YLabel=$ \text{d} \sigma/ \text{d}  m_{j_1j_3}$ (pb/GeV)
Legend=1
RatioPlotYMin=0.6
# END PLOT


# BEGIN SPECIAL /MC_H2JETS_04_TIGHT/j1j3_mass
\rput[tl](0.05,0.75){\parbox{5cm}{\textcolor{gray}{{\bf Herwig 7.2.3} \\ VBFNLO 3.0.0}}}
# END SPECIAL

# BEGIN HISTO1D //homes/n597m389/Formfactor/ffac-plots/H2Jets-NLOPS-mixed.yoda/MC_H2JETS_04_TIGHT/j1j3_mass
ErrorBars=1
LineColor=red
LineStyle=solid
Path=//homes/n597m389/Formfactor/ffac-plots/H2Jets-NLOPS-mixed.yoda/MC_H2JETS_04_TIGHT/j1j3_mass
ScaledBy=1.89207682213989584e-05
Title=h(2*) $\oplus$ PS
# xlow	 xhigh	 val	 errminus	 errplus
0.000000e+00	4.000000e+01	4.332870e-05	1.512497e-07	1.512497e-07
4.000000e+01	8.000000e+01	1.600112e-04	3.559731e-07	3.559731e-07
8.000000e+01	1.200000e+02	1.051606e-04	2.994217e-07	2.994217e-07
1.200000e+02	1.600000e+02	6.765597e-05	2.125599e-07	2.125599e-07
1.600000e+02	2.000000e+02	4.477362e-05	1.677500e-07	1.677500e-07
2.000000e+02	2.400000e+02	3.028095e-05	1.416138e-07	1.416138e-07
2.400000e+02	2.800000e+02	2.094641e-05	1.054416e-07	1.054416e-07
2.800000e+02	3.200000e+02	1.569933e-05	1.040822e-07	1.040822e-07
3.200000e+02	3.600000e+02	1.294562e-05	8.253018e-08	8.253018e-08
3.600000e+02	4.000000e+02	1.159963e-05	7.686360e-08	7.686360e-08
4.000000e+02	4.400000e+02	1.127636e-05	7.821904e-08	7.821904e-08
4.400000e+02	4.800000e+02	1.154975e-05	7.821175e-08	7.821175e-08
4.800000e+02	5.200000e+02	1.207201e-05	8.343485e-08	8.343485e-08
5.200000e+02	5.600000e+02	1.268005e-05	8.794817e-08	8.794817e-08
5.600000e+02	6.000000e+02	1.332966e-05	8.372347e-08	8.372347e-08
6.000000e+02	6.400000e+02	1.384941e-05	8.995023e-08	8.995023e-08
6.400000e+02	6.800000e+02	1.425115e-05	9.836348e-08	9.836348e-08
6.800000e+02	7.200000e+02	1.465924e-05	9.782967e-08	9.782967e-08
7.200000e+02	7.600000e+02	1.487015e-05	1.118874e-07	1.118874e-07
7.600000e+02	8.000000e+02	1.522196e-05	8.544556e-08	8.544556e-08
8.000000e+02	8.400000e+02	1.525693e-05	9.177203e-08	9.177203e-08
8.400000e+02	8.800000e+02	1.521804e-05	9.061626e-08	9.061626e-08
8.800000e+02	9.200000e+02	1.505766e-05	9.061115e-08	9.061115e-08
9.200000e+02	9.600000e+02	1.492294e-05	9.095603e-08	9.095603e-08
9.600000e+02	1.000000e+03	1.472150e-05	8.881754e-08	8.881754e-08
1.000000e+03	1.040000e+03	1.434545e-05	1.029257e-07	1.029257e-07
1.040000e+03	1.080000e+03	1.401855e-05	8.668286e-08	8.668286e-08
1.080000e+03	1.120000e+03	1.367745e-05	9.099365e-08	9.099365e-08
1.120000e+03	1.160000e+03	1.308804e-05	9.342002e-08	9.342002e-08
1.160000e+03	1.200000e+03	1.272178e-05	1.184920e-07	1.184920e-07
1.200000e+03	1.240000e+03	1.235389e-05	9.314850e-08	9.314850e-08
1.240000e+03	1.280000e+03	1.165539e-05	8.193004e-08	8.193004e-08
1.280000e+03	1.320000e+03	1.125811e-05	7.408609e-08	7.408609e-08
1.320000e+03	1.360000e+03	1.072451e-05	1.018870e-07	1.018870e-07
1.360000e+03	1.400000e+03	1.026683e-05	7.230674e-08	7.230674e-08
1.400000e+03	1.440000e+03	9.685395e-06	7.769995e-08	7.769995e-08
1.440000e+03	1.480000e+03	9.282635e-06	7.300165e-08	7.300165e-08
1.480000e+03	1.520000e+03	8.802192e-06	7.100625e-08	7.100625e-08
1.520000e+03	1.560000e+03	8.425265e-06	7.445125e-08	7.445125e-08
1.560000e+03	1.600000e+03	7.854872e-06	7.059103e-08	7.059103e-08
1.600000e+03	1.640000e+03	7.601150e-06	7.951026e-08	7.951026e-08
1.640000e+03	1.680000e+03	7.133798e-06	5.806029e-08	5.806029e-08
1.680000e+03	1.720000e+03	6.570242e-06	6.028632e-08	6.028632e-08
1.720000e+03	1.760000e+03	6.260143e-06	6.031089e-08	6.031089e-08
1.760000e+03	1.800000e+03	6.013040e-06	6.403451e-08	6.403451e-08
1.800000e+03	1.840000e+03	5.645968e-06	5.401777e-08	5.401777e-08
1.840000e+03	1.880000e+03	5.428540e-06	7.571972e-08	7.571972e-08
1.880000e+03	1.920000e+03	5.019632e-06	5.922326e-08	5.922326e-08
1.920000e+03	1.960000e+03	4.655885e-06	5.853034e-08	5.853034e-08
1.960000e+03	2.000000e+03	4.401345e-06	4.583472e-08	4.583472e-08
2.000000e+03	2.040000e+03	4.178255e-06	4.438447e-08	4.438447e-08
2.040000e+03	2.080000e+03	3.916570e-06	4.217563e-08	4.217563e-08
2.080000e+03	2.120000e+03	3.635795e-06	4.865981e-08	4.865981e-08
2.120000e+03	2.160000e+03	3.403717e-06	4.557205e-08	4.557205e-08
2.160000e+03	2.200000e+03	3.177640e-06	4.019067e-08	4.019067e-08
2.200000e+03	2.240000e+03	2.960627e-06	4.239931e-08	4.239931e-08
2.240000e+03	2.280000e+03	2.813565e-06	3.697928e-08	3.697928e-08
2.280000e+03	2.320000e+03	2.499288e-06	8.933931e-08	8.933931e-08
2.320000e+03	2.360000e+03	2.431799e-06	2.946219e-08	2.946219e-08
2.360000e+03	2.400000e+03	2.266193e-06	3.933276e-08	3.933276e-08
2.400000e+03	2.440000e+03	2.149501e-06	3.849152e-08	3.849152e-08
2.440000e+03	2.480000e+03	1.982392e-06	3.517870e-08	3.517870e-08
2.480000e+03	2.520000e+03	1.879982e-06	3.504308e-08	3.504308e-08
2.520000e+03	2.560000e+03	1.663277e-06	2.827641e-08	2.827641e-08
2.560000e+03	2.600000e+03	1.630165e-06	2.512373e-08	2.512373e-08
2.600000e+03	2.640000e+03	1.571340e-06	2.918827e-08	2.918827e-08
2.640000e+03	2.680000e+03	1.436943e-06	2.808340e-08	2.808340e-08
2.680000e+03	2.720000e+03	1.302481e-06	2.600498e-08	2.600498e-08
2.720000e+03	2.760000e+03	1.248112e-06	2.234565e-08	2.234565e-08
2.760000e+03	2.800000e+03	1.150109e-06	3.724862e-08	3.724862e-08
2.800000e+03	2.840000e+03	1.060160e-06	2.076638e-08	2.076638e-08
2.840000e+03	2.880000e+03	9.756168e-07	2.638496e-08	2.638496e-08
2.880000e+03	2.920000e+03	9.027048e-07	1.900446e-08	1.900446e-08
2.920000e+03	2.960000e+03	8.578382e-07	2.928777e-08	2.928777e-08
2.960000e+03	3.000000e+03	7.944218e-07	1.982503e-08	1.982503e-08
3.000000e+03	3.040000e+03	7.359737e-07	3.469287e-08	3.469287e-08
3.040000e+03	3.080000e+03	6.993697e-07	1.445349e-08	1.445349e-08
3.080000e+03	3.120000e+03	6.377150e-07	1.317377e-08	1.317377e-08
3.120000e+03	3.160000e+03	5.751662e-07	3.562838e-08	3.562838e-08
3.160000e+03	3.200000e+03	5.250527e-07	1.717625e-08	1.717625e-08
3.200000e+03	3.240000e+03	5.338990e-07	1.531739e-08	1.531739e-08
3.240000e+03	3.280000e+03	4.827388e-07	1.824794e-08	1.824794e-08
3.280000e+03	3.320000e+03	4.240822e-07	1.610498e-08	1.610498e-08
3.320000e+03	3.360000e+03	4.051280e-07	1.583707e-08	1.583707e-08
3.360000e+03	3.400000e+03	3.832350e-07	1.276165e-08	1.276165e-08
3.400000e+03	3.440000e+03	3.444132e-07	1.034655e-08	1.034655e-08
3.440000e+03	3.480000e+03	3.327950e-07	1.045084e-08	1.045084e-08
3.480000e+03	3.520000e+03	3.117390e-07	1.833585e-08	1.833585e-08
3.520000e+03	3.560000e+03	2.621627e-07	1.298825e-08	1.298825e-08
3.560000e+03	3.600000e+03	2.408083e-07	1.592329e-08	1.592329e-08
3.600000e+03	3.640000e+03	2.556960e-07	1.542711e-08	1.542711e-08
3.640000e+03	3.680000e+03	2.241412e-07	6.362697e-09	6.362697e-09
3.680000e+03	3.720000e+03	2.149511e-07	7.937337e-09	7.937337e-09
3.720000e+03	3.760000e+03	1.669618e-07	2.181940e-08	2.181940e-08
3.760000e+03	3.800000e+03	1.793564e-07	1.102177e-08	1.102177e-08
3.800000e+03	3.840000e+03	1.578634e-07	8.279564e-09	8.279564e-09
3.840000e+03	3.880000e+03	1.435514e-07	5.586274e-09	5.586274e-09
3.880000e+03	3.920000e+03	1.163432e-07	1.207920e-08	1.207920e-08
3.920000e+03	3.960000e+03	1.341699e-07	5.663720e-09	5.663720e-09
3.960000e+03	4.000000e+03	1.162284e-07	4.756440e-09	4.756440e-09
4.000000e+03	4.040000e+03	1.322521e-07	2.123160e-08	2.123160e-08
4.040000e+03	4.080000e+03	1.032862e-07	5.685906e-09	5.685906e-09
4.080000e+03	4.120000e+03	8.728422e-08	1.284208e-08	1.284208e-08
4.120000e+03	4.160000e+03	6.914892e-08	1.429299e-08	1.429299e-08
4.160000e+03	4.200000e+03	7.969918e-08	6.348273e-09	6.348273e-09
4.200000e+03	4.240000e+03	6.749817e-08	4.031902e-09	4.031902e-09
4.240000e+03	4.280000e+03	6.944790e-08	3.611597e-09	3.611597e-09
4.280000e+03	4.320000e+03	6.187600e-08	2.795728e-09	2.795728e-09
4.320000e+03	4.360000e+03	5.486460e-08	2.316886e-09	2.316886e-09
4.360000e+03	4.400000e+03	4.725555e-08	7.040344e-09	7.040344e-09
4.400000e+03	4.440000e+03	5.037048e-08	3.820727e-09	3.820727e-09
4.440000e+03	4.480000e+03	2.835885e-08	1.403634e-08	1.403634e-08
4.480000e+03	4.520000e+03	4.222590e-08	3.352227e-09	3.352227e-09
4.520000e+03	4.560000e+03	3.138783e-08	6.646678e-09	6.646678e-09
4.560000e+03	4.600000e+03	3.249330e-08	2.071111e-09	2.071111e-09
4.600000e+03	4.640000e+03	3.013528e-08	1.999210e-09	1.999210e-09
4.640000e+03	4.680000e+03	3.100155e-08	1.995045e-09	1.995045e-09
4.680000e+03	4.720000e+03	2.770313e-08	1.892479e-09	1.892479e-09
4.720000e+03	4.760000e+03	2.736980e-08	2.436840e-09	2.436840e-09
4.760000e+03	4.800000e+03	2.002079e-08	1.513672e-09	1.513672e-09
4.800000e+03	4.840000e+03	2.340960e-08	2.060357e-09	2.060357e-09
4.840000e+03	4.880000e+03	1.451412e-08	2.888178e-09	2.888178e-09
4.880000e+03	4.920000e+03	1.739675e-08	1.566864e-09	1.566864e-09
4.920000e+03	4.960000e+03	1.644257e-08	1.716218e-09	1.716218e-09
4.960000e+03	5.000000e+03	1.397021e-08	1.492150e-09	1.492150e-09
5.000000e+03	5.040000e+03	1.565728e-08	1.862409e-09	1.862409e-09
5.040000e+03	5.080000e+03	1.479389e-08	2.074272e-09	2.074272e-09
5.080000e+03	5.120000e+03	1.020838e-08	1.062929e-09	1.062929e-09
5.120000e+03	5.160000e+03	1.050886e-08	1.029988e-09	1.029988e-09
5.160000e+03	5.200000e+03	7.892065e-09	1.080826e-09	1.080826e-09
5.200000e+03	5.240000e+03	7.708160e-09	8.691102e-10	8.691102e-10
5.240000e+03	5.280000e+03	7.289105e-09	1.224395e-09	1.224395e-09
5.280000e+03	5.320000e+03	7.466913e-09	6.379210e-10	6.379210e-10
5.320000e+03	5.360000e+03	6.534710e-09	6.701787e-10	6.701787e-10
5.360000e+03	5.400000e+03	5.717437e-09	7.286472e-10	7.286472e-10
5.400000e+03	5.440000e+03	3.104185e-09	1.737247e-09	1.737247e-09
5.440000e+03	5.480000e+03	3.887117e-09	7.946776e-10	7.946776e-10
5.480000e+03	5.520000e+03	4.759830e-09	6.082030e-10	6.082030e-10
5.520000e+03	5.560000e+03	4.192770e-09	1.020371e-09	1.020371e-09
5.560000e+03	5.600000e+03	3.497622e-09	4.019100e-10	4.019100e-10
5.600000e+03	5.640000e+03	3.313070e-09	5.529747e-10	5.529747e-10
5.640000e+03	5.680000e+03	3.227785e-09	4.450551e-10	4.450551e-10
5.680000e+03	5.720000e+03	1.699784e-09	1.046552e-09	1.046552e-09
5.720000e+03	5.760000e+03	3.025663e-09	4.623979e-10	4.623979e-10
5.760000e+03	5.800000e+03	1.845695e-09	3.474228e-10	3.474228e-10
5.800000e+03	5.840000e+03	2.974728e-09	4.551737e-10	4.551737e-10
5.840000e+03	5.880000e+03	1.585393e-09	3.527230e-10	3.527230e-10
5.880000e+03	5.920000e+03	6.407195e-10	1.596854e-09	1.596854e-09
5.920000e+03	5.960000e+03	1.175096e-09	1.820742e-10	1.820742e-10
5.960000e+03	6.000000e+03	1.493999e-09	3.315511e-10	3.315511e-10
# END HISTO1D


# BEGIN HISTO1D //homes/n597m389/Formfactor/ffac-plots/H2Jets-NLOPS-mixed-ffac.yoda/MC_H2JETS_04_TIGHT/j1j3_mass
ErrorBars=1
LineColor=blue
LineStyle=solid
Path=//homes/n597m389/Formfactor/ffac-plots/H2Jets-NLOPS-mixed-ffac.yoda/MC_H2JETS_04_TIGHT/j1j3_mass
ScaledBy=2.18319152661033333e-07
Title=h(2*) $\oplus$ PS-ffac
# xlow	 xhigh	 val	 errminus	 errplus
0.000000e+00	4.000000e+01	1.228350e-05	2.119374e-08	2.119374e-08
4.000000e+01	8.000000e+01	2.347535e-05	2.850338e-08	2.850338e-08
8.000000e+01	1.200000e+02	1.281697e-05	2.015895e-08	2.015895e-08
1.200000e+02	1.600000e+02	8.143588e-06	1.674909e-08	1.674909e-08
1.600000e+02	2.000000e+02	4.705010e-06	1.213021e-08	1.213021e-08
2.000000e+02	2.400000e+02	2.838245e-06	9.682439e-09	9.682439e-09
2.400000e+02	2.800000e+02	1.987375e-06	7.496521e-09	7.496521e-09
2.800000e+02	3.200000e+02	1.669028e-06	6.799715e-09	6.799715e-09
3.200000e+02	3.600000e+02	1.632397e-06	6.846274e-09	6.846274e-09
3.600000e+02	4.000000e+02	1.771183e-06	7.531979e-09	7.531979e-09
4.000000e+02	4.400000e+02	1.987854e-06	8.163122e-09	8.163122e-09
4.400000e+02	4.800000e+02	2.225470e-06	8.489895e-09	8.489895e-09
4.800000e+02	5.200000e+02	2.432120e-06	8.870411e-09	8.870411e-09
5.200000e+02	5.600000e+02	2.589417e-06	9.071966e-09	9.071966e-09
5.600000e+02	6.000000e+02	2.718910e-06	9.372730e-09	9.372730e-09
6.000000e+02	6.400000e+02	2.794722e-06	9.412342e-09	9.412342e-09
6.400000e+02	6.800000e+02	2.870452e-06	9.720777e-09	9.720777e-09
6.800000e+02	7.200000e+02	2.884552e-06	9.980331e-09	9.980331e-09
7.200000e+02	7.600000e+02	2.881103e-06	9.795407e-09	9.795407e-09
7.600000e+02	8.000000e+02	2.851433e-06	9.593028e-09	9.593028e-09
8.000000e+02	8.400000e+02	2.770333e-06	9.593546e-09	9.593546e-09
8.400000e+02	8.800000e+02	2.687743e-06	9.719989e-09	9.719989e-09
8.800000e+02	9.200000e+02	2.582512e-06	9.321410e-09	9.321410e-09
9.200000e+02	9.600000e+02	2.469500e-06	9.296885e-09	9.296885e-09
9.600000e+02	1.000000e+03	2.364397e-06	9.384509e-09	9.384509e-09
1.000000e+03	1.040000e+03	2.247284e-06	8.761532e-09	8.761532e-09
1.040000e+03	1.080000e+03	2.130177e-06	9.513520e-09	9.513520e-09
1.080000e+03	1.120000e+03	2.027063e-06	8.882652e-09	8.882652e-09
1.120000e+03	1.160000e+03	1.901393e-06	8.377697e-09	8.377697e-09
1.160000e+03	1.200000e+03	1.785390e-06	8.420537e-09	8.420537e-09
1.200000e+03	1.240000e+03	1.686359e-06	7.834222e-09	7.834222e-09
1.240000e+03	1.280000e+03	1.593973e-06	8.051265e-09	8.051265e-09
1.280000e+03	1.320000e+03	1.484909e-06	7.490210e-09	7.490210e-09
1.320000e+03	1.360000e+03	1.389703e-06	7.518993e-09	7.518993e-09
1.360000e+03	1.400000e+03	1.293837e-06	7.388384e-09	7.388384e-09
1.400000e+03	1.440000e+03	1.207220e-06	6.469736e-09	6.469736e-09
1.440000e+03	1.480000e+03	1.126828e-06	6.305270e-09	6.305270e-09
1.480000e+03	1.520000e+03	1.063864e-06	6.638370e-09	6.638370e-09
1.520000e+03	1.560000e+03	9.804570e-07	5.724058e-09	5.724058e-09
1.560000e+03	1.600000e+03	9.248425e-07	5.797416e-09	5.797416e-09
1.600000e+03	1.640000e+03	8.566065e-07	6.463309e-09	6.463309e-09
1.640000e+03	1.680000e+03	7.885680e-07	6.253418e-09	6.253418e-09
1.680000e+03	1.720000e+03	7.480010e-07	4.902118e-09	4.902118e-09
1.720000e+03	1.760000e+03	6.955855e-07	5.191359e-09	5.191359e-09
1.760000e+03	1.800000e+03	6.396190e-07	5.139255e-09	5.139255e-09
1.800000e+03	1.840000e+03	5.939625e-07	4.489349e-09	4.489349e-09
1.840000e+03	1.880000e+03	5.728192e-07	4.804577e-09	4.804577e-09
1.880000e+03	1.920000e+03	5.139067e-07	5.313029e-09	5.313029e-09
1.920000e+03	1.960000e+03	4.789345e-07	3.859430e-09	3.859430e-09
1.960000e+03	2.000000e+03	4.529958e-07	4.519908e-09	4.519908e-09
2.000000e+03	2.040000e+03	4.144768e-07	4.310110e-09	4.310110e-09
2.040000e+03	2.080000e+03	3.929960e-07	3.634554e-09	3.634554e-09
2.080000e+03	2.120000e+03	3.610925e-07	3.384518e-09	3.384518e-09
2.120000e+03	2.160000e+03	3.375190e-07	3.338595e-09	3.338595e-09
2.160000e+03	2.200000e+03	3.167978e-07	3.158626e-09	3.158626e-09
2.200000e+03	2.240000e+03	2.914657e-07	3.809044e-09	3.809044e-09
2.240000e+03	2.280000e+03	2.674935e-07	2.912529e-09	2.912529e-09
2.280000e+03	2.320000e+03	2.591172e-07	3.564421e-09	3.564421e-09
2.320000e+03	2.360000e+03	2.266998e-07	2.796842e-09	2.796842e-09
2.360000e+03	2.400000e+03	2.144671e-07	2.870231e-09	2.870231e-09
2.400000e+03	2.440000e+03	1.980807e-07	2.856544e-09	2.856544e-09
2.440000e+03	2.480000e+03	1.842700e-07	2.290134e-09	2.290134e-09
2.480000e+03	2.520000e+03	1.727628e-07	2.339973e-09	2.339973e-09
2.520000e+03	2.560000e+03	1.641465e-07	2.233955e-09	2.233955e-09
2.560000e+03	2.600000e+03	1.463234e-07	2.057202e-09	2.057202e-09
2.600000e+03	2.640000e+03	1.360242e-07	1.951304e-09	1.951304e-09
2.640000e+03	2.680000e+03	1.241148e-07	1.782699e-09	1.782699e-09
2.680000e+03	2.720000e+03	1.164399e-07	2.609808e-09	2.609808e-09
2.720000e+03	2.760000e+03	1.094007e-07	1.755107e-09	1.755107e-09
2.760000e+03	2.800000e+03	9.946770e-08	1.749565e-09	1.749565e-09
2.800000e+03	2.840000e+03	9.293570e-08	1.861794e-09	1.861794e-09
2.840000e+03	2.880000e+03	8.825460e-08	1.635355e-09	1.635355e-09
2.880000e+03	2.920000e+03	7.840550e-08	2.000963e-09	2.000963e-09
2.920000e+03	2.960000e+03	7.369235e-08	1.537172e-09	1.537172e-09
2.960000e+03	3.000000e+03	7.000158e-08	1.553949e-09	1.553949e-09
3.000000e+03	3.040000e+03	6.104548e-08	1.861921e-09	1.861921e-09
3.040000e+03	3.080000e+03	5.721765e-08	1.911157e-09	1.911157e-09
3.080000e+03	3.120000e+03	5.457962e-08	1.317309e-09	1.317309e-09
3.120000e+03	3.160000e+03	5.171418e-08	1.092752e-09	1.092752e-09
3.160000e+03	3.200000e+03	4.333567e-08	1.349228e-09	1.349228e-09
3.200000e+03	3.240000e+03	4.160810e-08	1.413155e-09	1.413155e-09
3.240000e+03	3.280000e+03	3.987815e-08	8.712721e-10	8.712721e-10
3.280000e+03	3.320000e+03	3.292587e-08	1.059702e-09	1.059702e-09
3.320000e+03	3.360000e+03	3.160763e-08	7.690994e-10	7.690994e-10
3.360000e+03	3.400000e+03	2.980097e-08	7.141933e-10	7.141933e-10
3.400000e+03	3.440000e+03	3.000695e-08	1.029083e-09	1.029083e-09
3.440000e+03	3.480000e+03	2.636103e-08	7.786290e-10	7.786290e-10
3.480000e+03	3.520000e+03	2.314505e-08	6.171696e-10	6.171696e-10
3.520000e+03	3.560000e+03	2.065693e-08	1.389991e-09	1.389991e-09
3.560000e+03	3.600000e+03	2.123884e-08	8.998385e-10	8.998385e-10
3.600000e+03	3.640000e+03	1.861441e-08	6.088333e-10	6.088333e-10
3.640000e+03	3.680000e+03	1.615416e-08	6.028811e-10	6.028811e-10
3.680000e+03	3.720000e+03	1.841747e-08	3.063503e-09	3.063503e-09
3.720000e+03	3.760000e+03	1.465129e-08	5.478530e-10	5.478530e-10
3.760000e+03	3.800000e+03	1.278866e-08	5.525977e-10	5.525977e-10
3.800000e+03	3.840000e+03	1.109502e-08	6.312838e-10	6.312838e-10
3.840000e+03	3.880000e+03	1.137848e-08	3.328181e-10	3.328181e-10
3.880000e+03	3.920000e+03	1.045439e-08	3.275246e-10	3.275246e-10
3.920000e+03	3.960000e+03	9.133170e-09	3.548848e-10	3.548848e-10
3.960000e+03	4.000000e+03	8.952500e-09	3.559906e-10	3.559906e-10
4.000000e+03	4.040000e+03	7.790160e-09	4.000619e-10	4.000619e-10
4.040000e+03	4.080000e+03	7.980940e-09	9.939134e-10	9.939134e-10
4.080000e+03	4.120000e+03	6.234495e-09	4.399513e-10	4.399513e-10
4.120000e+03	4.160000e+03	5.313330e-09	4.473222e-10	4.473222e-10
4.160000e+03	4.200000e+03	5.601478e-09	3.289003e-10	3.289003e-10
4.200000e+03	4.240000e+03	4.607817e-09	2.218784e-10	2.218784e-10
4.240000e+03	4.280000e+03	4.404195e-09	2.451859e-10	2.451859e-10
4.280000e+03	4.320000e+03	4.664560e-09	5.057847e-10	5.057847e-10
4.320000e+03	4.360000e+03	3.793892e-09	2.056123e-10	2.056123e-10
4.360000e+03	4.400000e+03	3.200720e-09	1.710270e-10	1.710270e-10
4.400000e+03	4.440000e+03	3.060167e-09	1.629083e-10	1.629083e-10
4.440000e+03	4.480000e+03	2.910797e-09	2.267867e-10	2.267867e-10
4.480000e+03	4.520000e+03	2.487486e-09	1.446165e-10	1.446165e-10
4.520000e+03	4.560000e+03	1.854235e-09	2.308057e-10	2.308057e-10
4.560000e+03	4.600000e+03	2.098863e-09	2.434525e-10	2.434525e-10
4.600000e+03	4.640000e+03	1.885076e-09	1.345777e-10	1.345777e-10
4.640000e+03	4.680000e+03	8.382870e-10	8.753999e-10	8.753999e-10
4.680000e+03	4.720000e+03	1.717217e-09	1.197327e-10	1.197327e-10
4.720000e+03	4.760000e+03	1.423698e-09	9.180101e-11	9.180101e-11
4.760000e+03	4.800000e+03	1.331837e-09	1.080562e-10	1.080562e-10
4.800000e+03	4.840000e+03	1.219890e-09	1.439609e-10	1.439609e-10
4.840000e+03	4.880000e+03	1.394557e-09	1.511806e-10	1.511806e-10
4.880000e+03	4.920000e+03	9.775385e-10	6.831220e-11	6.831220e-11
4.920000e+03	4.960000e+03	9.505680e-10	2.218238e-10	2.218238e-10
4.960000e+03	5.000000e+03	7.061635e-10	8.170079e-11	8.170079e-11
5.000000e+03	5.040000e+03	8.817820e-10	1.880839e-10	1.880839e-10
5.040000e+03	5.080000e+03	6.743940e-10	7.814846e-11	7.814846e-11
5.080000e+03	5.120000e+03	5.647023e-10	4.928062e-11	4.928062e-11
5.120000e+03	5.160000e+03	5.151070e-10	7.356637e-11	7.356637e-11
5.160000e+03	5.200000e+03	4.537047e-10	4.102846e-11	4.102846e-11
5.200000e+03	5.240000e+03	4.348632e-10	4.572056e-11	4.572056e-11
5.240000e+03	5.280000e+03	5.555063e-10	2.133946e-10	2.133946e-10
5.280000e+03	5.320000e+03	3.760470e-10	3.392940e-11	3.392940e-11
5.320000e+03	5.360000e+03	3.976288e-10	4.244130e-11	4.244130e-11
5.360000e+03	5.400000e+03	3.718895e-10	4.008425e-11	4.008425e-11
5.400000e+03	5.440000e+03	2.997118e-10	2.891139e-11	2.891139e-11
5.440000e+03	5.480000e+03	1.890428e-10	3.726036e-11	3.726036e-11
5.480000e+03	5.520000e+03	2.329025e-10	3.403317e-11	3.403317e-11
5.520000e+03	5.560000e+03	2.020610e-10	2.446796e-11	2.446796e-11
5.560000e+03	5.600000e+03	1.551424e-10	2.829843e-11	2.829843e-11
5.600000e+03	5.640000e+03	1.957782e-10	2.979885e-11	2.979885e-11
5.640000e+03	5.680000e+03	9.398140e-11	3.538612e-11	3.538612e-11
5.680000e+03	5.720000e+03	1.243760e-10	2.915978e-11	2.915978e-11
5.720000e+03	5.760000e+03	1.005832e-10	1.914971e-11	1.914971e-11
5.760000e+03	5.800000e+03	1.429331e-10	2.721903e-11	2.721903e-11
5.800000e+03	5.840000e+03	1.903462e-10	6.325509e-11	6.325509e-11
5.840000e+03	5.880000e+03	7.176685e-11	9.014915e-12	9.014915e-12
5.880000e+03	5.920000e+03	1.098277e-10	1.565099e-11	1.565099e-11
5.920000e+03	5.960000e+03	5.572245e-11	1.025706e-11	1.025706e-11
5.960000e+03	6.000000e+03	4.623848e-11	1.409316e-11	1.409316e-11
# END HISTO1D

