# BEGIN PLOT
Rebin=2
DrawOnly=//homes/n597m389/Formfactor/ffac-plots/H2Jets-NLOPS-mixed.yoda/MC_H2JETS_04_TIGHT/log10_d_34 //homes/n597m389/Formfactor/ffac-plots/H2Jets-NLOPS-mixed-ffac.yoda/MC_H2JETS_04_TIGHT/log10_d_34
Title=CP-mixed
RatioPlotReference=//homes/n597m389/Formfactor/ffac-plots/H2Jets-NLOPS-mixed.yoda/MC_H2JETS_04_TIGHT/log10_d_34
RightMargin=0.5
RatioPlot=1
LogY=1
RatioPlotYMax=2.0
RatioPlotYLabel=Ratio
LegendOnly=//homes/n597m389/Formfactor/ffac-plots/H2Jets-NLOPS-mixed.yoda/MC_H2JETS_04_TIGHT/log10_d_34 //homes/n597m389/Formfactor/ffac-plots/H2Jets-NLOPS-mixed-ffac.yoda/MC_H2JETS_04_TIGHT/log10_d_34
XLabel=$\sqrt{d_{34}}$ (GeV)
LegendAlign=r
XMax=3.0
YLabel=$ \text{d} \sigma / \sqrt{d_{34}}$ (pb/GeV)
Legend=1
RatioPlotYMin=0.0
# END PLOT


# BEGIN SPECIAL /MC_H2JETS_04_TIGHT/log10_d_34
\rput[tl](0.05,0.75){\parbox{5cm}{\textcolor{gray}{{\bf Herwig 7.2.3} \\ VBFNLO 3.0.0}}}
# END SPECIAL

# BEGIN HISTO1D //homes/n597m389/Formfactor/ffac-plots/H2Jets-NLOPS-mixed.yoda/MC_H2JETS_04_TIGHT/log10_d_34
ErrorBars=1
LineColor=red
LineStyle=solid
Path=//homes/n597m389/Formfactor/ffac-plots/H2Jets-NLOPS-mixed.yoda/MC_H2JETS_04_TIGHT/log10_d_34
ScaledBy=1.89207682213989584e-05
Title=h(2*) $\oplus$ PS
XLabel=~
YLabel=~
# xlow	 xhigh	 val	 errminus	 errplus
2.000000e-01	2.361291e-01	7.578171e-03	4.789469e-05	4.789469e-05
2.361291e-01	2.722583e-01	1.097271e-02	6.520984e-05	6.520984e-05
2.722583e-01	3.083874e-01	1.615009e-02	8.449620e-05	8.449620e-05
3.083874e-01	3.445165e-01	2.237739e-02	9.253393e-05	9.253393e-05
3.445165e-01	3.806457e-01	2.996111e-02	1.053670e-04	1.053670e-04
3.806457e-01	4.167748e-01	3.905602e-02	1.149435e-04	1.149435e-04
4.167748e-01	4.529039e-01	5.009200e-02	1.318605e-04	1.318605e-04
4.529039e-01	4.890331e-01	6.305797e-02	1.705419e-04	1.705419e-04
4.890331e-01	5.251622e-01	7.757508e-02	2.015632e-04	2.015632e-04
5.251622e-01	5.612913e-01	9.270546e-02	1.966968e-04	1.966968e-04
5.612913e-01	5.974205e-01	1.082463e-01	2.263352e-04	2.263352e-04
5.974205e-01	6.335496e-01	1.235707e-01	2.153499e-04	2.153499e-04
6.335496e-01	6.696787e-01	1.386818e-01	2.735618e-04	2.735618e-04
6.696787e-01	7.058079e-01	1.522113e-01	2.768302e-04	2.768302e-04
7.058079e-01	7.419370e-01	1.639773e-01	2.665908e-04	2.665908e-04
7.419370e-01	7.780661e-01	1.734328e-01	2.922886e-04	2.922886e-04
7.780661e-01	8.141953e-01	1.815010e-01	3.509950e-04	3.509950e-04
8.141953e-01	8.503244e-01	1.855607e-01	3.046020e-04	3.046020e-04
8.503244e-01	8.864535e-01	1.885082e-01	3.536910e-04	3.536910e-04
8.864535e-01	9.225827e-01	1.888674e-01	3.338880e-04	3.338880e-04
9.225827e-01	9.587118e-01	1.874402e-01	3.564460e-04	3.564460e-04
9.587118e-01	9.948409e-01	1.832109e-01	3.166730e-04	3.166730e-04
9.948409e-01	1.030970e+00	1.779873e-01	3.187192e-04	3.187192e-04
1.030970e+00	1.067099e+00	1.706245e-01	3.074746e-04	3.074746e-04
1.067099e+00	1.103228e+00	1.617056e-01	2.946337e-04	2.946337e-04
1.103228e+00	1.139357e+00	1.514410e-01	5.209835e-04	5.209835e-04
1.139357e+00	1.175487e+00	1.409208e-01	2.969209e-04	2.969209e-04
1.175487e+00	1.211616e+00	1.305529e-01	2.702060e-04	2.702060e-04
1.211616e+00	1.247745e+00	1.200325e-01	2.983650e-04	2.983650e-04
1.247745e+00	1.283874e+00	1.087936e-01	2.868582e-04	2.868582e-04
1.283874e+00	1.320003e+00	9.768837e-02	2.503581e-04	2.503581e-04
1.320003e+00	1.356132e+00	8.694633e-02	2.330369e-04	2.330369e-04
1.356132e+00	1.392261e+00	7.681865e-02	2.177471e-04	2.177471e-04
1.392261e+00	1.428391e+00	6.694379e-02	2.603070e-04	2.603070e-04
1.428391e+00	1.464520e+00	5.739168e-02	2.028412e-04	2.028412e-04
1.464520e+00	1.500649e+00	4.907883e-02	2.099209e-04	2.099209e-04
1.500649e+00	1.536778e+00	4.115530e-02	1.754521e-04	1.754521e-04
1.536778e+00	1.572907e+00	3.409521e-02	1.789667e-04	1.789667e-04
1.572907e+00	1.609036e+00	2.759749e-02	1.549050e-04	1.549050e-04
1.609036e+00	1.645165e+00	2.214795e-02	1.305050e-04	1.305050e-04
1.645165e+00	1.681294e+00	1.793479e-02	1.154743e-04	1.154743e-04
1.681294e+00	1.717424e+00	1.387527e-02	9.652684e-05	9.652684e-05
1.717424e+00	1.753553e+00	1.073791e-02	1.006758e-04	1.006758e-04
1.753553e+00	1.789682e+00	7.990539e-03	7.960922e-05	7.960922e-05
1.789682e+00	1.825811e+00	5.900133e-03	1.104402e-04	1.104402e-04
1.825811e+00	1.861940e+00	4.442938e-03	6.002708e-05	6.002708e-05
1.861940e+00	1.898069e+00	3.184752e-03	4.984036e-05	4.984036e-05
1.898069e+00	1.934198e+00	2.133981e-03	4.696755e-05	4.696755e-05
1.934198e+00	1.970328e+00	1.494157e-03	3.854075e-05	3.854075e-05
1.970328e+00	2.006457e+00	1.078095e-03	3.459905e-05	3.459905e-05
2.006457e+00	2.042586e+00	7.344100e-04	2.976600e-05	2.976600e-05
2.042586e+00	2.078715e+00	4.562974e-04	1.850556e-05	1.850556e-05
2.078715e+00	2.114844e+00	2.796158e-04	1.307136e-05	1.307136e-05
2.114844e+00	2.150973e+00	1.611721e-04	1.126862e-05	1.126862e-05
2.150973e+00	2.187102e+00	9.910094e-05	1.253404e-05	1.253404e-05
2.187102e+00	2.223231e+00	6.213128e-05	4.894178e-06	4.894178e-06
2.223231e+00	2.259361e+00	4.113374e-05	4.292305e-06	4.292305e-06
2.259361e+00	2.295490e+00	1.500134e-05	3.937837e-06	3.937837e-06
2.295490e+00	2.331619e+00	1.386638e-05	5.569487e-06	5.569487e-06
2.331619e+00	2.367748e+00	3.561853e-06	2.774495e-06	2.774495e-06
2.367748e+00	2.403877e+00	2.459959e-06	6.221541e-07	6.221541e-07
2.403877e+00	2.440006e+00	1.254392e-06	4.144089e-07	4.144089e-07
2.440006e+00	2.476135e+00	1.163030e-06	1.074669e-06	1.074669e-06
2.476135e+00	2.512265e+00	3.216753e-07	1.680810e-07	1.680810e-07
2.512265e+00	2.548394e+00	8.112087e-08	5.770817e-08	5.770817e-08
2.548394e+00	2.584523e+00	1.313207e-09	1.122287e-09	1.122287e-09
2.584523e+00	2.620652e+00	1.064521e-11	4.377213e-12	4.377213e-12
2.620652e+00	2.656781e+00	1.078318e-12	6.590006e-12	6.590006e-12
2.656781e+00	2.692910e+00	1.745873e-10	1.745404e-10	1.745404e-10
2.692910e+00	2.729039e+00	1.363699e-10	1.354613e-10	1.354613e-10
2.729039e+00	2.765168e+00	1.802584e-17	1.802584e-17	1.802584e-17
2.765168e+00	2.801298e+00	1.303960e-09	1.303853e-09	1.303853e-09
2.801298e+00	2.837427e+00	4.587713e-15	4.587714e-15	4.587714e-15
2.837427e+00	2.873556e+00	0.000000e+00	0.000000e+00	0.000000e+00
2.873556e+00	2.909685e+00	0.000000e+00	0.000000e+00	0.000000e+00
2.909685e+00	2.945814e+00	0.000000e+00	0.000000e+00	0.000000e+00
2.945814e+00	2.981943e+00	0.000000e+00	0.000000e+00	0.000000e+00
2.981943e+00	3.018072e+00	0.000000e+00	0.000000e+00	0.000000e+00
3.018072e+00	3.054202e+00	0.000000e+00	0.000000e+00	0.000000e+00
3.054202e+00	3.090331e+00	0.000000e+00	0.000000e+00	0.000000e+00
3.090331e+00	3.126460e+00	0.000000e+00	0.000000e+00	0.000000e+00
3.126460e+00	3.162589e+00	0.000000e+00	0.000000e+00	0.000000e+00
3.162589e+00	3.198718e+00	0.000000e+00	0.000000e+00	0.000000e+00
3.198718e+00	3.234847e+00	0.000000e+00	0.000000e+00	0.000000e+00
3.234847e+00	3.270976e+00	0.000000e+00	0.000000e+00	0.000000e+00
3.270976e+00	3.307105e+00	0.000000e+00	0.000000e+00	0.000000e+00
3.307105e+00	3.343235e+00	0.000000e+00	0.000000e+00	0.000000e+00
3.343235e+00	3.379364e+00	0.000000e+00	0.000000e+00	0.000000e+00
3.379364e+00	3.415493e+00	0.000000e+00	0.000000e+00	0.000000e+00
3.415493e+00	3.451622e+00	0.000000e+00	0.000000e+00	0.000000e+00
3.451622e+00	3.487751e+00	0.000000e+00	0.000000e+00	0.000000e+00
3.487751e+00	3.523880e+00	0.000000e+00	0.000000e+00	0.000000e+00
3.523880e+00	3.560009e+00	0.000000e+00	0.000000e+00	0.000000e+00
3.560009e+00	3.596139e+00	0.000000e+00	0.000000e+00	0.000000e+00
3.596139e+00	3.632268e+00	0.000000e+00	0.000000e+00	0.000000e+00
3.632268e+00	3.668397e+00	0.000000e+00	0.000000e+00	0.000000e+00
3.668397e+00	3.704526e+00	0.000000e+00	0.000000e+00	0.000000e+00
3.704526e+00	3.740655e+00	0.000000e+00	0.000000e+00	0.000000e+00
3.740655e+00	3.776784e+00	0.000000e+00	0.000000e+00	0.000000e+00
3.776784e+00	3.812913e+00	0.000000e+00	0.000000e+00	0.000000e+00
# END HISTO1D


# BEGIN HISTO1D //homes/n597m389/Formfactor/ffac-plots/H2Jets-NLOPS-mixed-ffac.yoda/MC_H2JETS_04_TIGHT/log10_d_34
ErrorBars=1
LineColor=blue
LineStyle=solid
Path=//homes/n597m389/Formfactor/ffac-plots/H2Jets-NLOPS-mixed-ffac.yoda/MC_H2JETS_04_TIGHT/log10_d_34
ScaledBy=2.18319152661033333e-07
Title=h(2*) $\oplus$ PS-ffac
XLabel=~
YLabel=~
# xlow	 xhigh	 val	 errminus	 errplus
2.000000e-01	2.361291e-01	2.630882e-03	8.448999e-06	8.448999e-06
2.361291e-01	2.722583e-01	3.706387e-03	1.038563e-05	1.038563e-05
2.722583e-01	3.083874e-01	5.294106e-03	1.199658e-05	1.199658e-05
3.083874e-01	3.445165e-01	7.174209e-03	1.467067e-05	1.467067e-05
3.445165e-01	3.806457e-01	9.378254e-03	1.824614e-05	1.824614e-05
3.806457e-01	4.167748e-01	1.199219e-02	1.988464e-05	1.988464e-05
4.167748e-01	4.529039e-01	1.506379e-02	2.267876e-05	2.267876e-05
4.529039e-01	4.890331e-01	1.845576e-02	2.346421e-05	2.346421e-05
4.890331e-01	5.251622e-01	2.210198e-02	2.547968e-05	2.547968e-05
5.251622e-01	5.612913e-01	2.572586e-02	2.752211e-05	2.752211e-05
5.612913e-01	5.974205e-01	2.912237e-02	2.931249e-05	2.931249e-05
5.974205e-01	6.335496e-01	3.231777e-02	3.096316e-05	3.096316e-05
6.335496e-01	6.696787e-01	3.513630e-02	3.335418e-05	3.335418e-05
6.696787e-01	7.058079e-01	3.750952e-02	3.569370e-05	3.569370e-05
7.058079e-01	7.419370e-01	3.925052e-02	3.674542e-05	3.674542e-05
7.419370e-01	7.780661e-01	4.035575e-02	4.394115e-05	4.394115e-05
7.780661e-01	8.141953e-01	4.071228e-02	3.695529e-05	3.695529e-05
8.141953e-01	8.503244e-01	4.049293e-02	3.590430e-05	3.590430e-05
8.503244e-01	8.864535e-01	3.979667e-02	3.625324e-05	3.625324e-05
8.864535e-01	9.225827e-01	3.860512e-02	3.557039e-05	3.557039e-05
9.225827e-01	9.587118e-01	3.698534e-02	3.592646e-05	3.592646e-05
9.587118e-01	9.948409e-01	3.509254e-02	3.500419e-05	3.500419e-05
9.948409e-01	1.030970e+00	3.279642e-02	3.403487e-05	3.403487e-05
1.030970e+00	1.067099e+00	3.037831e-02	3.430307e-05	3.430307e-05
1.067099e+00	1.103228e+00	2.777550e-02	3.136263e-05	3.136263e-05
1.103228e+00	1.139357e+00	2.522388e-02	3.044778e-05	3.044778e-05
1.139357e+00	1.175487e+00	2.262731e-02	2.957755e-05	2.957755e-05
1.175487e+00	1.211616e+00	2.010724e-02	2.720657e-05	2.720657e-05
1.211616e+00	1.247745e+00	1.770505e-02	2.568867e-05	2.568867e-05
1.247745e+00	1.283874e+00	1.544339e-02	2.453379e-05	2.453379e-05
1.283874e+00	1.320003e+00	1.326731e-02	2.332523e-05	2.332523e-05
1.320003e+00	1.356132e+00	1.128294e-02	2.132819e-05	2.132819e-05
1.356132e+00	1.392261e+00	9.485305e-03	1.933551e-05	1.933551e-05
1.392261e+00	1.428391e+00	7.836737e-03	1.744114e-05	1.744114e-05
1.428391e+00	1.464520e+00	6.338476e-03	1.594311e-05	1.594311e-05
1.464520e+00	1.500649e+00	5.041537e-03	1.404618e-05	1.404618e-05
1.500649e+00	1.536778e+00	3.957051e-03	1.271365e-05	1.271365e-05
1.536778e+00	1.572907e+00	3.018354e-03	1.129917e-05	1.129917e-05
1.572907e+00	1.609036e+00	2.252313e-03	9.448076e-06	9.448076e-06
1.609036e+00	1.645165e+00	1.646165e-03	8.334190e-06	8.334190e-06
1.645165e+00	1.681294e+00	1.196212e-03	7.110496e-06	7.110496e-06
1.681294e+00	1.717424e+00	8.311777e-04	5.848658e-06	5.848658e-06
1.717424e+00	1.753553e+00	5.681915e-04	4.743662e-06	4.743662e-06
1.753553e+00	1.789682e+00	3.740685e-04	3.392470e-06	3.392470e-06
1.789682e+00	1.825811e+00	2.428003e-04	2.994338e-06	2.994338e-06
1.825811e+00	1.861940e+00	1.582126e-04	2.169497e-06	2.169497e-06
1.861940e+00	1.898069e+00	9.454660e-05	1.620210e-06	1.620210e-06
1.898069e+00	1.934198e+00	5.351319e-05	1.241416e-06	1.241416e-06
1.934198e+00	1.970328e+00	3.244564e-05	9.111078e-07	9.111078e-07
1.970328e+00	2.006457e+00	1.760384e-05	5.325431e-07	5.325431e-07
2.006457e+00	2.042586e+00	9.049514e-06	3.664980e-07	3.664980e-07
2.042586e+00	2.078715e+00	5.522434e-06	2.549899e-07	2.549899e-07
2.078715e+00	2.114844e+00	2.578977e-06	1.952977e-07	1.952977e-07
2.114844e+00	2.150973e+00	1.252775e-06	2.114288e-07	2.114288e-07
2.150973e+00	2.187102e+00	6.839852e-07	8.673404e-08	8.673404e-08
2.187102e+00	2.223231e+00	2.433822e-07	3.036318e-08	3.036318e-08
2.223231e+00	2.259361e+00	9.388677e-08	1.517276e-08	1.517276e-08
2.259361e+00	2.295490e+00	4.425830e-08	1.408271e-08	1.408271e-08
2.295490e+00	2.331619e+00	1.452531e-08	4.304632e-09	4.304632e-09
2.331619e+00	2.367748e+00	3.652462e-09	1.092585e-09	1.092585e-09
2.367748e+00	2.403877e+00	4.976246e-10	1.594649e-10	1.594649e-10
2.403877e+00	2.440006e+00	1.493800e-09	7.964037e-10	7.964037e-10
2.440006e+00	2.476135e+00	6.810615e-10	6.579802e-10	6.579802e-10
2.476135e+00	2.512265e+00	5.689803e-11	4.290195e-11	4.290195e-11
2.512265e+00	2.548394e+00	4.731116e-11	3.982228e-11	3.982228e-11
2.548394e+00	2.584523e+00	-3.039453e-14	5.625932e-13	5.625932e-13
2.584523e+00	2.620652e+00	1.418709e-13	1.015633e-13	1.015633e-13
2.620652e+00	2.656781e+00	1.365594e-14	1.072492e-14	1.072492e-14
2.656781e+00	2.692910e+00	2.192360e-17	2.016454e-17	2.016454e-17
2.692910e+00	2.729039e+00	3.197935e-16	3.197931e-16	3.197931e-16
2.729039e+00	2.765168e+00	0.000000e+00	0.000000e+00	0.000000e+00
2.765168e+00	2.801298e+00	5.119059e-25	5.119059e-25	5.119059e-25
2.801298e+00	2.837427e+00	1.704662e-21	1.704662e-21	1.704662e-21
2.837427e+00	2.873556e+00	0.000000e+00	0.000000e+00	0.000000e+00
2.873556e+00	2.909685e+00	0.000000e+00	0.000000e+00	0.000000e+00
2.909685e+00	2.945814e+00	0.000000e+00	0.000000e+00	0.000000e+00
2.945814e+00	2.981943e+00	0.000000e+00	0.000000e+00	0.000000e+00
2.981943e+00	3.018072e+00	0.000000e+00	0.000000e+00	0.000000e+00
3.018072e+00	3.054202e+00	0.000000e+00	0.000000e+00	0.000000e+00
3.054202e+00	3.090331e+00	0.000000e+00	0.000000e+00	0.000000e+00
3.090331e+00	3.126460e+00	0.000000e+00	0.000000e+00	0.000000e+00
3.126460e+00	3.162589e+00	0.000000e+00	0.000000e+00	0.000000e+00
3.162589e+00	3.198718e+00	0.000000e+00	0.000000e+00	0.000000e+00
3.198718e+00	3.234847e+00	0.000000e+00	0.000000e+00	0.000000e+00
3.234847e+00	3.270976e+00	0.000000e+00	0.000000e+00	0.000000e+00
3.270976e+00	3.307105e+00	0.000000e+00	0.000000e+00	0.000000e+00
3.307105e+00	3.343235e+00	0.000000e+00	0.000000e+00	0.000000e+00
3.343235e+00	3.379364e+00	0.000000e+00	0.000000e+00	0.000000e+00
3.379364e+00	3.415493e+00	0.000000e+00	0.000000e+00	0.000000e+00
3.415493e+00	3.451622e+00	0.000000e+00	0.000000e+00	0.000000e+00
3.451622e+00	3.487751e+00	0.000000e+00	0.000000e+00	0.000000e+00
3.487751e+00	3.523880e+00	0.000000e+00	0.000000e+00	0.000000e+00
3.523880e+00	3.560009e+00	0.000000e+00	0.000000e+00	0.000000e+00
3.560009e+00	3.596139e+00	0.000000e+00	0.000000e+00	0.000000e+00
3.596139e+00	3.632268e+00	0.000000e+00	0.000000e+00	0.000000e+00
3.632268e+00	3.668397e+00	0.000000e+00	0.000000e+00	0.000000e+00
3.668397e+00	3.704526e+00	0.000000e+00	0.000000e+00	0.000000e+00
3.704526e+00	3.740655e+00	0.000000e+00	0.000000e+00	0.000000e+00
3.740655e+00	3.776784e+00	0.000000e+00	0.000000e+00	0.000000e+00
3.776784e+00	3.812913e+00	0.000000e+00	0.000000e+00	0.000000e+00
# END HISTO1D

