# BEGIN PLOT
LegendOnly=//homes/tinghua1/higgs-anomalous/Herwig7/gcc11_install_test/plots/H-N2-N3-4-25gev-odd-combine.yoda/MC_H2JETS_04_INC/deltaR_H_j2_incl //homes/tinghua1/higgs-anomalous/Herwig7/gcc11_install_test/plots/H2Jets-NLOPS-odd-combine.yoda/MC_H2JETS_04_INC/deltaR_H_j2_incl //homes/tinghua1/higgs-anomalous/Herwig7/gcc11_install_test/plots/H2Jets-NLO-odd-combine.yoda/MC_H2JETS_04_INC/deltaR_H_j2_incl
DrawOnly=//homes/tinghua1/higgs-anomalous/Herwig7/gcc11_install_test/plots/H-N2-N3-4-25gev-odd-combine.yoda/MC_H2JETS_04_INC/deltaR_H_j2_incl //homes/tinghua1/higgs-anomalous/Herwig7/gcc11_install_test/plots/H2Jets-NLOPS-odd-combine.yoda/MC_H2JETS_04_INC/deltaR_H_j2_incl //homes/tinghua1/higgs-anomalous/Herwig7/gcc11_install_test/plots/H2Jets-NLO-odd-combine.yoda/MC_H2JETS_04_INC/deltaR_H_j2_incl
RightMargin=0.5
RatioPlotReference=//homes/tinghua1/higgs-anomalous/Herwig7/gcc11_install_test/plots/H-N2-N3-4-25gev-odd-combine.yoda/MC_H2JETS_04_INC/deltaR_H_j2_incl
RatioPlot=1
LogY=1
RatioPlotYLabel=Ratio
Legend=1
# END PLOT


# BEGIN SPECIAL /MC_H2JETS_04_INC/deltaR_H_j2_incl
\rput[tl](0.05,0.75){\parbox{5cm}{\textcolor{gray}{{\bf Herwig 7.2.3} \\ VBFNLO 3.0.0}}}
# END SPECIAL

# BEGIN HISTO1D //homes/tinghua1/higgs-anomalous/Herwig7/gcc11_install_test/plots/H-N2-N3-4-25gev-odd-combine.yoda/MC_H2JETS_04_INC/deltaR_H_j2_incl
ErrorBandColor=red
ErrorBandOpacity=0.3
ErrorBands=1
ErrorBars=1
ErrorType=env
LineColor=red
LineStyle=solid
Path=//homes/tinghua1/higgs-anomalous/Herwig7/gcc11_install_test/plots/H-N2-N3-4-25gev-odd-combine.yoda/MC_H2JETS_04_INC/deltaR_H_j2_incl
RatioPlotSameStyle=1
Title=h(2*,3*,4)
# xlow	 xhigh	 val	 errminus	 errplus
0.000000e+00	2.000000e-01	2.926331e-03	5.060300e-05	2.833600e-05
2.000000e-01	4.000000e-01	8.970575e-03	2.460750e-04	2.509900e-04
4.000000e-01	6.000000e-01	1.581428e-02	0.000000e+00	8.919250e-04
6.000000e-01	8.000000e-01	2.408561e-02	0.000000e+00	3.959000e-04
8.000000e-01	1.000000e+00	3.590371e-02	2.014815e-03	6.729500e-05
1.000000e+00	1.200000e+00	5.073050e-02	2.501840e-03	0.000000e+00
1.200000e+00	1.400000e+00	6.976760e-02	4.267850e-03	0.000000e+00
1.400000e+00	1.600000e+00	9.570960e-02	4.316850e-03	0.000000e+00
1.600000e+00	1.800000e+00	1.275760e-01	7.485400e-03	0.000000e+00
1.800000e+00	2.000000e+00	1.649586e-01	4.258750e-03	1.993350e-03
2.000000e+00	2.200000e+00	2.092209e-01	8.966050e-03	0.000000e+00
2.200000e+00	2.400000e+00	2.463226e-01	9.728350e-03	0.000000e+00
2.400000e+00	2.600000e+00	2.736283e-01	7.631900e-03	0.000000e+00
2.600000e+00	2.800000e+00	2.873628e-01	4.520850e-03	6.781500e-04
2.800000e+00	3.000000e+00	2.838074e-01	0.000000e+00	1.596050e-03
3.000000e+00	3.200000e+00	2.678115e-01	5.364250e-03	0.000000e+00
3.200000e+00	3.400000e+00	1.969157e-01	1.283950e-03	1.277200e-03
3.400000e+00	3.600000e+00	1.546277e-01	0.000000e+00	2.311500e-04
3.600000e+00	3.800000e+00	1.265338e-01	2.450500e-04	0.000000e+00
3.800000e+00	4.000000e+00	1.016633e-01	1.162500e-04	6.809500e-04
4.000000e+00	4.200000e+00	8.231175e-02	9.543500e-04	5.913000e-04
4.200000e+00	4.400000e+00	6.417885e-02	5.655000e-05	2.882200e-03
4.400000e+00	4.600000e+00	5.202670e-02	0.000000e+00	1.619700e-03
4.600000e+00	4.800000e+00	4.205852e-02	0.000000e+00	3.853900e-04
4.800000e+00	5.000000e+00	3.280221e-02	0.000000e+00	7.411300e-04
5.000000e+00	5.200000e+00	2.595441e-02	0.000000e+00	2.342100e-04
5.200000e+00	5.400000e+00	1.980787e-02	1.643500e-05	3.738600e-04
5.400000e+00	5.600000e+00	1.519109e-02	0.000000e+00	3.133800e-04
5.600000e+00	5.800000e+00	1.160281e-02	0.000000e+00	3.612250e-04
5.800000e+00	6.000000e+00	8.541865e-03	0.000000e+00	3.171800e-04
6.000000e+00	6.200000e+00	6.439895e-03	0.000000e+00	1.283650e-04
6.200000e+00	6.400000e+00	4.872176e-03	2.509870e-04	0.000000e+00
6.400000e+00	6.600000e+00	3.370870e-03	0.000000e+00	2.155665e-04
6.600000e+00	6.800000e+00	2.455632e-03	0.000000e+00	1.011100e-04
6.800000e+00	7.000000e+00	1.744270e-03	3.221100e-05	7.157550e-05
7.000000e+00	7.200000e+00	1.192221e-03	0.000000e+00	8.084250e-05
7.200000e+00	7.400000e+00	8.006595e-04	0.000000e+00	5.302650e-05
7.400000e+00	7.600000e+00	5.489340e-04	0.000000e+00	9.232300e-05
7.600000e+00	7.800000e+00	3.628908e-04	0.000000e+00	6.269700e-06
7.800000e+00	8.000000e+00	2.395617e-04	0.000000e+00	2.564525e-05
# END HISTO1D


# BEGIN HISTO1D //homes/tinghua1/higgs-anomalous/Herwig7/gcc11_install_test/plots/H2Jets-NLOPS-odd-combine.yoda/MC_H2JETS_04_INC/deltaR_H_j2_incl
ErrorBandColor=green
ErrorBandOpacity=0.3
ErrorBands=1
ErrorBars=1
ErrorType=env
LineColor=green
LineStyle=solid
Path=//homes/tinghua1/higgs-anomalous/Herwig7/gcc11_install_test/plots/H2Jets-NLOPS-odd-combine.yoda/MC_H2JETS_04_INC/deltaR_H_j2_incl
RatioPlotSameStyle=1
Title=h(2*) $\oplus$ PS
# xlow	 xhigh	 val	 errminus	 errplus
0.000000e+00	2.000000e-01	3.061505e-03	1.947095e-04	0.000000e+00
2.000000e-01	4.000000e-01	9.428280e-03	5.647750e-04	0.000000e+00
4.000000e-01	6.000000e-01	1.662090e-02	9.683000e-04	0.000000e+00
6.000000e-01	8.000000e-01	2.535682e-02	1.475115e-03	0.000000e+00
8.000000e-01	1.000000e+00	3.651937e-02	2.204250e-03	0.000000e+00
1.000000e+00	1.200000e+00	5.110725e-02	2.940810e-03	0.000000e+00
1.200000e+00	1.400000e+00	7.050830e-02	4.108500e-03	0.000000e+00
1.400000e+00	1.600000e+00	9.644140e-02	5.610100e-03	0.000000e+00
1.600000e+00	1.800000e+00	1.299837e-01	7.535900e-03	0.000000e+00
1.800000e+00	2.000000e+00	1.707130e-01	9.899600e-03	0.000000e+00
2.000000e+00	2.200000e+00	2.132631e-01	1.187620e-02	0.000000e+00
2.200000e+00	2.400000e+00	2.488650e-01	1.216265e-02	0.000000e+00
2.400000e+00	2.600000e+00	2.721905e-01	1.061845e-02	0.000000e+00
2.600000e+00	2.800000e+00	2.819435e-01	7.576900e-03	0.000000e+00
2.800000e+00	3.000000e+00	2.778382e-01	4.134350e-03	0.000000e+00
3.000000e+00	3.200000e+00	2.567785e-01	4.929000e-04	3.350000e-05
3.200000e+00	3.400000e+00	1.901303e-01	0.000000e+00	5.139000e-04
3.400000e+00	3.600000e+00	1.499302e-01	0.000000e+00	5.472000e-04
3.600000e+00	3.800000e+00	1.208239e-01	0.000000e+00	1.031650e-03
3.800000e+00	4.000000e+00	9.777900e-02	0.000000e+00	1.006150e-03
4.000000e+00	4.200000e+00	7.896755e-02	0.000000e+00	1.115050e-03
4.200000e+00	4.400000e+00	6.348945e-02	0.000000e+00	1.005950e-03
4.400000e+00	4.600000e+00	5.064190e-02	0.000000e+00	9.739000e-04
4.600000e+00	4.800000e+00	4.019757e-02	0.000000e+00	8.413750e-04
4.800000e+00	5.000000e+00	3.161365e-02	0.000000e+00	7.161050e-04
5.000000e+00	5.200000e+00	2.465467e-02	0.000000e+00	5.060300e-04
5.200000e+00	5.400000e+00	1.902405e-02	0.000000e+00	5.294550e-04
5.400000e+00	5.600000e+00	1.458274e-02	0.000000e+00	3.268000e-04
5.600000e+00	5.800000e+00	1.104164e-02	0.000000e+00	2.459800e-04
5.800000e+00	6.000000e+00	8.270665e-03	0.000000e+00	3.715700e-04
6.000000e+00	6.200000e+00	6.126575e-03	0.000000e+00	1.580000e-04
6.200000e+00	6.400000e+00	4.477956e-03	0.000000e+00	1.034945e-04
6.400000e+00	6.600000e+00	3.236350e-03	0.000000e+00	6.217000e-05
6.600000e+00	6.800000e+00	2.307774e-03	0.000000e+00	6.144300e-05
6.800000e+00	7.000000e+00	1.628892e-03	0.000000e+00	2.752700e-05
7.000000e+00	7.200000e+00	1.135099e-03	0.000000e+00	6.956500e-06
7.200000e+00	7.400000e+00	7.655065e-04	0.000000e+00	1.840350e-05
7.400000e+00	7.600000e+00	5.126365e-04	0.000000e+00	2.119550e-05
7.600000e+00	7.800000e+00	3.455248e-04	9.578000e-07	4.399350e-06
7.800000e+00	8.000000e+00	2.212385e-04	0.000000e+00	1.141525e-05
# END HISTO1D


# BEGIN HISTO1D //homes/tinghua1/higgs-anomalous/Herwig7/gcc11_install_test/plots/H2Jets-NLO-odd-combine.yoda/MC_H2JETS_04_INC/deltaR_H_j2_incl
ErrorBandColor=orange
ErrorBandOpacity=0.3
ErrorBands=1
ErrorBars=1
ErrorType=env
LineColor=orange
LineStyle=solid
Path=//homes/tinghua1/higgs-anomalous/Herwig7/gcc11_install_test/plots/H2Jets-NLO-odd-combine.yoda/MC_H2JETS_04_INC/deltaR_H_j2_incl
RatioPlotSameStyle=1
Title=h(2*)-FO
# xlow	 xhigh	 val	 errminus	 errplus
0.000000e+00	2.000000e-01	3.122055e-03	1.442645e-04	0.000000e+00
2.000000e-01	4.000000e-01	9.724320e-03	4.711550e-04	0.000000e+00
4.000000e-01	6.000000e-01	1.686346e-02	8.103450e-04	0.000000e+00
6.000000e-01	8.000000e-01	2.569141e-02	5.403600e-04	1.885800e-04
8.000000e-01	1.000000e+00	3.795697e-02	2.378230e-03	0.000000e+00
1.000000e+00	1.200000e+00	5.208910e-02	2.257655e-03	0.000000e+00
1.200000e+00	1.400000e+00	7.197530e-02	2.048800e-03	0.000000e+00
1.400000e+00	1.600000e+00	9.821810e-02	6.924100e-03	0.000000e+00
1.600000e+00	1.800000e+00	1.336213e-01	6.805500e-03	0.000000e+00
1.800000e+00	2.000000e+00	1.725905e-01	8.526500e-03	0.000000e+00
2.000000e+00	2.200000e+00	2.164803e-01	1.041160e-02	0.000000e+00
2.200000e+00	2.400000e+00	2.526621e-01	7.162550e-03	0.000000e+00
2.400000e+00	2.600000e+00	2.757143e-01	8.617650e-03	0.000000e+00
2.600000e+00	2.800000e+00	2.863690e-01	4.908650e-03	0.000000e+00
2.800000e+00	3.000000e+00	2.771940e-01	0.000000e+00	5.099350e-03
3.000000e+00	3.200000e+00	2.576625e-01	0.000000e+00	3.108500e-04
3.200000e+00	3.400000e+00	1.900518e-01	0.000000e+00	2.380450e-03
3.400000e+00	3.600000e+00	1.494973e-01	4.846000e-04	1.021250e-03
3.600000e+00	3.800000e+00	1.211405e-01	4.363000e-04	9.248000e-04
3.800000e+00	4.000000e+00	9.629275e-02	0.000000e+00	2.459300e-03
4.000000e+00	4.200000e+00	7.714365e-02	0.000000e+00	2.489000e-03
4.200000e+00	4.400000e+00	6.303335e-02	0.000000e+00	9.889500e-04
4.400000e+00	4.600000e+00	5.034125e-02	0.000000e+00	6.529500e-04
4.600000e+00	4.800000e+00	3.930425e-02	0.000000e+00	1.506850e-03
4.800000e+00	5.000000e+00	3.140137e-02	0.000000e+00	3.077250e-04
5.000000e+00	5.200000e+00	2.389764e-02	0.000000e+00	8.018700e-04
5.200000e+00	5.400000e+00	1.864921e-02	0.000000e+00	8.506700e-04
5.400000e+00	5.600000e+00	1.440534e-02	0.000000e+00	4.106600e-04
5.600000e+00	5.800000e+00	1.089431e-02	0.000000e+00	3.877150e-04
5.800000e+00	6.000000e+00	8.092675e-03	0.000000e+00	1.713500e-04
6.000000e+00	6.200000e+00	6.178200e-03	1.077500e-04	1.860450e-04
6.200000e+00	6.400000e+00	4.362466e-03	3.428150e-05	2.056220e-04
6.400000e+00	6.600000e+00	3.178361e-03	0.000000e+00	2.338550e-04
6.600000e+00	6.800000e+00	2.347577e-03	1.411665e-04	8.589500e-06
6.800000e+00	7.000000e+00	1.600181e-03	0.000000e+00	5.784600e-05
7.000000e+00	7.200000e+00	1.093669e-03	0.000000e+00	7.610700e-05
7.200000e+00	7.400000e+00	7.573605e-04	0.000000e+00	2.557750e-05
7.400000e+00	7.600000e+00	5.506470e-04	3.252350e-05	0.000000e+00
7.600000e+00	7.800000e+00	3.367755e-04	3.062035e-05	2.063215e-05
7.800000e+00	8.000000e+00	2.310763e-04	1.674775e-05	1.930900e-06
# END HISTO1D

