# BEGIN PLOT
Rebin=2
DrawOnly=//homes/tinghua1/higgs-anomalous/Herwig7/gcc11_install_test/plots/H-N2-N3-4-25gev-odd-combine.yoda/MC_H2JETS_04_INC/HT_gapjets //homes/tinghua1/higgs-anomalous/Herwig7/gcc11_install_test/plots/H2Jets-NLOPS-odd-combine.yoda/MC_H2JETS_04_INC/HT_gapjets //homes/tinghua1/higgs-anomalous/Herwig7/gcc11_install_test/plots/H2Jets-NLO-odd-combine.yoda/MC_H2JETS_04_INC/HT_gapjets
RightMargin=0.5
RatioPlotReference=//homes/tinghua1/higgs-anomalous/Herwig7/gcc11_install_test/plots/H-N2-N3-4-25gev-odd-combine.yoda/MC_H2JETS_04_INC/HT_gapjets
RatioPlot=1
LogY=1
RatioPlotYMax=2.0
RatioPlotYLabel=Ratio
LegendOnly=//homes/tinghua1/higgs-anomalous/Herwig7/gcc11_install_test/plots/H-N2-N3-4-25gev-odd-combine.yoda/MC_H2JETS_04_INC/HT_gapjets //homes/tinghua1/higgs-anomalous/Herwig7/gcc11_install_test/plots/H2Jets-NLOPS-odd-combine.yoda/MC_H2JETS_04_INC/HT_gapjets //homes/tinghua1/higgs-anomalous/Herwig7/gcc11_install_test/plots/H2Jets-NLO-odd-combine.yoda/MC_H2JETS_04_INC/HT_gapjets
XLabel=$H_{T,jets}^\text{gap}$ (GeV)
LegendAlign=r
XMax=500.0
YLabel=$\text{d} \sigma/ \text{d} H_{T,jets}^\text{gap}$ (pb/GeV)
Legend=1
RatioPlotYMin=0.0
# END PLOT


# BEGIN SPECIAL /MC_H2JETS_04_INC/HT_gapjets
\rput[tl](0.05,0.75){\parbox{5cm}{\textcolor{gray}{{\bf Herwig 7.2.3} \\ VBFNLO 3.0.0}}}
# END SPECIAL

# BEGIN HISTO1D //homes/tinghua1/higgs-anomalous/Herwig7/gcc11_install_test/plots/H-N2-N3-4-25gev-odd-combine.yoda/MC_H2JETS_04_INC/HT_gapjets
ErrorBandColor=red
ErrorBandOpacity=0.3
ErrorBands=1
ErrorBars=1
ErrorType=env
LineColor=red
LineStyle=solid
Path=//homes/tinghua1/higgs-anomalous/Herwig7/gcc11_install_test/plots/H-N2-N3-4-25gev-odd-combine.yoda/MC_H2JETS_04_INC/HT_gapjets
RatioPlotSameStyle=1
Title=h(2*,3*,4)
# xlow	 xhigh	 val	 errminus	 errplus
0.000000e+00	1.000000e+01	0.000000e+00	0.000000e+00	0.000000e+00
1.000000e+01	2.000000e+01	0.000000e+00	0.000000e+00	0.000000e+00
2.000000e+01	3.000000e+01	9.385414e-04	0.000000e+00	1.132376e-04
3.000000e+01	4.000000e+01	1.344673e-03	0.000000e+00	2.627600e-05
4.000000e+01	5.000000e+01	8.806545e-04	2.291780e-05	6.942100e-06
5.000000e+01	6.000000e+01	8.163217e-04	3.003900e-06	8.850000e-07
6.000000e+01	7.000000e+01	8.273715e-04	2.855000e-07	1.658200e-06
7.000000e+01	8.000000e+01	7.031833e-04	0.000000e+00	4.543750e-05
8.000000e+01	9.000000e+01	6.153588e-04	1.074170e-05	0.000000e+00
9.000000e+01	1.000000e+02	5.273598e-04	0.000000e+00	1.589880e-05
1.000000e+02	1.100000e+02	4.637259e-04	0.000000e+00	1.528360e-05
1.100000e+02	1.200000e+02	4.083650e-04	1.063510e-05	0.000000e+00
1.200000e+02	1.300000e+02	3.170657e-04	0.000000e+00	4.837880e-05
1.300000e+02	1.400000e+02	2.729360e-04	0.000000e+00	2.419020e-05
1.400000e+02	1.500000e+02	2.431598e-04	0.000000e+00	3.169830e-05
1.500000e+02	1.600000e+02	2.221389e-04	0.000000e+00	1.407740e-05
1.600000e+02	1.700000e+02	1.824430e-04	0.000000e+00	2.563690e-05
1.700000e+02	1.800000e+02	1.572125e-04	3.185700e-06	2.339900e-05
1.800000e+02	1.900000e+02	1.376692e-04	0.000000e+00	1.554150e-05
1.900000e+02	2.000000e+02	1.126869e-04	0.000000e+00	1.783000e-05
2.000000e+02	2.100000e+02	1.088577e-04	1.751700e-06	1.080090e-05
2.100000e+02	2.200000e+02	9.237616e-05	0.000000e+00	1.219694e-05
2.200000e+02	2.300000e+02	8.002739e-05	4.872300e-07	5.891880e-06
2.300000e+02	2.400000e+02	6.702748e-05	0.000000e+00	2.683538e-05
2.400000e+02	2.500000e+02	5.577081e-05	0.000000e+00	1.544048e-05
2.500000e+02	2.600000e+02	6.013598e-05	2.183910e-06	6.244030e-06
2.600000e+02	2.700000e+02	4.384549e-05	0.000000e+00	7.795190e-06
2.700000e+02	2.800000e+02	4.003667e-05	4.029480e-06	5.281530e-06
2.800000e+02	2.900000e+02	3.521738e-05	2.746010e-06	2.884870e-06
2.900000e+02	3.000000e+02	2.964408e-05	6.833630e-06	0.000000e+00
3.000000e+02	3.100000e+02	2.782189e-05	0.000000e+00	1.162710e-05
3.100000e+02	3.200000e+02	2.606777e-05	1.265900e-07	3.274670e-06
3.200000e+02	3.300000e+02	2.034044e-05	0.000000e+00	1.166456e-05
3.300000e+02	3.400000e+02	1.818913e-05	0.000000e+00	1.476767e-05
3.400000e+02	3.500000e+02	1.785143e-05	0.000000e+00	1.190010e-06
3.500000e+02	3.600000e+02	1.047761e-05	0.000000e+00	1.560984e-05
3.600000e+02	3.700000e+02	1.418291e-05	9.332500e-07	0.000000e+00
3.700000e+02	3.800000e+02	1.162825e-05	2.041540e-06	6.268090e-06
3.800000e+02	3.900000e+02	9.964381e-06	0.000000e+00	3.435339e-06
3.900000e+02	4.000000e+02	8.027809e-06	0.000000e+00	4.983221e-06
4.000000e+02	4.100000e+02	8.280923e-06	0.000000e+00	2.249187e-06
4.100000e+02	4.200000e+02	6.143715e-06	0.000000e+00	2.649274e-05
4.200000e+02	4.300000e+02	3.636508e-06	0.000000e+00	7.238902e-06
4.300000e+02	4.400000e+02	6.288117e-06	0.000000e+00	1.524223e-06
4.400000e+02	4.500000e+02	6.297141e-06	9.170300e-07	0.000000e+00
4.500000e+02	4.600000e+02	4.849603e-06	0.000000e+00	2.504834e-06
4.600000e+02	4.700000e+02	3.919704e-06	0.000000e+00	2.720682e-06
4.700000e+02	4.800000e+02	4.396638e-06	0.000000e+00	8.346370e-07
4.800000e+02	4.900000e+02	9.620621e-06	5.855941e-06	0.000000e+00
4.900000e+02	5.000000e+02	3.960529e-06	4.955840e-07	1.131280e-06
5.000000e+02	5.100000e+02	3.884607e-06	3.473300e-07	2.317800e-08
5.100000e+02	5.200000e+02	5.471738e-06	3.224580e-06	0.000000e+00
5.200000e+02	5.300000e+02	3.213104e-06	1.754294e-06	0.000000e+00
5.300000e+02	5.400000e+02	1.886578e-06	4.065820e-07	8.038490e-07
5.400000e+02	5.500000e+02	1.794324e-06	3.862474e-06	1.236876e-06
5.500000e+02	5.600000e+02	2.738050e-06	2.774260e-07	1.204421e-06
5.600000e+02	5.700000e+02	1.369594e-06	4.184021e-07	6.854320e-07
5.700000e+02	5.800000e+02	1.459035e-06	0.000000e+00	7.411200e-07
5.800000e+02	5.900000e+02	-3.419040e-07	6.213423e-06	2.154216e-06
5.900000e+02	6.000000e+02	1.331343e-06	0.000000e+00	3.321400e-07
6.000000e+02	6.100000e+02	1.265946e-06	1.087670e-07	9.333710e-07
6.100000e+02	6.200000e+02	1.430049e-06	4.720515e-07	4.066340e-07
6.200000e+02	6.300000e+02	1.150991e-06	0.000000e+00	2.378240e-07
6.300000e+02	6.400000e+02	-3.319154e-07	0.000000e+00	1.942591e-06
6.400000e+02	6.500000e+02	7.620606e-07	0.000000e+00	1.828249e-07
6.500000e+02	6.600000e+02	1.040786e-06	0.000000e+00	4.588987e-06
6.600000e+02	6.700000e+02	2.110959e-06	1.003151e-06	0.000000e+00
6.700000e+02	6.800000e+02	3.995398e-07	0.000000e+00	3.385269e-07
6.800000e+02	6.900000e+02	1.049167e-06	7.207373e-07	0.000000e+00
6.900000e+02	7.000000e+02	6.004715e-07	0.000000e+00	2.232343e-07
7.000000e+02	7.100000e+02	2.683491e-07	2.761398e-07	7.099309e-07
7.100000e+02	7.200000e+02	3.462847e-07	0.000000e+00	9.413303e-07
7.200000e+02	7.300000e+02	4.253965e-07	1.063501e-07	0.000000e+00
7.300000e+02	7.400000e+02	1.136805e-06	1.597059e-06	0.000000e+00
7.400000e+02	7.500000e+02	3.761718e-07	0.000000e+00	1.673191e-07
7.500000e+02	7.600000e+02	3.546931e-07	1.484500e-09	8.515230e-08
7.600000e+02	7.700000e+02	3.206375e-07	3.020770e-08	1.865312e-07
7.700000e+02	7.800000e+02	2.878990e-07	0.000000e+00	1.047686e-06
7.800000e+02	7.900000e+02	2.808316e-07	8.062570e-08	5.758462e-07
7.900000e+02	8.000000e+02	1.552959e-07	1.954589e-07	1.698665e-07
8.000000e+02	8.100000e+02	3.615985e-07	1.035928e-07	1.236361e-06
8.100000e+02	8.200000e+02	2.354599e-07	2.539550e-08	6.505839e-07
8.200000e+02	8.300000e+02	2.028642e-07	0.000000e+00	6.806380e-08
8.300000e+02	8.400000e+02	1.836374e-07	2.114032e-07	6.446790e-08
8.400000e+02	8.500000e+02	-5.111495e-08	0.000000e+00	3.532682e-07
8.500000e+02	8.600000e+02	1.865041e-07	1.176525e-07	3.491050e-08
8.600000e+02	8.700000e+02	1.536208e-07	1.216837e-07	0.000000e+00
8.700000e+02	8.800000e+02	1.020675e-07	5.311920e-08	1.002156e-07
8.800000e+02	8.900000e+02	1.241546e-07	2.466661e-08	5.422840e-08
8.900000e+02	9.000000e+02	6.033530e-08	0.000000e+00	3.146427e-07
9.000000e+02	9.100000e+02	9.863848e-08	6.287109e-08	0.000000e+00
9.100000e+02	9.200000e+02	-8.213464e-09	0.000000e+00	3.045910e-07
9.200000e+02	9.300000e+02	8.276150e-08	2.599879e-07	7.096800e-08
9.300000e+02	9.400000e+02	6.853139e-08	0.000000e+00	1.186286e-07
9.400000e+02	9.500000e+02	8.574854e-08	1.516136e-08	1.399746e-07
9.500000e+02	9.600000e+02	9.565911e-08	9.831334e-08	0.000000e+00
9.600000e+02	9.700000e+02	6.487319e-08	1.606904e-07	5.081271e-08
9.700000e+02	9.800000e+02	5.657941e-08	0.000000e+00	9.162149e-08
9.800000e+02	9.900000e+02	5.074604e-08	0.000000e+00	4.745029e-08
9.900000e+02	1.000000e+03	8.973607e-08	1.574202e-08	4.620253e-08
# END HISTO1D


# BEGIN HISTO1D //homes/tinghua1/higgs-anomalous/Herwig7/gcc11_install_test/plots/H2Jets-NLOPS-odd-combine.yoda/MC_H2JETS_04_INC/HT_gapjets
ErrorBandColor=green
ErrorBandOpacity=0.3
ErrorBands=1
ErrorBars=1
ErrorType=env
LineColor=green
LineStyle=solid
Path=//homes/tinghua1/higgs-anomalous/Herwig7/gcc11_install_test/plots/H2Jets-NLOPS-odd-combine.yoda/MC_H2JETS_04_INC/HT_gapjets
RatioPlotSameStyle=1
Title=h(2*) $\oplus$ PS
# xlow	 xhigh	 val	 errminus	 errplus
0.000000e+00	1.000000e+01	0.000000e+00	0.000000e+00	0.000000e+00
1.000000e+01	2.000000e+01	0.000000e+00	0.000000e+00	0.000000e+00
2.000000e+01	3.000000e+01	9.505097e-04	0.000000e+00	1.094473e-04
3.000000e+01	4.000000e+01	1.260037e-03	0.000000e+00	8.372700e-05
4.000000e+01	5.000000e+01	7.706790e-04	0.000000e+00	1.950590e-05
5.000000e+01	6.000000e+01	6.601059e-04	0.000000e+00	7.108240e-05
6.000000e+01	7.000000e+01	6.296023e-04	0.000000e+00	9.293160e-05
7.000000e+01	8.000000e+01	5.274344e-04	0.000000e+00	8.001670e-05
8.000000e+01	9.000000e+01	4.393431e-04	0.000000e+00	7.550330e-05
9.000000e+01	1.000000e+02	3.749944e-04	0.000000e+00	7.096920e-05
1.000000e+02	1.100000e+02	3.167811e-04	0.000000e+00	6.802360e-05
1.100000e+02	1.200000e+02	2.682160e-04	0.000000e+00	6.173050e-05
1.200000e+02	1.300000e+02	2.286228e-04	0.000000e+00	5.517510e-05
1.300000e+02	1.400000e+02	1.938537e-04	0.000000e+00	5.055430e-05
1.400000e+02	1.500000e+02	1.665214e-04	0.000000e+00	4.425730e-05
1.500000e+02	1.600000e+02	1.412698e-04	0.000000e+00	4.130290e-05
1.600000e+02	1.700000e+02	1.217456e-04	0.000000e+00	3.638460e-05
1.700000e+02	1.800000e+02	1.048054e-04	0.000000e+00	3.186250e-05
1.800000e+02	1.900000e+02	9.025694e-05	0.000000e+00	2.885526e-05
1.900000e+02	2.000000e+02	7.796846e-05	0.000000e+00	2.669504e-05
2.000000e+02	2.100000e+02	6.782776e-05	0.000000e+00	2.370388e-05
2.100000e+02	2.200000e+02	5.877606e-05	0.000000e+00	2.060663e-05
2.200000e+02	2.300000e+02	5.121820e-05	0.000000e+00	1.832457e-05
2.300000e+02	2.400000e+02	4.468305e-05	0.000000e+00	1.707873e-05
2.400000e+02	2.500000e+02	3.902982e-05	0.000000e+00	1.475624e-05
2.500000e+02	2.600000e+02	3.426261e-05	0.000000e+00	1.363264e-05
2.600000e+02	2.700000e+02	3.013457e-05	0.000000e+00	1.207384e-05
2.700000e+02	2.800000e+02	2.657642e-05	0.000000e+00	1.054306e-05
2.800000e+02	2.900000e+02	2.371110e-05	0.000000e+00	9.326310e-06
2.900000e+02	3.000000e+02	2.100068e-05	0.000000e+00	8.629170e-06
3.000000e+02	3.100000e+02	1.840177e-05	0.000000e+00	8.090500e-06
3.100000e+02	3.200000e+02	1.639422e-05	0.000000e+00	6.951910e-06
3.200000e+02	3.300000e+02	1.445637e-05	0.000000e+00	6.551570e-06
3.300000e+02	3.400000e+02	1.281678e-05	0.000000e+00	5.841580e-06
3.400000e+02	3.500000e+02	1.154429e-05	0.000000e+00	5.357620e-06
3.500000e+02	3.600000e+02	1.042667e-05	0.000000e+00	4.681940e-06
3.600000e+02	3.700000e+02	9.206871e-06	0.000000e+00	4.162529e-06
3.700000e+02	3.800000e+02	8.452360e-06	0.000000e+00	3.669890e-06
3.800000e+02	3.900000e+02	7.373517e-06	0.000000e+00	3.400573e-06
3.900000e+02	4.000000e+02	6.767438e-06	0.000000e+00	2.962528e-06
4.000000e+02	4.100000e+02	6.002379e-06	0.000000e+00	2.926009e-06
4.100000e+02	4.200000e+02	5.413567e-06	0.000000e+00	2.618264e-06
4.200000e+02	4.300000e+02	4.810971e-06	0.000000e+00	2.281214e-06
4.300000e+02	4.400000e+02	4.373867e-06	0.000000e+00	2.280093e-06
4.400000e+02	4.500000e+02	4.067691e-06	0.000000e+00	1.762659e-06
4.500000e+02	4.600000e+02	3.525634e-06	0.000000e+00	1.891820e-06
4.600000e+02	4.700000e+02	3.157746e-06	0.000000e+00	1.758848e-06
4.700000e+02	4.800000e+02	2.849064e-06	0.000000e+00	2.127023e-06
4.800000e+02	4.900000e+02	2.542561e-06	0.000000e+00	1.491611e-06
4.900000e+02	5.000000e+02	2.376434e-06	0.000000e+00	1.392653e-06
5.000000e+02	5.100000e+02	2.167577e-06	0.000000e+00	1.193446e-06
5.100000e+02	5.200000e+02	1.916383e-06	0.000000e+00	1.082562e-06
5.200000e+02	5.300000e+02	1.824111e-06	0.000000e+00	1.300533e-06
5.300000e+02	5.400000e+02	1.617318e-06	0.000000e+00	8.193370e-07
5.400000e+02	5.500000e+02	1.500995e-06	0.000000e+00	7.769450e-07
5.500000e+02	5.600000e+02	1.353067e-06	0.000000e+00	6.522220e-07
5.600000e+02	5.700000e+02	1.228386e-06	0.000000e+00	7.186920e-07
5.700000e+02	5.800000e+02	1.132786e-06	0.000000e+00	7.019610e-07
5.800000e+02	5.900000e+02	1.054977e-06	0.000000e+00	5.666030e-07
5.900000e+02	6.000000e+02	9.400250e-07	0.000000e+00	5.186090e-07
6.000000e+02	6.100000e+02	8.814411e-07	0.000000e+00	5.096069e-07
6.100000e+02	6.200000e+02	7.861643e-07	0.000000e+00	4.248957e-07
6.200000e+02	6.300000e+02	7.422247e-07	0.000000e+00	4.543553e-07
6.300000e+02	6.400000e+02	6.630342e-07	0.000000e+00	3.959238e-07
6.400000e+02	6.500000e+02	6.228637e-07	0.000000e+00	2.900308e-07
6.500000e+02	6.600000e+02	5.415759e-07	0.000000e+00	3.187410e-07
6.600000e+02	6.700000e+02	5.144127e-07	0.000000e+00	3.239501e-07
6.700000e+02	6.800000e+02	5.206845e-07	0.000000e+00	2.520626e-07
6.800000e+02	6.900000e+02	4.324393e-07	0.000000e+00	3.049876e-07
6.900000e+02	7.000000e+02	3.983784e-07	0.000000e+00	2.411622e-07
7.000000e+02	7.100000e+02	3.599993e-07	0.000000e+00	2.259907e-07
7.100000e+02	7.200000e+02	3.633125e-07	0.000000e+00	1.858179e-07
7.200000e+02	7.300000e+02	3.122483e-07	0.000000e+00	2.052176e-07
7.300000e+02	7.400000e+02	2.747817e-07	0.000000e+00	2.191234e-07
7.400000e+02	7.500000e+02	2.463098e-07	0.000000e+00	1.993795e-07
7.500000e+02	7.600000e+02	2.411701e-07	0.000000e+00	1.487217e-07
7.600000e+02	7.700000e+02	2.193322e-07	0.000000e+00	1.609704e-07
7.700000e+02	7.800000e+02	2.285925e-07	0.000000e+00	1.144455e-07
7.800000e+02	7.900000e+02	2.043093e-07	0.000000e+00	1.113743e-07
7.900000e+02	8.000000e+02	1.734603e-07	0.000000e+00	1.180376e-07
8.000000e+02	8.100000e+02	1.559340e-07	0.000000e+00	1.101080e-07
8.100000e+02	8.200000e+02	1.402422e-07	0.000000e+00	1.274688e-07
8.200000e+02	8.300000e+02	1.236513e-07	0.000000e+00	1.189323e-07
8.300000e+02	8.400000e+02	1.292419e-07	0.000000e+00	8.771080e-08
8.400000e+02	8.500000e+02	1.300733e-07	0.000000e+00	8.552500e-08
8.500000e+02	8.600000e+02	1.070624e-07	0.000000e+00	9.832370e-08
8.600000e+02	8.700000e+02	9.639269e-08	0.000000e+00	7.990301e-08
8.700000e+02	8.800000e+02	1.017728e-07	0.000000e+00	4.286710e-08
8.800000e+02	8.900000e+02	9.790896e-08	0.000000e+00	4.594444e-08
8.900000e+02	9.000000e+02	8.999795e-08	0.000000e+00	4.531625e-08
9.000000e+02	9.100000e+02	7.141009e-08	0.000000e+00	3.969381e-08
9.100000e+02	9.200000e+02	6.397428e-08	0.000000e+00	7.243322e-08
9.200000e+02	9.300000e+02	6.343548e-08	0.000000e+00	5.747582e-08
9.300000e+02	9.400000e+02	6.549328e-08	0.000000e+00	2.907535e-08
9.400000e+02	9.500000e+02	5.955941e-08	0.000000e+00	3.484424e-08
9.500000e+02	9.600000e+02	6.286868e-08	0.000000e+00	3.163964e-08
9.600000e+02	9.700000e+02	5.746456e-08	3.695690e-09	2.601053e-08
9.700000e+02	9.800000e+02	4.690159e-08	0.000000e+00	4.110429e-08
9.800000e+02	9.900000e+02	5.056439e-08	4.721350e-09	2.049785e-08
9.900000e+02	1.000000e+03	1.235850e-08	0.000000e+00	5.947700e-08
# END HISTO1D


# BEGIN HISTO1D //homes/tinghua1/higgs-anomalous/Herwig7/gcc11_install_test/plots/H2Jets-NLO-odd-combine.yoda/MC_H2JETS_04_INC/HT_gapjets
ErrorBandColor=orange
ErrorBandOpacity=0.3
ErrorBands=1
ErrorBars=1
ErrorType=env
LineColor=orange
LineStyle=solid
Path=//homes/tinghua1/higgs-anomalous/Herwig7/gcc11_install_test/plots/H2Jets-NLO-odd-combine.yoda/MC_H2JETS_04_INC/HT_gapjets
RatioPlotSameStyle=1
Title=h(2*)-FO
# xlow	 xhigh	 val	 errminus	 errplus
0.000000e+00	1.000000e+01	0.000000e+00	0.000000e+00	0.000000e+00
1.000000e+01	2.000000e+01	0.000000e+00	0.000000e+00	0.000000e+00
2.000000e+01	3.000000e+01	1.291456e-03	0.000000e+00	4.004920e-04
3.000000e+01	4.000000e+01	1.891437e-03	0.000000e+00	6.405770e-04
4.000000e+01	5.000000e+01	1.306186e-03	0.000000e+00	4.276940e-04
5.000000e+01	6.000000e+01	9.114705e-04	0.000000e+00	3.108385e-04
6.000000e+01	7.000000e+01	6.520669e-04	0.000000e+00	2.292486e-04
7.000000e+01	8.000000e+01	4.618956e-04	0.000000e+00	1.743980e-04
8.000000e+01	9.000000e+01	3.439910e-04	0.000000e+00	1.233950e-04
9.000000e+01	1.000000e+02	2.530406e-04	0.000000e+00	8.977000e-05
1.000000e+02	1.100000e+02	1.878043e-04	0.000000e+00	7.066890e-05
1.100000e+02	1.200000e+02	1.424708e-04	0.000000e+00	5.723490e-05
1.200000e+02	1.300000e+02	1.110758e-04	0.000000e+00	4.005420e-05
1.300000e+02	1.400000e+02	8.616523e-05	0.000000e+00	3.284787e-05
1.400000e+02	1.500000e+02	6.764475e-05	0.000000e+00	2.480994e-05
1.500000e+02	1.600000e+02	5.298595e-05	0.000000e+00	1.972419e-05
1.600000e+02	1.700000e+02	3.893828e-05	0.000000e+00	2.029186e-05
1.700000e+02	1.800000e+02	3.344643e-05	0.000000e+00	1.501660e-05
1.800000e+02	1.900000e+02	2.745120e-05	0.000000e+00	9.668670e-06
1.900000e+02	2.000000e+02	2.147200e-05	0.000000e+00	9.214300e-06
2.000000e+02	2.100000e+02	1.700685e-05	0.000000e+00	8.770450e-06
2.100000e+02	2.200000e+02	1.361986e-05	0.000000e+00	7.845340e-06
2.200000e+02	2.300000e+02	1.182694e-05	0.000000e+00	5.388100e-06
2.300000e+02	2.400000e+02	9.480377e-06	0.000000e+00	3.659443e-06
2.400000e+02	2.500000e+02	7.609940e-06	0.000000e+00	4.228920e-06
2.500000e+02	2.600000e+02	6.772853e-06	0.000000e+00	3.411957e-06
2.600000e+02	2.700000e+02	5.334816e-06	0.000000e+00	3.107885e-06
2.700000e+02	2.800000e+02	5.142791e-06	0.000000e+00	1.612680e-06
2.800000e+02	2.900000e+02	4.283513e-06	0.000000e+00	1.514533e-06
2.900000e+02	3.000000e+02	3.439522e-06	0.000000e+00	1.503866e-06
3.000000e+02	3.100000e+02	2.936942e-06	0.000000e+00	1.220938e-06
3.100000e+02	3.200000e+02	2.497216e-06	0.000000e+00	1.341696e-06
3.200000e+02	3.300000e+02	1.891391e-06	0.000000e+00	1.075457e-06
3.300000e+02	3.400000e+02	2.082768e-06	1.063900e-07	8.087020e-07
3.400000e+02	3.500000e+02	1.528679e-06	0.000000e+00	8.236540e-07
3.500000e+02	3.600000e+02	1.223757e-06	0.000000e+00	8.717920e-07
3.600000e+02	3.700000e+02	1.334221e-06	3.706600e-08	2.617450e-07
3.700000e+02	3.800000e+02	1.153251e-06	0.000000e+00	1.094445e-06
3.800000e+02	3.900000e+02	1.270799e-06	2.118420e-07	4.275500e-08
3.900000e+02	4.000000e+02	6.954932e-07	0.000000e+00	3.872978e-07
4.000000e+02	4.100000e+02	5.414267e-07	0.000000e+00	4.664733e-07
4.100000e+02	4.200000e+02	4.622120e-07	0.000000e+00	4.049826e-07
4.200000e+02	4.300000e+02	3.292383e-07	0.000000e+00	4.504282e-07
4.300000e+02	4.400000e+02	4.266924e-07	0.000000e+00	5.291446e-07
4.400000e+02	4.500000e+02	2.804206e-07	0.000000e+00	2.838851e-07
4.500000e+02	4.600000e+02	4.212049e-07	0.000000e+00	5.095310e-08
4.600000e+02	4.700000e+02	2.486199e-07	0.000000e+00	1.702519e-07
4.700000e+02	4.800000e+02	3.275971e-07	8.430800e-08	1.047773e-07
4.800000e+02	4.900000e+02	3.413272e-07	1.437388e-07	6.643110e-08
4.900000e+02	5.000000e+02	1.436024e-07	0.000000e+00	1.189280e-07
5.000000e+02	5.100000e+02	1.763109e-07	0.000000e+00	1.306437e-07
5.100000e+02	5.200000e+02	1.605763e-07	4.128800e-09	5.593270e-08
5.200000e+02	5.300000e+02	9.941939e-08	0.000000e+00	2.654476e-07
5.300000e+02	5.400000e+02	1.663351e-07	6.382500e-08	1.257270e-08
5.400000e+02	5.500000e+02	7.764531e-08	0.000000e+00	5.443709e-08
5.500000e+02	5.600000e+02	5.935661e-08	0.000000e+00	4.063454e-08
5.600000e+02	5.700000e+02	8.177162e-08	0.000000e+00	9.502948e-08
5.700000e+02	5.800000e+02	3.721920e-08	0.000000e+00	8.611950e-08
5.800000e+02	5.900000e+02	3.890838e-08	0.000000e+00	7.712222e-08
5.900000e+02	6.000000e+02	3.648072e-08	0.000000e+00	4.898396e-08
6.000000e+02	6.100000e+02	3.559280e-08	2.465000e-10	7.484510e-08
6.100000e+02	6.200000e+02	2.639067e-08	0.000000e+00	3.680158e-08
6.200000e+02	6.300000e+02	6.198885e-08	4.010235e-08	1.769872e-08
6.300000e+02	6.400000e+02	5.146670e-08	1.623067e-08	0.000000e+00
6.400000e+02	6.500000e+02	4.412278e-08	2.101243e-08	0.000000e+00
6.500000e+02	6.600000e+02	2.089243e-08	0.000000e+00	2.292145e-08
6.600000e+02	6.700000e+02	2.775920e-08	0.000000e+00	1.036337e-08
6.700000e+02	6.800000e+02	1.238264e-08	0.000000e+00	4.741914e-08
6.800000e+02	6.900000e+02	1.757521e-08	5.761350e-09	3.143700e-10
6.900000e+02	7.000000e+02	1.560189e-08	0.000000e+00	9.547870e-09
7.000000e+02	7.100000e+02	7.925412e-09	0.000000e+00	2.140829e-08
7.100000e+02	7.200000e+02	3.964969e-08	2.646991e-08	0.000000e+00
7.200000e+02	7.300000e+02	9.627487e-09	2.912395e-09	4.757893e-09
7.300000e+02	7.400000e+02	3.433372e-09	0.000000e+00	6.624988e-09
7.400000e+02	7.500000e+02	3.789676e-09	0.000000e+00	8.037434e-09
7.500000e+02	7.600000e+02	6.540068e-09	1.374018e-09	1.145499e-08
7.600000e+02	7.700000e+02	4.035752e-09	0.000000e+00	6.285128e-09
7.700000e+02	7.800000e+02	5.091294e-09	2.345537e-09	9.982810e-10
7.800000e+02	7.900000e+02	1.011738e-08	3.617063e-09	7.826760e-09
7.900000e+02	8.000000e+02	3.285148e-08	2.625879e-08	0.000000e+00
8.000000e+02	8.100000e+02	2.537932e-09	3.059200e-11	3.534330e-10
8.100000e+02	8.200000e+02	9.125452e-09	4.526924e-09	0.000000e+00
8.200000e+02	8.300000e+02	1.128804e-08	7.034018e-09	0.000000e+00
8.300000e+02	8.400000e+02	1.056441e-09	0.000000e+00	3.472740e-09
8.400000e+02	8.500000e+02	2.468662e-09	2.712590e-10	2.777072e-09
8.500000e+02	8.600000e+02	1.451513e-09	0.000000e+00	3.825952e-09
8.600000e+02	8.700000e+02	9.953839e-10	0.000000e+00	3.380919e-09
8.700000e+02	8.800000e+02	2.485483e-09	7.748080e-10	0.000000e+00
8.800000e+02	8.900000e+02	5.739381e-10	0.000000e+00	2.892873e-09
8.900000e+02	9.000000e+02	4.350900e-09	3.490536e-09	0.000000e+00
9.000000e+02	9.100000e+02	1.796632e-09	0.000000e+00	4.499729e-08
9.100000e+02	9.200000e+02	1.255977e-09	7.433593e-10	0.000000e+00
9.200000e+02	9.300000e+02	2.121067e-09	1.710840e-09	0.000000e+00
9.300000e+02	9.400000e+02	3.389778e-09	5.738648e-09	0.000000e+00
9.400000e+02	9.500000e+02	2.165897e-10	0.000000e+00	5.357210e-09
9.500000e+02	9.600000e+02	6.420860e-08	6.353439e-08	0.000000e+00
9.600000e+02	9.700000e+02	2.558085e-09	1.813254e-09	0.000000e+00
9.700000e+02	9.800000e+02	5.366705e-11	0.000000e+00	2.000885e-09
9.800000e+02	9.900000e+02	2.604242e-10	0.000000e+00	2.472127e-09
9.900000e+02	1.000000e+03	2.314121e-11	0.000000e+00	1.039081e-09
# END HISTO1D

