# BEGIN PLOT
RaiotPlotYMin=0.5
LegendOnly=//homes/tinghua1/higgs-anomalous/Herwig7/gcc11_install_test/plots/H-N2-N3-4-25gev-odd-combine.yoda/MC_H2JETS_04_INC/HT_jets //homes/tinghua1/higgs-anomalous/Herwig7/gcc11_install_test/plots/H2Jets-NLOPS-odd-combine.yoda/MC_H2JETS_04_INC/HT_jets //homes/tinghua1/higgs-anomalous/Herwig7/gcc11_install_test/plots/H2Jets-NLO-odd-combine.yoda/MC_H2JETS_04_INC/HT_jets
DrawOnly=//homes/tinghua1/higgs-anomalous/Herwig7/gcc11_install_test/plots/H-N2-N3-4-25gev-odd-combine.yoda/MC_H2JETS_04_INC/HT_jets //homes/tinghua1/higgs-anomalous/Herwig7/gcc11_install_test/plots/H2Jets-NLOPS-odd-combine.yoda/MC_H2JETS_04_INC/HT_jets //homes/tinghua1/higgs-anomalous/Herwig7/gcc11_install_test/plots/H2Jets-NLO-odd-combine.yoda/MC_H2JETS_04_INC/HT_jets
RightMargin=0.5
RatioPlotReference=//homes/tinghua1/higgs-anomalous/Herwig7/gcc11_install_test/plots/H-N2-N3-4-25gev-odd-combine.yoda/MC_H2JETS_04_INC/HT_jets
RatioPlot=1
LogY=1
RatioPlotYLabel=Ratio
XLabel=$H_{T}(\text{jets})$ (GeV)
LegendAlign=r
XMax=500.0
YLabel=$ \text{d} \sigma/ \text{d}  H_{T}(\text{jets})$ (pb/GeV)
RaiotPlotYMax=1.5
Legend=1
# END PLOT


# BEGIN SPECIAL /MC_H2JETS_04_INC/HT_jets
\rput[tl](0.05,0.75){\parbox{5cm}{\textcolor{gray}{{\bf Herwig 7.2.3} \\ VBFNLO 3.0.0}}}
# END SPECIAL

# BEGIN HISTO1D //homes/tinghua1/higgs-anomalous/Herwig7/gcc11_install_test/plots/H-N2-N3-4-25gev-odd-combine.yoda/MC_H2JETS_04_INC/HT_jets
ErrorBandColor=red
ErrorBandOpacity=0.3
ErrorBands=1
ErrorBars=1
ErrorType=env
LineColor=red
LineStyle=solid
Path=//homes/tinghua1/higgs-anomalous/Herwig7/gcc11_install_test/plots/H-N2-N3-4-25gev-odd-combine.yoda/MC_H2JETS_04_INC/HT_jets
RatioPlotSameStyle=1
Title=h(2*,3*,4)
# xlow	 xhigh	 val	 errminus	 errplus
0.000000e+00	4.000000e+01	0.000000e+00	0.000000e+00	0.000000e+00
4.000000e+01	8.000000e+01	1.013898e-04	0.000000e+00	1.778308e-05
8.000000e+01	1.200000e+02	5.651810e-04	0.000000e+00	3.051600e-05
1.200000e+02	1.600000e+02	1.084525e-03	0.000000e+00	1.402950e-05
1.600000e+02	2.000000e+02	1.418784e-03	1.727325e-05	0.000000e+00
2.000000e+02	2.400000e+02	1.525600e-03	3.813425e-05	0.000000e+00
2.400000e+02	2.800000e+02	1.477273e-03	3.924950e-05	0.000000e+00
2.800000e+02	3.200000e+02	1.350377e-03	4.299500e-05	0.000000e+00
3.200000e+02	3.600000e+02	1.186208e-03	3.337075e-05	0.000000e+00
3.600000e+02	4.000000e+02	1.028802e-03	3.945150e-05	0.000000e+00
4.000000e+02	4.400000e+02	8.803142e-04	4.144300e-05	0.000000e+00
4.400000e+02	4.800000e+02	7.371878e-04	2.595325e-05	0.000000e+00
4.800000e+02	5.200000e+02	6.182272e-04	1.644325e-05	5.230000e-06
5.200000e+02	5.600000e+02	5.394905e-04	2.239650e-05	0.000000e+00
5.600000e+02	6.000000e+02	4.423730e-04	1.105525e-05	0.000000e+00
6.000000e+02	6.400000e+02	3.787327e-04	1.235250e-06	3.026500e-06
6.400000e+02	6.800000e+02	3.244070e-04	2.073800e-05	0.000000e+00
6.800000e+02	7.200000e+02	2.721000e-04	3.510000e-07	1.197875e-05
7.200000e+02	7.600000e+02	2.321521e-04	1.111377e-05	2.321350e-06
7.600000e+02	8.000000e+02	1.960469e-04	9.877575e-06	8.283925e-06
8.000000e+02	8.400000e+02	1.698530e-04	6.357850e-06	2.095875e-06
8.400000e+02	8.800000e+02	1.470334e-04	0.000000e+00	2.495925e-06
8.800000e+02	9.200000e+02	1.248711e-04	2.629400e-06	0.000000e+00
9.200000e+02	9.600000e+02	1.076673e-04	0.000000e+00	5.134150e-06
9.600000e+02	1.000000e+03	6.831640e-05	0.000000e+00	2.315715e-05
1.000000e+03	1.040000e+03	7.973250e-05	0.000000e+00	1.046925e-06
1.040000e+03	1.080000e+03	6.754652e-05	9.907500e-08	7.117750e-07
1.080000e+03	1.120000e+03	5.788905e-05	8.538775e-06	3.360250e-06
1.120000e+03	1.160000e+03	5.721793e-05	5.674250e-06	0.000000e+00
1.160000e+03	1.200000e+03	4.965155e-05	6.562400e-06	0.000000e+00
1.200000e+03	1.240000e+03	4.178322e-05	1.204623e-05	4.349875e-05
1.240000e+03	1.280000e+03	3.433920e-05	0.000000e+00	1.023575e-06
1.280000e+03	1.320000e+03	2.112146e-05	0.000000e+00	7.780465e-06
1.320000e+03	1.360000e+03	2.814263e-05	9.725603e-06	2.531500e-07
1.360000e+03	1.400000e+03	2.286982e-05	4.017542e-06	5.546925e-07
1.400000e+03	1.440000e+03	1.335739e-05	0.000000e+00	6.900092e-06
1.440000e+03	1.480000e+03	2.122823e-05	6.565355e-06	0.000000e+00
1.480000e+03	1.520000e+03	1.097066e-05	0.000000e+00	1.251262e-05
1.520000e+03	1.560000e+03	1.528220e-05	1.487425e-06	6.912800e-07
1.560000e+03	1.600000e+03	1.234265e-05	7.687475e-07	1.023558e-06
1.600000e+03	1.640000e+03	9.414047e-06	0.000000e+00	4.953510e-06
1.640000e+03	1.680000e+03	8.185778e-06	2.760575e-07	1.914640e-06
1.680000e+03	1.720000e+03	7.916490e-06	3.172848e-06	7.043525e-07
1.720000e+03	1.760000e+03	8.484245e-06	1.445228e-06	0.000000e+00
1.760000e+03	1.800000e+03	7.369935e-06	1.344655e-06	0.000000e+00
1.800000e+03	1.840000e+03	6.433945e-06	2.752207e-06	5.460625e-07
1.840000e+03	1.880000e+03	4.763275e-06	0.000000e+00	3.572607e-06
1.880000e+03	1.920000e+03	3.798162e-06	0.000000e+00	9.265950e-07
1.920000e+03	1.960000e+03	2.479978e-06	0.000000e+00	2.820405e-06
1.960000e+03	2.000000e+03	2.133255e-06	3.423117e-06	4.930777e-06
2.000000e+03	2.040000e+03	2.740105e-06	1.781150e-07	1.141850e-07
2.040000e+03	2.080000e+03	2.245159e-06	4.890600e-07	1.239264e-06
2.080000e+03	2.120000e+03	2.334874e-06	1.210787e-06	0.000000e+00
2.120000e+03	2.160000e+03	2.529492e-06	7.299255e-07	0.000000e+00
2.160000e+03	2.200000e+03	2.226079e-06	9.847148e-07	0.000000e+00
2.200000e+03	2.240000e+03	1.758914e-06	0.000000e+00	2.652478e-07
2.240000e+03	2.280000e+03	1.398791e-06	1.761070e-07	9.000860e-07
2.280000e+03	2.320000e+03	8.885070e-07	0.000000e+00	5.426115e-07
2.320000e+03	2.360000e+03	1.130207e-06	1.874950e-08	1.733772e-07
2.360000e+03	2.400000e+03	8.623143e-07	0.000000e+00	2.624610e-07
2.400000e+03	2.440000e+03	7.900520e-07	1.772105e-06	0.000000e+00
2.440000e+03	2.480000e+03	6.049737e-06	5.922437e-06	0.000000e+00
2.480000e+03	2.520000e+03	2.886407e-06	1.990976e-06	0.000000e+00
2.520000e+03	2.560000e+03	6.409980e-07	1.770622e-07	5.914075e-08
2.560000e+03	2.600000e+03	4.106300e-07	5.328932e-07	2.511297e-07
2.600000e+03	2.640000e+03	3.753660e-07	0.000000e+00	1.347168e-06
2.640000e+03	2.680000e+03	1.869532e-06	1.903161e-06	0.000000e+00
2.680000e+03	2.720000e+03	4.823098e-07	5.611166e-07	2.651125e-08
2.720000e+03	2.760000e+03	2.658540e-07	1.898647e-07	5.413250e-09
2.760000e+03	2.800000e+03	-3.123380e-07	1.629771e-06	7.733012e-07
2.800000e+03	2.840000e+03	3.545185e-07	5.144925e-08	1.370137e-06
2.840000e+03	2.880000e+03	4.658552e-07	3.794981e-07	0.000000e+00
2.880000e+03	2.920000e+03	3.782200e-07	1.651804e-07	0.000000e+00
2.920000e+03	2.960000e+03	2.444863e-07	5.445205e-08	0.000000e+00
2.960000e+03	3.000000e+03	3.873637e-07	7.580362e-07	0.000000e+00
3.000000e+03	3.040000e+03	2.114875e-07	2.210786e-07	0.000000e+00
3.040000e+03	3.080000e+03	7.954292e-08	3.616430e-08	9.274472e-08
3.080000e+03	3.120000e+03	1.039987e-07	0.000000e+00	1.839240e-07
3.120000e+03	3.160000e+03	2.986477e-07	1.233118e-07	0.000000e+00
3.160000e+03	3.200000e+03	1.992699e-07	2.111632e-07	1.659180e-08
3.200000e+03	3.240000e+03	9.786490e-08	7.488342e-08	0.000000e+00
3.240000e+03	3.280000e+03	4.939655e-08	0.000000e+00	5.270632e-07
3.280000e+03	3.320000e+03	1.007905e-07	4.426690e-08	1.219358e-07
3.320000e+03	3.360000e+03	-3.387765e-09	1.771207e-07	4.249632e-08
3.360000e+03	3.400000e+03	1.163616e-08	3.539648e-08	1.634871e-07
3.400000e+03	3.440000e+03	6.036765e-08	9.634342e-08	6.775575e-09
3.440000e+03	3.480000e+03	8.736363e-08	5.209200e-09	8.267935e-08
3.480000e+03	3.520000e+03	1.387765e-08	0.000000e+00	6.695580e-08
3.520000e+03	3.560000e+03	1.017200e-08	0.000000e+00	6.848233e-08
3.560000e+03	3.600000e+03	1.601565e-08	2.453920e-08	6.032811e-08
3.600000e+03	3.640000e+03	3.298662e-08	6.797175e-09	6.645688e-08
3.640000e+03	3.680000e+03	2.171150e-08	3.026141e-08	1.275363e-08
3.680000e+03	3.720000e+03	4.600207e-08	2.501504e-08	3.663050e-09
3.720000e+03	3.760000e+03	2.899277e-09	3.403780e-07	2.293460e-08
3.760000e+03	3.800000e+03	2.477510e-08	2.002960e-08	1.199850e-09
3.800000e+03	3.840000e+03	1.911466e-08	1.040628e-08	3.280424e-08
3.840000e+03	3.880000e+03	1.057250e-08	4.888694e-08	1.451665e-09
3.880000e+03	3.920000e+03	1.378244e-08	3.539137e-08	0.000000e+00
3.920000e+03	3.960000e+03	1.172190e-08	1.896047e-08	1.097667e-08
3.960000e+03	4.000000e+03	3.709070e-09	2.305234e-08	4.476971e-08
4.000000e+03	4.040000e+03	-3.608665e-09	0.000000e+00	7.430032e-09
4.040000e+03	4.080000e+03	2.926385e-09	3.192290e-09	1.537955e-08
4.080000e+03	4.120000e+03	2.225870e-09	1.928449e-09	1.372442e-08
4.120000e+03	4.160000e+03	6.460213e-09	2.201747e-08	6.501617e-09
4.160000e+03	4.200000e+03	1.032847e-08	9.660457e-09	0.000000e+00
4.200000e+03	4.240000e+03	7.257383e-10	0.000000e+00	1.078965e-08
4.240000e+03	4.280000e+03	5.615192e-09	1.408595e-08	0.000000e+00
4.280000e+03	4.320000e+03	4.137775e-09	2.453039e-09	0.000000e+00
4.320000e+03	4.360000e+03	6.429630e-09	5.920525e-10	4.041460e-09
4.360000e+03	4.400000e+03	3.868265e-08	3.289712e-08	0.000000e+00
4.400000e+03	4.440000e+03	1.773391e-09	1.439721e-09	2.820473e-08
4.440000e+03	4.480000e+03	-3.230375e-09	0.000000e+00	1.355010e-08
4.480000e+03	4.520000e+03	5.356985e-10	3.535398e-09	0.000000e+00
4.520000e+03	4.560000e+03	9.835930e-10	0.000000e+00	2.114698e-08
4.560000e+03	4.600000e+03	1.043783e-09	0.000000e+00	8.280064e-09
4.600000e+03	4.640000e+03	1.312634e-09	0.000000e+00	1.189968e-07
4.640000e+03	4.680000e+03	8.541810e-09	2.468072e-08	0.000000e+00
4.680000e+03	4.720000e+03	2.398744e-09	5.130600e-10	2.111908e-09
4.720000e+03	4.760000e+03	-1.608434e-08	0.000000e+00	1.955343e-08
4.760000e+03	4.800000e+03	1.623989e-09	6.439940e-10	0.000000e+00
4.800000e+03	4.840000e+03	1.111285e-09	2.657966e-09	1.013569e-09
4.840000e+03	4.880000e+03	1.398650e-09	1.313691e-09	0.000000e+00
4.880000e+03	4.920000e+03	-2.261771e-10	0.000000e+00	2.314312e-09
4.920000e+03	4.960000e+03	8.561200e-10	1.832153e-10	5.523223e-10
4.960000e+03	5.000000e+03	6.056090e-11	2.341107e-10	6.680381e-10
5.000000e+03	5.040000e+03	4.621305e-10	0.000000e+00	5.278880e-10
5.040000e+03	5.080000e+03	1.388231e-09	3.724279e-09	0.000000e+00
5.080000e+03	5.120000e+03	3.804895e-10	4.961648e-10	9.154175e-11
5.120000e+03	5.160000e+03	4.039545e-10	7.450060e-10	1.274521e-09
5.160000e+03	5.200000e+03	-3.132510e-10	0.000000e+00	1.324966e-09
5.200000e+03	5.240000e+03	5.373793e-10	3.387075e-10	0.000000e+00
5.240000e+03	5.280000e+03	2.630357e-10	6.531525e-10	6.541530e-10
5.280000e+03	5.320000e+03	5.392075e-09	7.212697e-09	0.000000e+00
5.320000e+03	5.360000e+03	1.729099e-10	4.530681e-10	0.000000e+00
5.360000e+03	5.400000e+03	2.096704e-10	0.000000e+00	6.390328e-10
5.400000e+03	5.440000e+03	-1.834567e-11	4.208331e-11	3.582794e-10
5.440000e+03	5.480000e+03	1.217642e-10	0.000000e+00	7.199783e-10
5.480000e+03	5.520000e+03	1.116438e-10	0.000000e+00	1.417887e-10
5.520000e+03	5.560000e+03	-2.627658e-10	0.000000e+00	2.306566e-09
5.560000e+03	5.600000e+03	4.418813e-11	8.992989e-10	1.224473e-10
5.600000e+03	5.640000e+03	2.496225e-10	1.084882e-08	0.000000e+00
5.640000e+03	5.680000e+03	1.186117e-10	1.111823e-10	4.279490e-11
5.680000e+03	5.720000e+03	-6.647087e-10	0.000000e+00	9.739185e-10
5.720000e+03	5.760000e+03	3.279745e-12	0.000000e+00	1.883522e-10
5.760000e+03	5.800000e+03	-1.921300e-10	0.000000e+00	4.497408e-10
5.800000e+03	5.840000e+03	2.854643e-11	2.809129e-11	2.448008e-11
5.840000e+03	5.880000e+03	-1.116303e-11	2.834137e-11	1.534916e-10
5.880000e+03	5.920000e+03	1.125352e-10	7.639607e-11	5.441563e-11
5.920000e+03	5.960000e+03	2.685823e-10	3.059214e-10	0.000000e+00
5.960000e+03	6.000000e+03	8.684715e-11	4.717462e-11	0.000000e+00
# END HISTO1D


# BEGIN HISTO1D //homes/tinghua1/higgs-anomalous/Herwig7/gcc11_install_test/plots/H2Jets-NLOPS-odd-combine.yoda/MC_H2JETS_04_INC/HT_jets
ErrorBandColor=green
ErrorBandOpacity=0.3
ErrorBands=1
ErrorBars=1
ErrorType=env
LineColor=green
LineStyle=solid
Path=//homes/tinghua1/higgs-anomalous/Herwig7/gcc11_install_test/plots/H2Jets-NLOPS-odd-combine.yoda/MC_H2JETS_04_INC/HT_jets
RatioPlotSameStyle=1
Title=h(2*) $\oplus$ PS
# xlow	 xhigh	 val	 errminus	 errplus
0.000000e+00	4.000000e+01	0.000000e+00	0.000000e+00	0.000000e+00
4.000000e+01	8.000000e+01	1.008740e-04	0.000000e+00	1.691032e-05
8.000000e+01	1.200000e+02	5.757117e-04	0.000000e+00	2.679175e-05
1.200000e+02	1.600000e+02	1.115614e-03	6.928000e-06	0.000000e+00
1.600000e+02	2.000000e+02	1.447067e-03	3.976375e-05	0.000000e+00
2.000000e+02	2.400000e+02	1.542641e-03	5.683500e-05	0.000000e+00
2.400000e+02	2.800000e+02	1.480196e-03	6.069875e-05	0.000000e+00
2.800000e+02	3.200000e+02	1.338610e-03	5.436375e-05	0.000000e+00
3.200000e+02	3.600000e+02	1.169787e-03	4.496650e-05	0.000000e+00
3.600000e+02	4.000000e+02	1.003916e-03	3.570550e-05	0.000000e+00
4.000000e+02	4.400000e+02	8.521590e-04	2.831875e-05	0.000000e+00
4.400000e+02	4.800000e+02	7.190582e-04	2.196325e-05	0.000000e+00
4.800000e+02	5.200000e+02	6.051365e-04	1.685000e-05	0.000000e+00
5.200000e+02	5.600000e+02	5.090955e-04	1.313800e-05	0.000000e+00
5.600000e+02	6.000000e+02	4.292250e-04	1.017875e-05	0.000000e+00
6.000000e+02	6.400000e+02	3.615118e-04	6.262500e-06	0.000000e+00
6.400000e+02	6.800000e+02	3.061890e-04	5.239000e-06	0.000000e+00
6.800000e+02	7.200000e+02	2.594452e-04	3.890750e-06	0.000000e+00
7.200000e+02	7.600000e+02	2.201403e-04	2.494450e-06	0.000000e+00
7.600000e+02	8.000000e+02	1.871384e-04	2.243900e-06	1.492025e-06
8.000000e+02	8.400000e+02	1.601097e-04	1.524950e-06	1.127500e-07
8.400000e+02	8.800000e+02	1.370148e-04	8.529750e-07	4.235500e-07
8.800000e+02	9.200000e+02	1.172191e-04	4.306750e-07	1.213725e-06
9.200000e+02	9.600000e+02	1.009460e-04	0.000000e+00	8.492000e-07
9.600000e+02	1.000000e+03	8.711787e-05	4.548250e-07	5.101500e-07
1.000000e+03	1.040000e+03	7.584232e-05	6.263250e-07	0.000000e+00
1.040000e+03	1.080000e+03	6.510797e-05	9.500000e-08	3.074250e-07
1.080000e+03	1.120000e+03	5.612352e-05	0.000000e+00	6.375500e-07
1.120000e+03	1.160000e+03	4.863210e-05	0.000000e+00	6.302250e-07
1.160000e+03	1.200000e+03	4.265480e-05	7.870000e-08	1.717500e-07
1.200000e+03	1.240000e+03	3.690402e-05	0.000000e+00	5.497250e-07
1.240000e+03	1.280000e+03	3.224072e-05	0.000000e+00	3.373500e-07
1.280000e+03	1.320000e+03	2.805798e-05	1.026500e-07	2.879000e-07
1.320000e+03	1.360000e+03	2.435865e-05	0.000000e+00	6.825475e-07
1.360000e+03	1.400000e+03	2.153087e-05	0.000000e+00	2.281250e-07
1.400000e+03	1.440000e+03	1.872372e-05	0.000000e+00	4.330775e-07
1.440000e+03	1.480000e+03	1.655010e-05	0.000000e+00	4.560925e-07
1.480000e+03	1.520000e+03	1.441542e-05	0.000000e+00	4.718600e-07
1.520000e+03	1.560000e+03	1.261492e-05	0.000000e+00	7.262275e-07
1.560000e+03	1.600000e+03	1.123681e-05	0.000000e+00	2.833375e-07
1.600000e+03	1.640000e+03	9.769980e-06	0.000000e+00	3.424100e-07
1.640000e+03	1.680000e+03	8.602453e-06	0.000000e+00	2.504100e-07
1.680000e+03	1.720000e+03	7.613625e-06	0.000000e+00	1.525225e-07
1.720000e+03	1.760000e+03	6.643213e-06	0.000000e+00	3.406075e-07
1.760000e+03	1.800000e+03	5.910032e-06	0.000000e+00	2.256350e-07
1.800000e+03	1.840000e+03	5.201715e-06	0.000000e+00	1.653500e-07
1.840000e+03	1.880000e+03	4.728525e-06	2.130250e-08	6.919250e-08
1.880000e+03	1.920000e+03	4.044408e-06	0.000000e+00	1.510825e-07
1.920000e+03	1.960000e+03	3.538525e-06	0.000000e+00	1.928525e-07
1.960000e+03	2.000000e+03	3.174687e-06	0.000000e+00	1.400675e-07
2.000000e+03	2.040000e+03	2.799762e-06	0.000000e+00	1.216450e-07
2.040000e+03	2.080000e+03	2.445934e-06	0.000000e+00	1.446487e-07
2.080000e+03	2.120000e+03	2.214359e-06	0.000000e+00	9.146400e-08
2.120000e+03	2.160000e+03	1.918374e-06	0.000000e+00	9.973825e-08
2.160000e+03	2.200000e+03	1.669305e-06	0.000000e+00	1.310390e-07
2.200000e+03	2.240000e+03	1.518830e-06	0.000000e+00	7.815150e-08
2.240000e+03	2.280000e+03	1.384038e-06	0.000000e+00	3.303450e-08
2.280000e+03	2.320000e+03	1.181621e-06	0.000000e+00	6.952200e-08
2.320000e+03	2.360000e+03	1.044347e-06	0.000000e+00	1.679817e-07
2.360000e+03	2.400000e+03	9.328358e-07	0.000000e+00	7.039025e-08
2.400000e+03	2.440000e+03	8.343217e-07	0.000000e+00	3.653900e-08
2.440000e+03	2.480000e+03	7.404487e-07	0.000000e+00	5.088425e-08
2.480000e+03	2.520000e+03	6.510775e-07	0.000000e+00	2.565425e-08
2.520000e+03	2.560000e+03	6.019245e-07	1.426375e-08	0.000000e+00
2.560000e+03	2.600000e+03	5.126768e-07	0.000000e+00	2.067175e-08
2.600000e+03	2.640000e+03	4.519858e-07	3.381000e-09	2.480400e-08
2.640000e+03	2.680000e+03	4.034570e-07	0.000000e+00	3.295200e-08
2.680000e+03	2.720000e+03	3.579212e-07	0.000000e+00	2.442100e-08
2.720000e+03	2.760000e+03	3.294585e-07	0.000000e+00	1.292050e-08
2.760000e+03	2.800000e+03	3.217955e-07	2.339075e-08	0.000000e+00
2.800000e+03	2.840000e+03	2.399859e-07	3.327575e-08	2.190610e-08
2.840000e+03	2.880000e+03	2.212105e-07	0.000000e+00	2.367107e-08
2.880000e+03	2.920000e+03	1.999241e-07	0.000000e+00	3.077972e-08
2.920000e+03	2.960000e+03	1.776959e-07	0.000000e+00	1.108115e-08
2.960000e+03	3.000000e+03	1.587729e-07	0.000000e+00	1.342967e-08
3.000000e+03	3.040000e+03	1.435383e-07	0.000000e+00	1.210555e-08
3.040000e+03	3.080000e+03	1.199465e-07	0.000000e+00	9.490950e-09
3.080000e+03	3.120000e+03	1.102779e-07	0.000000e+00	3.971600e-09
3.120000e+03	3.160000e+03	9.936848e-08	0.000000e+00	5.688330e-08
3.160000e+03	3.200000e+03	8.812113e-08	0.000000e+00	9.912375e-09
3.200000e+03	3.240000e+03	8.047692e-08	9.730000e-10	6.560750e-10
3.240000e+03	3.280000e+03	7.252555e-08	0.000000e+00	8.588050e-09
3.280000e+03	3.320000e+03	5.675977e-08	0.000000e+00	3.352900e-09
3.320000e+03	3.360000e+03	5.540333e-08	7.788500e-10	2.319622e-08
3.360000e+03	3.400000e+03	4.911810e-08	0.000000e+00	6.838025e-09
3.400000e+03	3.440000e+03	4.350903e-08	0.000000e+00	1.430725e-09
3.440000e+03	3.480000e+03	4.026200e-08	4.587250e-10	5.441500e-10
3.480000e+03	3.520000e+03	3.322775e-08	2.300350e-09	4.697775e-09
3.520000e+03	3.560000e+03	3.025153e-08	4.704500e-10	2.278925e-09
3.560000e+03	3.600000e+03	3.219215e-08	3.417225e-09	2.822500e-10
3.600000e+03	3.640000e+03	2.417965e-08	0.000000e+00	3.115375e-09
3.640000e+03	3.680000e+03	2.035322e-08	0.000000e+00	4.541137e-09
3.680000e+03	3.720000e+03	1.902307e-08	0.000000e+00	2.951045e-09
3.720000e+03	3.760000e+03	1.706193e-08	0.000000e+00	1.990285e-09
3.760000e+03	3.800000e+03	1.659499e-08	2.451005e-09	1.968075e-10
3.800000e+03	3.840000e+03	1.526678e-08	5.886100e-10	3.982978e-09
3.840000e+03	3.880000e+03	1.388377e-08	1.681578e-09	1.093182e-09
3.880000e+03	3.920000e+03	9.609753e-09	1.515350e-10	1.672625e-09
3.920000e+03	3.960000e+03	9.091790e-09	0.000000e+00	1.748245e-09
3.960000e+03	4.000000e+03	9.100370e-09	0.000000e+00	1.994198e-09
4.000000e+03	4.040000e+03	5.072855e-09	0.000000e+00	4.489398e-09
4.040000e+03	4.080000e+03	7.692245e-09	1.987605e-09	9.697850e-10
4.080000e+03	4.120000e+03	5.789553e-09	1.632100e-10	4.679205e-09
4.120000e+03	4.160000e+03	5.422027e-09	0.000000e+00	2.634873e-09
4.160000e+03	4.200000e+03	3.781608e-09	0.000000e+00	2.507108e-09
4.200000e+03	4.240000e+03	5.073143e-09	1.646232e-09	0.000000e+00
4.240000e+03	4.280000e+03	7.880928e-09	4.111698e-09	0.000000e+00
4.280000e+03	4.320000e+03	3.482522e-09	0.000000e+00	3.597375e-10
4.320000e+03	4.360000e+03	4.004485e-09	5.926125e-10	0.000000e+00
4.360000e+03	4.400000e+03	3.378477e-09	7.255700e-10	0.000000e+00
4.400000e+03	4.440000e+03	3.275538e-09	7.724725e-10	0.000000e+00
4.440000e+03	4.480000e+03	1.771250e-09	0.000000e+00	3.000190e-09
4.480000e+03	4.520000e+03	1.957309e-09	0.000000e+00	1.303619e-09
4.520000e+03	4.560000e+03	1.650984e-09	0.000000e+00	1.228571e-09
4.560000e+03	4.600000e+03	1.767569e-09	2.850665e-10	2.874468e-09
4.600000e+03	4.640000e+03	1.968798e-09	1.307645e-10	2.062295e-10
4.640000e+03	4.680000e+03	1.054960e-09	3.445715e-10	1.089946e-09
4.680000e+03	4.720000e+03	9.997687e-10	1.767500e-10	0.000000e+00
4.720000e+03	4.760000e+03	6.937460e-10	0.000000e+00	3.999375e-10
4.760000e+03	4.800000e+03	1.026115e-09	2.213183e-10	0.000000e+00
4.800000e+03	4.840000e+03	8.726978e-10	1.065912e-10	5.698850e-11
4.840000e+03	4.880000e+03	5.541183e-10	0.000000e+00	5.271705e-10
4.880000e+03	4.920000e+03	5.097940e-10	0.000000e+00	3.978378e-10
4.920000e+03	4.960000e+03	1.288266e-09	9.672322e-10	0.000000e+00
4.960000e+03	5.000000e+03	3.477325e-10	3.346720e-09	1.974180e-10
5.000000e+03	5.040000e+03	4.320170e-10	0.000000e+00	7.530425e-11
5.040000e+03	5.080000e+03	2.655520e-10	0.000000e+00	2.913810e-10
5.080000e+03	5.120000e+03	2.967583e-10	0.000000e+00	2.375572e-10
5.120000e+03	5.160000e+03	5.165945e-10	1.981673e-10	0.000000e+00
5.160000e+03	5.200000e+03	5.279163e-10	2.755118e-10	0.000000e+00
5.200000e+03	5.240000e+03	3.583165e-10	9.431525e-11	2.980050e-11
5.240000e+03	5.280000e+03	3.881233e-10	1.550269e-10	1.237120e-10
5.280000e+03	5.320000e+03	5.308347e-10	4.164166e-10	0.000000e+00
5.320000e+03	5.360000e+03	1.679918e-10	0.000000e+00	1.869527e-10
5.360000e+03	5.400000e+03	3.650675e-10	1.604787e-10	0.000000e+00
5.400000e+03	5.440000e+03	1.220575e-10	0.000000e+00	1.575598e-10
5.440000e+03	5.480000e+03	8.521150e-11	0.000000e+00	5.616485e-10
5.480000e+03	5.520000e+03	8.936925e-11	0.000000e+00	1.161371e-10
5.520000e+03	5.560000e+03	1.170264e-10	4.081682e-11	9.098978e-11
5.560000e+03	5.600000e+03	2.329521e-10	1.521795e-10	6.695412e-11
5.600000e+03	5.640000e+03	4.213232e-11	0.000000e+00	9.090690e-11
5.640000e+03	5.680000e+03	7.377507e-11	0.000000e+00	6.150560e-11
5.680000e+03	5.720000e+03	8.164027e-11	4.215120e-11	3.270378e-11
5.720000e+03	5.760000e+03	2.339204e-11	0.000000e+00	5.495309e-11
5.760000e+03	5.800000e+03	1.389396e-10	8.478668e-11	2.950952e-11
5.800000e+03	5.840000e+03	6.675322e-11	4.816349e-11	0.000000e+00
5.840000e+03	5.880000e+03	6.607578e-11	6.088591e-11	0.000000e+00
5.880000e+03	5.920000e+03	9.911520e-12	0.000000e+00	1.313613e-10
5.920000e+03	5.960000e+03	7.726290e-11	6.381898e-11	2.500015e-11
5.960000e+03	6.000000e+03	8.108733e-11	6.066186e-11	0.000000e+00
# END HISTO1D


# BEGIN HISTO1D //homes/tinghua1/higgs-anomalous/Herwig7/gcc11_install_test/plots/H2Jets-NLO-odd-combine.yoda/MC_H2JETS_04_INC/HT_jets
ErrorBandColor=orange
ErrorBandOpacity=0.3
ErrorBands=1
ErrorBars=1
ErrorType=env
LineColor=orange
LineStyle=solid
Path=//homes/tinghua1/higgs-anomalous/Herwig7/gcc11_install_test/plots/H2Jets-NLO-odd-combine.yoda/MC_H2JETS_04_INC/HT_jets
RatioPlotSameStyle=1
Title=h(2*)-FO
# xlow	 xhigh	 val	 errminus	 errplus
0.000000e+00	4.000000e+01	0.000000e+00	0.000000e+00	0.000000e+00
4.000000e+01	8.000000e+01	8.787773e-05	0.000000e+00	2.161050e-06
8.000000e+01	1.200000e+02	5.254380e-04	1.334900e-05	0.000000e+00
1.200000e+02	1.600000e+02	1.053454e-03	4.327075e-05	0.000000e+00
1.600000e+02	2.000000e+02	1.405305e-03	7.099000e-05	0.000000e+00
2.000000e+02	2.400000e+02	1.537192e-03	6.052450e-05	0.000000e+00
2.400000e+02	2.800000e+02	1.490886e-03	5.086600e-05	0.000000e+00
2.800000e+02	3.200000e+02	1.368866e-03	3.120350e-05	0.000000e+00
3.200000e+02	3.600000e+02	1.195448e-03	9.709750e-06	2.864500e-06
3.600000e+02	4.000000e+02	1.040393e-03	1.504475e-05	0.000000e+00
4.000000e+02	4.400000e+02	8.847115e-04	2.380125e-05	0.000000e+00
4.400000e+02	4.800000e+02	7.336788e-04	0.000000e+00	1.002575e-05
4.800000e+02	5.200000e+02	6.340570e-04	4.952500e-06	0.000000e+00
5.200000e+02	5.600000e+02	5.319968e-04	3.446500e-06	0.000000e+00
5.600000e+02	6.000000e+02	4.416482e-04	0.000000e+00	1.007000e-05
6.000000e+02	6.400000e+02	3.722407e-04	0.000000e+00	1.012175e-05
6.400000e+02	6.800000e+02	3.165287e-04	1.197000e-06	3.757500e-07
6.800000e+02	7.200000e+02	2.801697e-04	5.601750e-06	0.000000e+00
7.200000e+02	7.600000e+02	2.092416e-04	0.000000e+00	1.923510e-05
7.600000e+02	8.000000e+02	1.943091e-04	0.000000e+00	5.990450e-06
8.000000e+02	8.400000e+02	1.642652e-04	3.979550e-06	6.654150e-06
8.400000e+02	8.800000e+02	1.441314e-04	0.000000e+00	7.917800e-06
8.800000e+02	9.200000e+02	1.153088e-04	0.000000e+00	4.281575e-06
9.200000e+02	9.600000e+02	1.119142e-04	2.235465e-05	0.000000e+00
9.600000e+02	1.000000e+03	8.140845e-05	0.000000e+00	3.008607e-05
1.000000e+03	1.040000e+03	7.559758e-05	0.000000e+00	7.361425e-06
1.040000e+03	1.080000e+03	6.564155e-05	7.301750e-07	6.902350e-06
1.080000e+03	1.120000e+03	6.132650e-05	3.964050e-06	0.000000e+00
1.120000e+03	1.160000e+03	5.071062e-05	0.000000e+00	2.468300e-06
1.160000e+03	1.200000e+03	3.772860e-05	0.000000e+00	7.910775e-06
1.200000e+03	1.240000e+03	3.886200e-05	5.317175e-06	1.601900e-06
1.240000e+03	1.280000e+03	3.099895e-05	0.000000e+00	4.777900e-06
1.280000e+03	1.320000e+03	3.145238e-05	5.037375e-06	0.000000e+00
1.320000e+03	1.360000e+03	2.594178e-05	9.399750e-07	3.136000e-06
1.360000e+03	1.400000e+03	1.969534e-05	0.000000e+00	4.475888e-06
1.400000e+03	1.440000e+03	1.986501e-05	4.930400e-06	1.289583e-06
1.440000e+03	1.480000e+03	1.518776e-05	0.000000e+00	8.462640e-06
1.480000e+03	1.520000e+03	1.712752e-05	9.020170e-06	0.000000e+00
1.520000e+03	1.560000e+03	2.262524e-05	9.884640e-06	0.000000e+00
1.560000e+03	1.600000e+03	-1.948518e-06	0.000000e+00	1.408669e-05
1.600000e+03	1.640000e+03	9.672595e-06	0.000000e+00	2.421320e-06
1.640000e+03	1.680000e+03	5.861030e-06	0.000000e+00	3.286023e-06
1.680000e+03	1.720000e+03	1.203535e-05	4.128053e-06	0.000000e+00
1.720000e+03	1.760000e+03	6.813335e-06	2.874275e-07	4.966825e-07
1.760000e+03	1.800000e+03	5.698077e-06	2.277250e-08	3.124450e-07
1.800000e+03	1.840000e+03	5.428388e-06	2.005575e-07	1.103255e-06
1.840000e+03	1.880000e+03	3.764740e-06	0.000000e+00	2.214400e-06
1.880000e+03	1.920000e+03	3.914300e-06	2.124775e-07	7.103575e-07
1.920000e+03	1.960000e+03	3.738047e-06	2.113500e-08	5.062075e-07
1.960000e+03	2.000000e+03	2.446161e-06	0.000000e+00	1.534964e-06
2.000000e+03	2.040000e+03	2.702855e-06	3.167676e-06	0.000000e+00
2.040000e+03	2.080000e+03	2.382601e-06	0.000000e+00	4.216803e-06
2.080000e+03	2.120000e+03	2.542553e-06	5.060813e-07	0.000000e+00
2.120000e+03	2.160000e+03	2.712878e-06	7.343345e-07	0.000000e+00
2.160000e+03	2.200000e+03	1.613016e-06	1.033983e-07	3.474078e-07
2.200000e+03	2.240000e+03	1.562683e-06	1.432547e-07	0.000000e+00
2.240000e+03	2.280000e+03	2.051894e-06	7.396938e-07	0.000000e+00
2.280000e+03	2.320000e+03	5.826518e-07	0.000000e+00	7.925937e-07
2.320000e+03	2.360000e+03	9.285230e-07	0.000000e+00	1.218478e-06
2.360000e+03	2.400000e+03	9.195503e-07	9.558845e-07	0.000000e+00
2.400000e+03	2.440000e+03	7.939813e-07	4.189300e-08	1.384090e-07
2.440000e+03	2.480000e+03	5.235762e-07	0.000000e+00	4.662657e-07
2.480000e+03	2.520000e+03	6.404675e-07	3.184862e-07	7.480000e-09
2.520000e+03	2.560000e+03	7.498230e-07	2.554688e-07	6.968850e-08
2.560000e+03	2.600000e+03	3.844003e-07	1.319465e-07	2.501175e-07
2.600000e+03	2.640000e+03	4.902545e-07	1.913717e-07	0.000000e+00
2.640000e+03	2.680000e+03	1.142891e-07	0.000000e+00	5.473304e-07
2.680000e+03	2.720000e+03	5.018510e-07	2.364370e-07	2.272352e-07
2.720000e+03	2.760000e+03	2.236648e-07	0.000000e+00	1.937275e-07
2.760000e+03	2.800000e+03	4.437127e-07	2.039411e-07	0.000000e+00
2.800000e+03	2.840000e+03	2.441180e-07	0.000000e+00	8.231650e-08
2.840000e+03	2.880000e+03	3.072320e-07	8.955132e-08	0.000000e+00
2.880000e+03	2.920000e+03	1.594823e-07	0.000000e+00	1.484335e-07
2.920000e+03	2.960000e+03	1.612891e-07	1.579920e-08	3.219775e-09
2.960000e+03	3.000000e+03	1.322079e-07	0.000000e+00	1.817598e-07
3.000000e+03	3.040000e+03	8.172050e-08	1.289360e-07	1.152448e-07
3.040000e+03	3.080000e+03	1.694585e-07	6.000110e-08	6.851675e-09
3.080000e+03	3.120000e+03	1.343760e-07	5.495858e-08	0.000000e+00
3.120000e+03	3.160000e+03	1.067410e-07	2.058408e-08	3.417885e-08
3.160000e+03	3.200000e+03	9.566260e-08	1.507317e-08	9.887225e-09
3.200000e+03	3.240000e+03	5.332007e-08	0.000000e+00	6.518945e-08
3.240000e+03	3.280000e+03	6.090882e-08	1.622168e-07	5.899825e-09
3.280000e+03	3.320000e+03	6.182517e-08	1.769850e-09	1.813413e-07
3.320000e+03	3.360000e+03	4.693233e-08	1.417820e-08	2.036184e-07
3.360000e+03	3.400000e+03	4.779810e-08	2.618069e-07	0.000000e+00
3.400000e+03	3.440000e+03	3.556200e-08	0.000000e+00	8.173260e-08
3.440000e+03	3.480000e+03	2.792675e-08	0.000000e+00	8.987640e-08
3.480000e+03	3.520000e+03	2.929405e-08	6.973998e-08	5.794500e-10
3.520000e+03	3.560000e+03	3.023498e-08	3.219850e-09	3.048000e-09
3.560000e+03	3.600000e+03	1.640754e-08	0.000000e+00	2.153383e-08
3.600000e+03	3.640000e+03	2.186107e-08	4.050198e-09	5.340602e-09
3.640000e+03	3.680000e+03	1.777360e-08	6.893950e-10	3.040880e-09
3.680000e+03	3.720000e+03	2.501063e-08	5.150298e-09	0.000000e+00
3.720000e+03	3.760000e+03	1.468568e-08	1.110483e-07	1.967397e-09
3.760000e+03	3.800000e+03	1.775655e-08	0.000000e+00	1.045740e-07
3.800000e+03	3.840000e+03	1.363083e-08	3.426583e-08	0.000000e+00
3.840000e+03	3.880000e+03	1.885834e-08	1.389564e-08	0.000000e+00
3.880000e+03	3.920000e+03	-1.177486e-09	0.000000e+00	1.919176e-08
3.920000e+03	3.960000e+03	2.612930e-09	0.000000e+00	1.169630e-08
3.960000e+03	4.000000e+03	1.429779e-08	6.694555e-09	0.000000e+00
4.000000e+03	4.040000e+03	8.822112e-09	2.391487e-09	0.000000e+00
4.040000e+03	4.080000e+03	5.090745e-09	2.323802e-09	4.895000e-10
4.080000e+03	4.120000e+03	6.516350e-09	8.119860e-09	0.000000e+00
4.120000e+03	4.160000e+03	3.071188e-09	0.000000e+00	3.449998e-09
4.160000e+03	4.200000e+03	2.310965e-09	0.000000e+00	2.012055e-09
4.200000e+03	4.240000e+03	6.576387e-09	3.024250e-10	6.471027e-09
4.240000e+03	4.280000e+03	3.314040e-09	1.281800e-10	2.644703e-09
4.280000e+03	4.320000e+03	4.056010e-09	0.000000e+00	3.242875e-09
4.320000e+03	4.360000e+03	2.505722e-09	5.356772e-09	1.827325e-10
4.360000e+03	4.400000e+03	2.658750e-09	0.000000e+00	5.749683e-09
4.400000e+03	4.440000e+03	3.363750e-09	8.646840e-10	3.249917e-08
4.440000e+03	4.480000e+03	4.125318e-09	3.661639e-08	0.000000e+00
4.480000e+03	4.520000e+03	1.349947e-09	1.507352e-09	9.385677e-10
4.520000e+03	4.560000e+03	1.284732e-09	3.819725e-11	3.530448e-10
4.560000e+03	4.600000e+03	8.778078e-10	1.867175e-10	1.086771e-09
4.600000e+03	4.640000e+03	1.101411e-09	2.805361e-09	1.553714e-09
4.640000e+03	4.680000e+03	1.716475e-09	2.486104e-09	0.000000e+00
4.680000e+03	4.720000e+03	1.153256e-09	5.087047e-10	3.517715e-10
4.720000e+03	4.760000e+03	9.679020e-10	1.801567e-10	0.000000e+00
4.760000e+03	4.800000e+03	1.982854e-09	2.540693e-09	4.163588e-09
4.800000e+03	4.840000e+03	3.908058e-10	4.392151e-09	1.412935e-09
4.840000e+03	4.880000e+03	7.527885e-10	3.745077e-10	5.723014e-09
4.880000e+03	4.920000e+03	8.617970e-10	4.658333e-10	8.335717e-10
4.920000e+03	4.960000e+03	1.614911e-10	0.000000e+00	5.406517e-10
4.960000e+03	5.000000e+03	3.152405e-10	1.200433e-10	1.690402e-10
5.000000e+03	5.040000e+03	2.922355e-10	3.557200e-11	0.000000e+00
5.040000e+03	5.080000e+03	4.938628e-10	0.000000e+00	2.543847e-10
5.080000e+03	5.120000e+03	1.534220e-10	1.214468e-10	7.118490e-11
5.120000e+03	5.160000e+03	1.678731e-10	0.000000e+00	3.518407e-10
5.160000e+03	5.200000e+03	1.496634e-10	4.557606e-10	7.383433e-11
5.200000e+03	5.240000e+03	-3.473687e-10	0.000000e+00	5.513559e-10
5.240000e+03	5.280000e+03	-1.490351e-10	0.000000e+00	3.663031e-10
5.280000e+03	5.320000e+03	2.328327e-10	1.013533e-10	1.434090e-10
5.320000e+03	5.360000e+03	2.544218e-10	1.746000e-12	7.521990e-10
5.360000e+03	5.400000e+03	1.830538e-10	1.123740e-10	9.003797e-11
5.400000e+03	5.440000e+03	1.537490e-10	5.403047e-11	0.000000e+00
5.440000e+03	5.480000e+03	1.163440e-09	1.060429e-09	0.000000e+00
5.480000e+03	5.520000e+03	3.130575e-10	2.510779e-10	0.000000e+00
5.520000e+03	5.560000e+03	6.344850e-11	0.000000e+00	5.729578e-11
5.560000e+03	5.600000e+03	1.768407e-11	0.000000e+00	5.131053e-11
5.600000e+03	5.640000e+03	1.922268e-10	1.267684e-10	0.000000e+00
5.640000e+03	5.680000e+03	5.387452e-11	9.657825e-11	7.881175e-12
5.680000e+03	5.720000e+03	4.141108e-11	6.865653e-11	0.000000e+00
5.720000e+03	5.760000e+03	1.620437e-10	7.731000e-11	0.000000e+00
5.760000e+03	5.800000e+03	1.681194e-11	0.000000e+00	1.703928e-10
5.800000e+03	5.840000e+03	2.111949e-10	1.874971e-10	0.000000e+00
5.840000e+03	5.880000e+03	1.270082e-10	5.034627e-11	0.000000e+00
5.880000e+03	5.920000e+03	1.270299e-10	2.458463e-10	0.000000e+00
5.920000e+03	5.960000e+03	6.149242e-11	2.937625e-11	2.795770e-11
5.960000e+03	6.000000e+03	1.521197e-11	2.058194e-11	2.358641e-11
# END HISTO1D

