# BEGIN PLOT
LegendOnly=//homes/tinghua1/higgs-anomalous/Herwig7/gcc11_install_test/plots/H-N2-N3-4-25gev-odd-combine.yoda/MC_H2JETS_04_INC/j3j4_mass //homes/tinghua1/higgs-anomalous/Herwig7/gcc11_install_test/plots/H2Jets-NLOPS-odd-combine.yoda/MC_H2JETS_04_INC/j3j4_mass //homes/tinghua1/higgs-anomalous/Herwig7/gcc11_install_test/plots/H2Jets-NLO-odd-combine.yoda/MC_H2JETS_04_INC/j3j4_mass
DrawOnly=//homes/tinghua1/higgs-anomalous/Herwig7/gcc11_install_test/plots/H-N2-N3-4-25gev-odd-combine.yoda/MC_H2JETS_04_INC/j3j4_mass //homes/tinghua1/higgs-anomalous/Herwig7/gcc11_install_test/plots/H2Jets-NLOPS-odd-combine.yoda/MC_H2JETS_04_INC/j3j4_mass //homes/tinghua1/higgs-anomalous/Herwig7/gcc11_install_test/plots/H2Jets-NLO-odd-combine.yoda/MC_H2JETS_04_INC/j3j4_mass
RightMargin=0.5
RatioPlotReference=//homes/tinghua1/higgs-anomalous/Herwig7/gcc11_install_test/plots/H-N2-N3-4-25gev-odd-combine.yoda/MC_H2JETS_04_INC/j3j4_mass
RatioPlot=1
LogY=1
RatioPlotYMax=2.0
RatioPlotYLabel=Ratio
XLabel=$m_{j_3j_4}$ (GeV)
LegendAlign=r
XMax=1000
YLabel=$ \text{d} \sigma/ \text{d}  m_{j_3j_4}$ (pb/GeV)
Legend=1
RatioPlotYMin=0.0
# END PLOT


# BEGIN SPECIAL /MC_H2JETS_04_INC/j3j4_mass
\rput[tl](0.05,0.75){\parbox{5cm}{\textcolor{gray}{{\bf Herwig 7.2.3} \\ VBFNLO 3.0.0}}}
# END SPECIAL

# BEGIN HISTO1D //homes/tinghua1/higgs-anomalous/Herwig7/gcc11_install_test/plots/H-N2-N3-4-25gev-odd-combine.yoda/MC_H2JETS_04_INC/j3j4_mass
ErrorBandColor=red
ErrorBandOpacity=0.3
ErrorBands=1
ErrorBars=1
ErrorType=env
LineColor=red
LineStyle=solid
Path=//homes/tinghua1/higgs-anomalous/Herwig7/gcc11_install_test/plots/H-N2-N3-4-25gev-odd-combine.yoda/MC_H2JETS_04_INC/j3j4_mass
RatioPlotSameStyle=1
Title=h(2*,3*,4)
# xlow	 xhigh	 val	 errminus	 errplus
0.000000e+00	4.000000e+01	3.074543e-04	0.000000e+00	4.471775e-05
4.000000e+01	8.000000e+01	5.508763e-04	0.000000e+00	7.591350e-05
8.000000e+01	1.200000e+02	4.354923e-04	0.000000e+00	4.532550e-05
1.200000e+02	1.600000e+02	2.872335e-04	0.000000e+00	3.701500e-05
1.600000e+02	2.000000e+02	2.002178e-04	0.000000e+00	7.104047e-05
2.000000e+02	2.400000e+02	1.439853e-04	0.000000e+00	1.001918e-05
2.400000e+02	2.800000e+02	1.158261e-04	0.000000e+00	1.880403e-05
2.800000e+02	3.200000e+02	9.099393e-05	0.000000e+00	1.148710e-05
3.200000e+02	3.600000e+02	7.623615e-05	0.000000e+00	7.238450e-06
3.600000e+02	4.000000e+02	6.266092e-05	0.000000e+00	7.764450e-06
4.000000e+02	4.400000e+02	5.429882e-05	0.000000e+00	7.566950e-06
4.400000e+02	4.800000e+02	4.636322e-05	2.302650e-06	4.628600e-06
4.800000e+02	5.200000e+02	3.889823e-05	0.000000e+00	1.987875e-06
5.200000e+02	5.600000e+02	3.243547e-05	0.000000e+00	5.639775e-06
5.600000e+02	6.000000e+02	2.855942e-05	3.004375e-06	2.731725e-06
6.000000e+02	6.400000e+02	2.328847e-05	0.000000e+00	6.463082e-06
6.400000e+02	6.800000e+02	2.247595e-05	3.157750e-08	1.686968e-06
6.800000e+02	7.200000e+02	1.836915e-05	0.000000e+00	2.420750e-06
7.200000e+02	7.600000e+02	1.010873e-05	0.000000e+00	1.050796e-05
7.600000e+02	8.000000e+02	1.475143e-05	0.000000e+00	9.814350e-07
8.000000e+02	8.400000e+02	1.307280e-05	3.599032e-06	1.169665e-06
8.400000e+02	8.800000e+02	1.110537e-05	0.000000e+00	1.792970e-06
8.800000e+02	9.200000e+02	9.657840e-06	0.000000e+00	2.389865e-06
9.200000e+02	9.600000e+02	9.329828e-06	6.220525e-07	0.000000e+00
9.600000e+02	1.000000e+03	7.457410e-06	0.000000e+00	1.286465e-06
1.000000e+03	1.040000e+03	6.674863e-06	0.000000e+00	7.047698e-06
1.040000e+03	1.080000e+03	6.298750e-06	0.000000e+00	1.770693e-06
1.080000e+03	1.120000e+03	5.268905e-06	0.000000e+00	9.578075e-07
1.120000e+03	1.160000e+03	5.027537e-06	1.143450e-07	9.301500e-08
1.160000e+03	1.200000e+03	4.350718e-06	0.000000e+00	4.802000e-07
1.200000e+03	1.240000e+03	3.805972e-06	0.000000e+00	7.808200e-07
1.240000e+03	1.280000e+03	3.187045e-06	0.000000e+00	8.040450e-07
1.280000e+03	1.320000e+03	3.410128e-06	0.000000e+00	4.726800e-07
1.320000e+03	1.360000e+03	2.440095e-06	0.000000e+00	8.502325e-07
1.360000e+03	1.400000e+03	2.357913e-06	0.000000e+00	6.536717e-07
1.400000e+03	1.440000e+03	2.053892e-06	0.000000e+00	9.934060e-07
1.440000e+03	1.480000e+03	2.249782e-06	2.156275e-08	1.203383e-07
1.480000e+03	1.520000e+03	1.619716e-06	0.000000e+00	5.733530e-07
1.520000e+03	1.560000e+03	1.528590e-06	0.000000e+00	5.356050e-07
1.560000e+03	1.600000e+03	1.588167e-06	0.000000e+00	1.670940e-07
1.600000e+03	1.640000e+03	1.396171e-06	3.311800e-06	0.000000e+00
1.640000e+03	1.680000e+03	7.712740e-07	0.000000e+00	8.116463e-07
1.680000e+03	1.720000e+03	1.139528e-06	0.000000e+00	2.492075e-07
1.720000e+03	1.760000e+03	9.621045e-07	0.000000e+00	3.348640e-07
1.760000e+03	1.800000e+03	8.971100e-07	1.163390e-07	1.253383e-07
1.800000e+03	1.840000e+03	9.555193e-07	2.832600e-07	8.971350e-08
1.840000e+03	1.880000e+03	8.092690e-07	0.000000e+00	2.271950e-08
1.880000e+03	1.920000e+03	6.133970e-07	0.000000e+00	2.433385e-07
1.920000e+03	1.960000e+03	6.148387e-07	0.000000e+00	6.206100e-08
1.960000e+03	2.000000e+03	4.681035e-07	0.000000e+00	2.066833e-07
2.000000e+03	2.040000e+03	4.467047e-07	8.245275e-08	2.555225e-07
2.040000e+03	2.080000e+03	5.070418e-07	5.157525e-08	1.152750e-09
2.080000e+03	2.120000e+03	4.281318e-07	0.000000e+00	1.241605e-07
2.120000e+03	2.160000e+03	3.963780e-07	1.200343e-07	0.000000e+00
2.160000e+03	2.200000e+03	5.056615e-07	1.094153e-07	0.000000e+00
2.200000e+03	2.240000e+03	3.197542e-07	0.000000e+00	6.225975e-08
2.240000e+03	2.280000e+03	2.886927e-07	4.744402e-08	6.245100e-08
2.280000e+03	2.320000e+03	4.531687e-07	1.844897e-07	0.000000e+00
2.320000e+03	2.360000e+03	1.767363e-07	0.000000e+00	9.606645e-08
2.360000e+03	2.400000e+03	2.614450e-07	3.532093e-08	2.116250e-09
2.400000e+03	2.440000e+03	1.753876e-07	0.000000e+00	1.048029e-07
2.440000e+03	2.480000e+03	1.494862e-07	0.000000e+00	4.692135e-08
2.480000e+03	2.520000e+03	1.741486e-07	0.000000e+00	1.152542e-07
2.520000e+03	2.560000e+03	1.637500e-07	5.688500e-09	3.659245e-08
2.560000e+03	2.600000e+03	1.416199e-07	0.000000e+00	3.178000e-08
2.600000e+03	2.640000e+03	1.522115e-07	0.000000e+00	8.215115e-08
2.640000e+03	2.680000e+03	1.203554e-07	0.000000e+00	3.944465e-08
2.680000e+03	2.720000e+03	1.094637e-07	0.000000e+00	5.304190e-08
2.720000e+03	2.760000e+03	3.090882e-08	0.000000e+00	7.959260e-08
2.760000e+03	2.800000e+03	6.019635e-08	0.000000e+00	8.916500e-08
2.800000e+03	2.840000e+03	1.092879e-07	2.290820e-08	5.909500e-10
2.840000e+03	2.880000e+03	7.456555e-08	1.176270e-08	1.056131e-07
2.880000e+03	2.920000e+03	7.573922e-08	6.281750e-09	8.167300e-09
2.920000e+03	2.960000e+03	6.066447e-08	7.617250e-10	2.159202e-08
2.960000e+03	3.000000e+03	-3.967055e-09	0.000000e+00	7.099848e-08
3.000000e+03	3.040000e+03	4.876838e-08	0.000000e+00	2.108235e-08
3.040000e+03	3.080000e+03	4.252140e-08	0.000000e+00	1.841680e-08
3.080000e+03	3.120000e+03	4.114920e-08	0.000000e+00	1.380173e-08
3.120000e+03	3.160000e+03	4.276695e-08	0.000000e+00	1.599260e-08
3.160000e+03	3.200000e+03	3.966428e-08	0.000000e+00	4.377075e-09
3.200000e+03	3.240000e+03	4.564830e-08	1.331900e-08	6.627418e-08
3.240000e+03	3.280000e+03	1.450177e-08	0.000000e+00	3.041823e-08
3.280000e+03	3.320000e+03	4.519975e-08	1.341883e-08	0.000000e+00
3.320000e+03	3.360000e+03	3.015018e-08	0.000000e+00	4.107075e-09
3.360000e+03	3.400000e+03	2.591802e-08	3.058042e-08	0.000000e+00
3.400000e+03	3.440000e+03	2.460601e-08	0.000000e+00	8.757562e-09
3.440000e+03	3.480000e+03	2.678225e-08	2.947610e-09	1.551098e-08
3.480000e+03	3.520000e+03	1.579612e-08	0.000000e+00	5.036685e-09
3.520000e+03	3.560000e+03	6.925798e-09	0.000000e+00	1.674095e-08
3.560000e+03	3.600000e+03	1.598426e-08	1.949202e-08	4.648247e-07
3.600000e+03	3.640000e+03	7.905920e-09	0.000000e+00	5.276251e-08
3.640000e+03	3.680000e+03	1.348496e-08	2.376845e-09	0.000000e+00
3.680000e+03	3.720000e+03	1.671054e-08	6.986628e-09	3.322062e-09
3.720000e+03	3.760000e+03	-3.078797e-09	0.000000e+00	2.178365e-08
3.760000e+03	3.800000e+03	1.225037e-08	2.976075e-09	1.204190e-09
3.800000e+03	3.840000e+03	1.068982e-08	0.000000e+00	1.886430e-09
3.840000e+03	3.880000e+03	8.100005e-09	0.000000e+00	4.374018e-09
3.880000e+03	3.920000e+03	1.690311e-08	6.326125e-09	1.297164e-08
3.920000e+03	3.960000e+03	2.128755e-09	0.000000e+00	9.348763e-09
3.960000e+03	4.000000e+03	7.725003e-09	4.099198e-09	7.144900e-10
4.000000e+03	4.040000e+03	6.266833e-09	1.394975e-09	3.591150e-10
4.040000e+03	4.080000e+03	5.998335e-09	0.000000e+00	1.021392e-09
4.080000e+03	4.120000e+03	3.268503e-09	0.000000e+00	4.761025e-09
4.120000e+03	4.160000e+03	6.185052e-09	4.812750e-11	1.423880e-09
4.160000e+03	4.200000e+03	9.180733e-09	4.728712e-09	0.000000e+00
4.200000e+03	4.240000e+03	4.068742e-09	0.000000e+00	2.486855e-09
4.240000e+03	4.280000e+03	3.608852e-09	0.000000e+00	2.972665e-09
4.280000e+03	4.320000e+03	3.182098e-09	7.796288e-10	9.912500e-10
4.320000e+03	4.360000e+03	4.815570e-09	2.075555e-09	8.090450e-10
4.360000e+03	4.400000e+03	3.359370e-09	1.867875e-09	4.273375e-10
4.400000e+03	4.440000e+03	3.442808e-09	1.031618e-09	5.260400e-10
4.440000e+03	4.480000e+03	2.455762e-09	0.000000e+00	1.614701e-09
4.480000e+03	4.520000e+03	2.542928e-09	0.000000e+00	2.273290e-09
4.520000e+03	4.560000e+03	1.905738e-09	4.209385e-10	7.965895e-10
4.560000e+03	4.600000e+03	1.842294e-09	1.281243e-09	2.610875e-10
4.600000e+03	4.640000e+03	1.261914e-09	8.839875e-11	1.103952e-09
4.640000e+03	4.680000e+03	1.825166e-09	0.000000e+00	8.611612e-10
4.680000e+03	4.720000e+03	1.577361e-09	0.000000e+00	5.930150e-10
4.720000e+03	4.760000e+03	1.653421e-09	7.642180e-10	0.000000e+00
4.760000e+03	4.800000e+03	6.293230e-10	2.110552e-09	7.822123e-10
4.800000e+03	4.840000e+03	2.672750e-09	1.525081e-09	0.000000e+00
4.840000e+03	4.880000e+03	1.350895e-09	2.790050e-10	1.837800e-10
4.880000e+03	4.920000e+03	1.010212e-09	1.522520e-10	3.111795e-10
4.920000e+03	4.960000e+03	7.455230e-10	0.000000e+00	4.194663e-10
4.960000e+03	5.000000e+03	1.264688e-09	7.044278e-10	8.876050e-11
5.000000e+03	5.040000e+03	1.048873e-09	1.684509e-09	1.557800e-11
5.040000e+03	5.080000e+03	4.911405e-10	0.000000e+00	4.000960e-10
5.080000e+03	5.120000e+03	6.919445e-10	1.104713e-09	1.953385e-10
5.120000e+03	5.160000e+03	1.129841e-09	1.049216e-09	0.000000e+00
5.160000e+03	5.200000e+03	5.013682e-10	0.000000e+00	1.250059e-09
5.200000e+03	5.240000e+03	8.294565e-10	6.360557e-10	4.607425e-11
5.240000e+03	5.280000e+03	1.978943e-09	1.367464e-09	0.000000e+00
5.280000e+03	5.320000e+03	1.017154e-09	3.810793e-10	5.050782e-10
5.320000e+03	5.360000e+03	3.980055e-10	0.000000e+00	4.413837e-10
5.360000e+03	5.400000e+03	3.299628e-10	6.923175e-11	6.231158e-10
5.400000e+03	5.440000e+03	-3.895488e-10	0.000000e+00	1.176256e-09
5.440000e+03	5.480000e+03	2.177097e-10	6.981105e-11	1.572843e-10
5.480000e+03	5.520000e+03	2.813850e-10	5.191161e-10	0.000000e+00
5.520000e+03	5.560000e+03	3.092022e-10	1.266945e-10	0.000000e+00
5.560000e+03	5.600000e+03	2.418034e-10	1.296356e-10	1.248111e-10
5.600000e+03	5.640000e+03	-1.147631e-10	0.000000e+00	9.151108e-10
5.640000e+03	5.680000e+03	1.858005e-10	0.000000e+00	6.672402e-11
5.680000e+03	5.720000e+03	1.738350e-10	0.000000e+00	1.292335e-10
5.720000e+03	5.760000e+03	1.505260e-10	8.918475e-12	3.963643e-10
5.760000e+03	5.800000e+03	7.434625e-11	0.000000e+00	3.345420e-10
5.800000e+03	5.840000e+03	2.151755e-10	3.462214e-10	5.849647e-11
5.840000e+03	5.880000e+03	1.468002e-10	6.185907e-10	0.000000e+00
5.880000e+03	5.920000e+03	2.254409e-10	5.207919e-10	1.515888e-10
5.920000e+03	5.960000e+03	3.652138e-10	4.079849e-10	0.000000e+00
5.960000e+03	6.000000e+03	7.196517e-11	0.000000e+00	2.370146e-10
# END HISTO1D


# BEGIN HISTO1D //homes/tinghua1/higgs-anomalous/Herwig7/gcc11_install_test/plots/H2Jets-NLOPS-odd-combine.yoda/MC_H2JETS_04_INC/j3j4_mass
ErrorBandColor=green
ErrorBandOpacity=0.3
ErrorBands=1
ErrorBars=1
ErrorType=env
LineColor=green
LineStyle=solid
Path=//homes/tinghua1/higgs-anomalous/Herwig7/gcc11_install_test/plots/H2Jets-NLOPS-odd-combine.yoda/MC_H2JETS_04_INC/j3j4_mass
RatioPlotSameStyle=1
Title=h(2*) $\oplus$ PS
# xlow	 xhigh	 val	 errminus	 errplus
0.000000e+00	4.000000e+01	2.348278e-04	0.000000e+00	7.190468e-05
4.000000e+01	8.000000e+01	3.868885e-04	0.000000e+00	1.220797e-04
8.000000e+01	1.200000e+02	2.842628e-04	0.000000e+00	8.387275e-05
1.200000e+02	1.600000e+02	1.884356e-04	0.000000e+00	5.625573e-05
1.600000e+02	2.000000e+02	1.325789e-04	0.000000e+00	4.086830e-05
2.000000e+02	2.400000e+02	9.878025e-05	0.000000e+00	3.150275e-05
2.400000e+02	2.800000e+02	7.694568e-05	0.000000e+00	2.524362e-05
2.800000e+02	3.200000e+02	6.154282e-05	0.000000e+00	2.083715e-05
3.200000e+02	3.600000e+02	5.013525e-05	0.000000e+00	1.713278e-05
3.600000e+02	4.000000e+02	4.150947e-05	0.000000e+00	1.447958e-05
4.000000e+02	4.400000e+02	3.485887e-05	0.000000e+00	1.204078e-05
4.400000e+02	4.800000e+02	2.931385e-05	0.000000e+00	1.080570e-05
4.800000e+02	5.200000e+02	2.487529e-05	0.000000e+00	9.115360e-06
5.200000e+02	5.600000e+02	2.117248e-05	0.000000e+00	7.852890e-06
5.600000e+02	6.000000e+02	1.831635e-05	0.000000e+00	6.685997e-06
6.000000e+02	6.400000e+02	1.578406e-05	0.000000e+00	5.749140e-06
6.400000e+02	6.800000e+02	1.355108e-05	0.000000e+00	5.296068e-06
6.800000e+02	7.200000e+02	1.183803e-05	0.000000e+00	4.543838e-06
7.200000e+02	7.600000e+02	1.022435e-05	0.000000e+00	3.949957e-06
7.600000e+02	8.000000e+02	9.049222e-06	0.000000e+00	3.452020e-06
8.000000e+02	8.400000e+02	7.920130e-06	0.000000e+00	3.037230e-06
8.400000e+02	8.800000e+02	6.871523e-06	0.000000e+00	2.743808e-06
8.800000e+02	9.200000e+02	6.111900e-06	0.000000e+00	2.295773e-06
9.200000e+02	9.600000e+02	5.526693e-06	0.000000e+00	1.904138e-06
9.600000e+02	1.000000e+03	4.781687e-06	0.000000e+00	1.749348e-06
1.000000e+03	1.040000e+03	4.215187e-06	0.000000e+00	1.689765e-06
1.040000e+03	1.080000e+03	3.727587e-06	0.000000e+00	1.467420e-06
1.080000e+03	1.120000e+03	3.311917e-06	0.000000e+00	1.373750e-06
1.120000e+03	1.160000e+03	2.968705e-06	0.000000e+00	1.153490e-06
1.160000e+03	1.200000e+03	2.635465e-06	0.000000e+00	1.097647e-06
1.200000e+03	1.240000e+03	2.341336e-06	0.000000e+00	9.643268e-07
1.240000e+03	1.280000e+03	2.083976e-06	0.000000e+00	8.435613e-07
1.280000e+03	1.320000e+03	1.861209e-06	0.000000e+00	8.088488e-07
1.320000e+03	1.360000e+03	1.681680e-06	0.000000e+00	6.803647e-07
1.360000e+03	1.400000e+03	1.512833e-06	0.000000e+00	6.652595e-07
1.400000e+03	1.440000e+03	1.306287e-06	0.000000e+00	6.118275e-07
1.440000e+03	1.480000e+03	1.204034e-06	0.000000e+00	5.014982e-07
1.480000e+03	1.520000e+03	1.095690e-06	0.000000e+00	4.414975e-07
1.520000e+03	1.560000e+03	9.699305e-07	0.000000e+00	4.526252e-07
1.560000e+03	1.600000e+03	9.004973e-07	0.000000e+00	3.636875e-07
1.600000e+03	1.640000e+03	8.157405e-07	0.000000e+00	3.239942e-07
1.640000e+03	1.680000e+03	7.537720e-07	0.000000e+00	2.664440e-07
1.680000e+03	1.720000e+03	6.569645e-07	0.000000e+00	2.797635e-07
1.720000e+03	1.760000e+03	6.090432e-07	0.000000e+00	2.358512e-07
1.760000e+03	1.800000e+03	5.434535e-07	0.000000e+00	2.292507e-07
1.800000e+03	1.840000e+03	4.929985e-07	0.000000e+00	1.915402e-07
1.840000e+03	1.880000e+03	4.397450e-07	0.000000e+00	1.706078e-07
1.880000e+03	1.920000e+03	3.891713e-07	0.000000e+00	1.726940e-07
1.920000e+03	1.960000e+03	3.617487e-07	0.000000e+00	1.578310e-07
1.960000e+03	2.000000e+03	3.308403e-07	0.000000e+00	1.293248e-07
2.000000e+03	2.040000e+03	2.986295e-07	0.000000e+00	1.418662e-07
2.040000e+03	2.080000e+03	2.722915e-07	0.000000e+00	1.137375e-07
2.080000e+03	2.120000e+03	2.433089e-07	0.000000e+00	1.173966e-07
2.120000e+03	2.160000e+03	2.384585e-07	0.000000e+00	7.979752e-08
2.160000e+03	2.200000e+03	2.045966e-07	0.000000e+00	8.966185e-08
2.200000e+03	2.240000e+03	1.945090e-07	0.000000e+00	7.982627e-08
2.240000e+03	2.280000e+03	1.639123e-07	0.000000e+00	7.275240e-08
2.280000e+03	2.320000e+03	1.605232e-07	0.000000e+00	7.353760e-08
2.320000e+03	2.360000e+03	1.334630e-07	0.000000e+00	6.996595e-08
2.360000e+03	2.400000e+03	1.238867e-07	0.000000e+00	6.800818e-08
2.400000e+03	2.440000e+03	1.137779e-07	0.000000e+00	6.844010e-08
2.440000e+03	2.480000e+03	1.051670e-07	0.000000e+00	5.043435e-08
2.480000e+03	2.520000e+03	9.828500e-08	0.000000e+00	4.969035e-08
2.520000e+03	2.560000e+03	9.370835e-08	0.000000e+00	3.897723e-08
2.560000e+03	2.600000e+03	8.434020e-08	0.000000e+00	3.753308e-08
2.600000e+03	2.640000e+03	7.994265e-08	0.000000e+00	3.077167e-08
2.640000e+03	2.680000e+03	7.067808e-08	0.000000e+00	2.962595e-08
2.680000e+03	2.720000e+03	6.092502e-08	0.000000e+00	3.162508e-08
2.720000e+03	2.760000e+03	6.166965e-08	0.000000e+00	1.923810e-08
2.760000e+03	2.800000e+03	5.688557e-08	0.000000e+00	1.872765e-08
2.800000e+03	2.840000e+03	5.089847e-08	0.000000e+00	1.799127e-08
2.840000e+03	2.880000e+03	4.043035e-08	0.000000e+00	2.390685e-08
2.880000e+03	2.920000e+03	4.089848e-08	0.000000e+00	1.447215e-08
2.920000e+03	2.960000e+03	3.754497e-08	0.000000e+00	1.681007e-08
2.960000e+03	3.000000e+03	3.419912e-08	0.000000e+00	1.685345e-08
3.000000e+03	3.040000e+03	3.280867e-08	0.000000e+00	1.303545e-08
3.040000e+03	3.080000e+03	2.662645e-08	0.000000e+00	1.512868e-08
3.080000e+03	3.120000e+03	2.708030e-08	0.000000e+00	1.410718e-08
3.120000e+03	3.160000e+03	1.501450e-08	0.000000e+00	1.713905e-08
3.160000e+03	3.200000e+03	2.030858e-08	0.000000e+00	1.006097e-08
3.200000e+03	3.240000e+03	1.949110e-08	0.000000e+00	1.166055e-08
3.240000e+03	3.280000e+03	1.639772e-08	0.000000e+00	8.013773e-09
3.280000e+03	3.320000e+03	1.822104e-08	0.000000e+00	7.024713e-09
3.320000e+03	3.360000e+03	1.483537e-08	0.000000e+00	6.813465e-09
3.360000e+03	3.400000e+03	1.628056e-08	0.000000e+00	6.856025e-09
3.400000e+03	3.440000e+03	1.174918e-08	0.000000e+00	6.919502e-09
3.440000e+03	3.480000e+03	1.273260e-08	0.000000e+00	5.759722e-09
3.480000e+03	3.520000e+03	1.223763e-08	0.000000e+00	4.178880e-09
3.520000e+03	3.560000e+03	9.363147e-09	0.000000e+00	7.199695e-09
3.560000e+03	3.600000e+03	9.394973e-09	0.000000e+00	2.951008e-09
3.600000e+03	3.640000e+03	7.754882e-09	0.000000e+00	4.124935e-09
3.640000e+03	3.680000e+03	7.460405e-09	0.000000e+00	4.585025e-09
3.680000e+03	3.720000e+03	6.250855e-09	0.000000e+00	4.291663e-09
3.720000e+03	3.760000e+03	6.730067e-09	0.000000e+00	3.374928e-09
3.760000e+03	3.800000e+03	6.092585e-09	0.000000e+00	1.763025e-09
3.800000e+03	3.840000e+03	5.930207e-09	0.000000e+00	1.833418e-09
3.840000e+03	3.880000e+03	5.683018e-09	0.000000e+00	1.582617e-09
3.880000e+03	3.920000e+03	4.197623e-09	0.000000e+00	7.990975e-10
3.920000e+03	3.960000e+03	4.331845e-09	0.000000e+00	1.886675e-09
3.960000e+03	4.000000e+03	4.061950e-09	0.000000e+00	1.597073e-09
4.000000e+03	4.040000e+03	3.436845e-09	0.000000e+00	1.758398e-09
4.040000e+03	4.080000e+03	3.248810e-09	0.000000e+00	1.327260e-09
4.080000e+03	4.120000e+03	2.941553e-09	0.000000e+00	2.142600e-09
4.120000e+03	4.160000e+03	2.737333e-09	5.583670e-10	1.429115e-09
4.160000e+03	4.200000e+03	2.960545e-09	0.000000e+00	1.220407e-09
4.200000e+03	4.240000e+03	2.309789e-09	0.000000e+00	1.847803e-09
4.240000e+03	4.280000e+03	1.832127e-09	2.228777e-10	9.368682e-10
4.280000e+03	4.320000e+03	1.774574e-09	0.000000e+00	9.532440e-10
4.320000e+03	4.360000e+03	1.812718e-09	0.000000e+00	4.429522e-10
4.360000e+03	4.400000e+03	1.720356e-09	0.000000e+00	1.596308e-10
4.400000e+03	4.440000e+03	1.306216e-09	0.000000e+00	1.143571e-09
4.440000e+03	4.480000e+03	1.520365e-09	0.000000e+00	6.704483e-10
4.480000e+03	4.520000e+03	9.599520e-10	0.000000e+00	1.219379e-09
4.520000e+03	4.560000e+03	1.052848e-09	0.000000e+00	6.234558e-10
4.560000e+03	4.600000e+03	1.349495e-09	6.162550e-11	1.678550e-10
4.600000e+03	4.640000e+03	1.150002e-09	1.416322e-10	2.266720e-10
4.640000e+03	4.680000e+03	9.443110e-10	1.224445e-10	3.075863e-10
4.680000e+03	4.720000e+03	8.702137e-10	0.000000e+00	1.151437e-09
4.720000e+03	4.760000e+03	8.658873e-10	8.058000e-12	1.089065e-10
4.760000e+03	4.800000e+03	5.063350e-10	0.000000e+00	6.540655e-10
4.800000e+03	4.840000e+03	5.141132e-10	0.000000e+00	3.035882e-10
4.840000e+03	4.880000e+03	5.760368e-10	0.000000e+00	5.393732e-10
4.880000e+03	4.920000e+03	8.053230e-10	1.199130e-10	1.241025e-11
4.920000e+03	4.960000e+03	6.539910e-10	1.179947e-10	2.131970e-10
4.960000e+03	5.000000e+03	3.906975e-10	0.000000e+00	6.338957e-10
5.000000e+03	5.040000e+03	8.482727e-10	1.985335e-10	0.000000e+00
5.040000e+03	5.080000e+03	5.502730e-10	8.372025e-11	3.627250e-12
5.080000e+03	5.120000e+03	2.257852e-10	0.000000e+00	1.929597e-10
5.120000e+03	5.160000e+03	2.955108e-10	0.000000e+00	7.394275e-11
5.160000e+03	5.200000e+03	2.831313e-10	0.000000e+00	2.217455e-10
5.200000e+03	5.240000e+03	2.852868e-10	0.000000e+00	4.472975e-10
5.240000e+03	5.280000e+03	2.190317e-10	0.000000e+00	1.427366e-09
5.280000e+03	5.320000e+03	4.749207e-10	1.818155e-10	0.000000e+00
5.320000e+03	5.360000e+03	1.772013e-10	0.000000e+00	2.579832e-10
5.360000e+03	5.400000e+03	9.904443e-11	1.398960e-10	7.520402e-11
5.400000e+03	5.440000e+03	2.638370e-10	7.497435e-11	5.247775e-11
5.440000e+03	5.480000e+03	2.088861e-10	8.272625e-11	2.692655e-11
5.480000e+03	5.520000e+03	1.506034e-10	0.000000e+00	1.590814e-10
5.520000e+03	5.560000e+03	2.564850e-10	9.633697e-11	0.000000e+00
5.560000e+03	5.600000e+03	8.243945e-11	1.013087e-11	1.569895e-11
5.600000e+03	5.640000e+03	2.602872e-10	5.962735e-11	0.000000e+00
5.640000e+03	5.680000e+03	4.960607e-11	0.000000e+00	8.111600e-11
5.680000e+03	5.720000e+03	4.188622e-11	0.000000e+00	9.992675e-11
5.720000e+03	5.760000e+03	1.040089e-10	5.367910e-11	0.000000e+00
5.760000e+03	5.800000e+03	4.541275e-11	0.000000e+00	1.882464e-10
5.800000e+03	5.840000e+03	1.404891e-10	0.000000e+00	2.110994e-10
5.840000e+03	5.880000e+03	5.328130e-11	0.000000e+00	8.692158e-11
5.880000e+03	5.920000e+03	4.468470e-11	0.000000e+00	7.300778e-11
5.920000e+03	5.960000e+03	2.109041e-11	0.000000e+00	7.909961e-11
5.960000e+03	6.000000e+03	3.383345e-11	0.000000e+00	5.097295e-11
# END HISTO1D


# BEGIN HISTO1D //homes/tinghua1/higgs-anomalous/Herwig7/gcc11_install_test/plots/H2Jets-NLO-odd-combine.yoda/MC_H2JETS_04_INC/j3j4_mass
ErrorBandColor=orange
ErrorBandOpacity=0.3
ErrorBands=1
ErrorBars=1
ErrorType=env
LineColor=orange
LineStyle=solid
Path=//homes/tinghua1/higgs-anomalous/Herwig7/gcc11_install_test/plots/H2Jets-NLO-odd-combine.yoda/MC_H2JETS_04_INC/j3j4_mass
RatioPlotSameStyle=1
Title=h(2*)-FO
# xlow	 xhigh	 val	 errminus	 errplus
0.000000e+00	4.000000e+01	0.000000e+00	0.000000e+00	0.000000e+00
4.000000e+01	8.000000e+01	0.000000e+00	0.000000e+00	0.000000e+00
8.000000e+01	1.200000e+02	0.000000e+00	0.000000e+00	0.000000e+00
1.200000e+02	1.600000e+02	0.000000e+00	0.000000e+00	0.000000e+00
1.600000e+02	2.000000e+02	0.000000e+00	0.000000e+00	0.000000e+00
2.000000e+02	2.400000e+02	0.000000e+00	0.000000e+00	0.000000e+00
2.400000e+02	2.800000e+02	0.000000e+00	0.000000e+00	0.000000e+00
2.800000e+02	3.200000e+02	0.000000e+00	0.000000e+00	0.000000e+00
3.200000e+02	3.600000e+02	0.000000e+00	0.000000e+00	0.000000e+00
3.600000e+02	4.000000e+02	0.000000e+00	0.000000e+00	0.000000e+00
4.000000e+02	4.400000e+02	0.000000e+00	0.000000e+00	0.000000e+00
4.400000e+02	4.800000e+02	0.000000e+00	0.000000e+00	0.000000e+00
4.800000e+02	5.200000e+02	0.000000e+00	0.000000e+00	0.000000e+00
5.200000e+02	5.600000e+02	0.000000e+00	0.000000e+00	0.000000e+00
5.600000e+02	6.000000e+02	0.000000e+00	0.000000e+00	0.000000e+00
6.000000e+02	6.400000e+02	0.000000e+00	0.000000e+00	0.000000e+00
6.400000e+02	6.800000e+02	0.000000e+00	0.000000e+00	0.000000e+00
6.800000e+02	7.200000e+02	0.000000e+00	0.000000e+00	0.000000e+00
7.200000e+02	7.600000e+02	0.000000e+00	0.000000e+00	0.000000e+00
7.600000e+02	8.000000e+02	0.000000e+00	0.000000e+00	0.000000e+00
8.000000e+02	8.400000e+02	0.000000e+00	0.000000e+00	0.000000e+00
8.400000e+02	8.800000e+02	0.000000e+00	0.000000e+00	0.000000e+00
8.800000e+02	9.200000e+02	0.000000e+00	0.000000e+00	0.000000e+00
9.200000e+02	9.600000e+02	0.000000e+00	0.000000e+00	0.000000e+00
9.600000e+02	1.000000e+03	0.000000e+00	0.000000e+00	0.000000e+00
1.000000e+03	1.040000e+03	0.000000e+00	0.000000e+00	0.000000e+00
1.040000e+03	1.080000e+03	0.000000e+00	0.000000e+00	0.000000e+00
1.080000e+03	1.120000e+03	0.000000e+00	0.000000e+00	0.000000e+00
1.120000e+03	1.160000e+03	0.000000e+00	0.000000e+00	0.000000e+00
1.160000e+03	1.200000e+03	0.000000e+00	0.000000e+00	0.000000e+00
1.200000e+03	1.240000e+03	0.000000e+00	0.000000e+00	0.000000e+00
1.240000e+03	1.280000e+03	0.000000e+00	0.000000e+00	0.000000e+00
1.280000e+03	1.320000e+03	0.000000e+00	0.000000e+00	0.000000e+00
1.320000e+03	1.360000e+03	0.000000e+00	0.000000e+00	0.000000e+00
1.360000e+03	1.400000e+03	0.000000e+00	0.000000e+00	0.000000e+00
1.400000e+03	1.440000e+03	0.000000e+00	0.000000e+00	0.000000e+00
1.440000e+03	1.480000e+03	0.000000e+00	0.000000e+00	0.000000e+00
1.480000e+03	1.520000e+03	0.000000e+00	0.000000e+00	0.000000e+00
1.520000e+03	1.560000e+03	0.000000e+00	0.000000e+00	0.000000e+00
1.560000e+03	1.600000e+03	0.000000e+00	0.000000e+00	0.000000e+00
1.600000e+03	1.640000e+03	0.000000e+00	0.000000e+00	0.000000e+00
1.640000e+03	1.680000e+03	0.000000e+00	0.000000e+00	0.000000e+00
1.680000e+03	1.720000e+03	0.000000e+00	0.000000e+00	0.000000e+00
1.720000e+03	1.760000e+03	0.000000e+00	0.000000e+00	0.000000e+00
1.760000e+03	1.800000e+03	0.000000e+00	0.000000e+00	0.000000e+00
1.800000e+03	1.840000e+03	0.000000e+00	0.000000e+00	0.000000e+00
1.840000e+03	1.880000e+03	0.000000e+00	0.000000e+00	0.000000e+00
1.880000e+03	1.920000e+03	0.000000e+00	0.000000e+00	0.000000e+00
1.920000e+03	1.960000e+03	0.000000e+00	0.000000e+00	0.000000e+00
1.960000e+03	2.000000e+03	0.000000e+00	0.000000e+00	0.000000e+00
2.000000e+03	2.040000e+03	0.000000e+00	0.000000e+00	0.000000e+00
2.040000e+03	2.080000e+03	0.000000e+00	0.000000e+00	0.000000e+00
2.080000e+03	2.120000e+03	0.000000e+00	0.000000e+00	0.000000e+00
2.120000e+03	2.160000e+03	0.000000e+00	0.000000e+00	0.000000e+00
2.160000e+03	2.200000e+03	0.000000e+00	0.000000e+00	0.000000e+00
2.200000e+03	2.240000e+03	0.000000e+00	0.000000e+00	0.000000e+00
2.240000e+03	2.280000e+03	0.000000e+00	0.000000e+00	0.000000e+00
2.280000e+03	2.320000e+03	0.000000e+00	0.000000e+00	0.000000e+00
2.320000e+03	2.360000e+03	0.000000e+00	0.000000e+00	0.000000e+00
2.360000e+03	2.400000e+03	0.000000e+00	0.000000e+00	0.000000e+00
2.400000e+03	2.440000e+03	0.000000e+00	0.000000e+00	0.000000e+00
2.440000e+03	2.480000e+03	0.000000e+00	0.000000e+00	0.000000e+00
2.480000e+03	2.520000e+03	0.000000e+00	0.000000e+00	0.000000e+00
2.520000e+03	2.560000e+03	0.000000e+00	0.000000e+00	0.000000e+00
2.560000e+03	2.600000e+03	0.000000e+00	0.000000e+00	0.000000e+00
2.600000e+03	2.640000e+03	0.000000e+00	0.000000e+00	0.000000e+00
2.640000e+03	2.680000e+03	0.000000e+00	0.000000e+00	0.000000e+00
2.680000e+03	2.720000e+03	0.000000e+00	0.000000e+00	0.000000e+00
2.720000e+03	2.760000e+03	0.000000e+00	0.000000e+00	0.000000e+00
2.760000e+03	2.800000e+03	0.000000e+00	0.000000e+00	0.000000e+00
2.800000e+03	2.840000e+03	0.000000e+00	0.000000e+00	0.000000e+00
2.840000e+03	2.880000e+03	0.000000e+00	0.000000e+00	0.000000e+00
2.880000e+03	2.920000e+03	0.000000e+00	0.000000e+00	0.000000e+00
2.920000e+03	2.960000e+03	0.000000e+00	0.000000e+00	0.000000e+00
2.960000e+03	3.000000e+03	0.000000e+00	0.000000e+00	0.000000e+00
3.000000e+03	3.040000e+03	0.000000e+00	0.000000e+00	0.000000e+00
3.040000e+03	3.080000e+03	0.000000e+00	0.000000e+00	0.000000e+00
3.080000e+03	3.120000e+03	0.000000e+00	0.000000e+00	0.000000e+00
3.120000e+03	3.160000e+03	0.000000e+00	0.000000e+00	0.000000e+00
3.160000e+03	3.200000e+03	0.000000e+00	0.000000e+00	0.000000e+00
3.200000e+03	3.240000e+03	0.000000e+00	0.000000e+00	0.000000e+00
3.240000e+03	3.280000e+03	0.000000e+00	0.000000e+00	0.000000e+00
3.280000e+03	3.320000e+03	0.000000e+00	0.000000e+00	0.000000e+00
3.320000e+03	3.360000e+03	0.000000e+00	0.000000e+00	0.000000e+00
3.360000e+03	3.400000e+03	0.000000e+00	0.000000e+00	0.000000e+00
3.400000e+03	3.440000e+03	0.000000e+00	0.000000e+00	0.000000e+00
3.440000e+03	3.480000e+03	0.000000e+00	0.000000e+00	0.000000e+00
3.480000e+03	3.520000e+03	0.000000e+00	0.000000e+00	0.000000e+00
3.520000e+03	3.560000e+03	0.000000e+00	0.000000e+00	0.000000e+00
3.560000e+03	3.600000e+03	0.000000e+00	0.000000e+00	0.000000e+00
3.600000e+03	3.640000e+03	0.000000e+00	0.000000e+00	0.000000e+00
3.640000e+03	3.680000e+03	0.000000e+00	0.000000e+00	0.000000e+00
3.680000e+03	3.720000e+03	0.000000e+00	0.000000e+00	0.000000e+00
3.720000e+03	3.760000e+03	0.000000e+00	0.000000e+00	0.000000e+00
3.760000e+03	3.800000e+03	0.000000e+00	0.000000e+00	0.000000e+00
3.800000e+03	3.840000e+03	0.000000e+00	0.000000e+00	0.000000e+00
3.840000e+03	3.880000e+03	0.000000e+00	0.000000e+00	0.000000e+00
3.880000e+03	3.920000e+03	0.000000e+00	0.000000e+00	0.000000e+00
3.920000e+03	3.960000e+03	0.000000e+00	0.000000e+00	0.000000e+00
3.960000e+03	4.000000e+03	0.000000e+00	0.000000e+00	0.000000e+00
4.000000e+03	4.040000e+03	0.000000e+00	0.000000e+00	0.000000e+00
4.040000e+03	4.080000e+03	0.000000e+00	0.000000e+00	0.000000e+00
4.080000e+03	4.120000e+03	0.000000e+00	0.000000e+00	0.000000e+00
4.120000e+03	4.160000e+03	0.000000e+00	0.000000e+00	0.000000e+00
4.160000e+03	4.200000e+03	0.000000e+00	0.000000e+00	0.000000e+00
4.200000e+03	4.240000e+03	0.000000e+00	0.000000e+00	0.000000e+00
4.240000e+03	4.280000e+03	0.000000e+00	0.000000e+00	0.000000e+00
4.280000e+03	4.320000e+03	0.000000e+00	0.000000e+00	0.000000e+00
4.320000e+03	4.360000e+03	0.000000e+00	0.000000e+00	0.000000e+00
4.360000e+03	4.400000e+03	0.000000e+00	0.000000e+00	0.000000e+00
4.400000e+03	4.440000e+03	0.000000e+00	0.000000e+00	0.000000e+00
4.440000e+03	4.480000e+03	0.000000e+00	0.000000e+00	0.000000e+00
4.480000e+03	4.520000e+03	0.000000e+00	0.000000e+00	0.000000e+00
4.520000e+03	4.560000e+03	0.000000e+00	0.000000e+00	0.000000e+00
4.560000e+03	4.600000e+03	0.000000e+00	0.000000e+00	0.000000e+00
4.600000e+03	4.640000e+03	0.000000e+00	0.000000e+00	0.000000e+00
4.640000e+03	4.680000e+03	0.000000e+00	0.000000e+00	0.000000e+00
4.680000e+03	4.720000e+03	0.000000e+00	0.000000e+00	0.000000e+00
4.720000e+03	4.760000e+03	0.000000e+00	0.000000e+00	0.000000e+00
4.760000e+03	4.800000e+03	0.000000e+00	0.000000e+00	0.000000e+00
4.800000e+03	4.840000e+03	0.000000e+00	0.000000e+00	0.000000e+00
4.840000e+03	4.880000e+03	0.000000e+00	0.000000e+00	0.000000e+00
4.880000e+03	4.920000e+03	0.000000e+00	0.000000e+00	0.000000e+00
4.920000e+03	4.960000e+03	0.000000e+00	0.000000e+00	0.000000e+00
4.960000e+03	5.000000e+03	0.000000e+00	0.000000e+00	0.000000e+00
5.000000e+03	5.040000e+03	0.000000e+00	0.000000e+00	0.000000e+00
5.040000e+03	5.080000e+03	0.000000e+00	0.000000e+00	0.000000e+00
5.080000e+03	5.120000e+03	0.000000e+00	0.000000e+00	0.000000e+00
5.120000e+03	5.160000e+03	0.000000e+00	0.000000e+00	0.000000e+00
5.160000e+03	5.200000e+03	0.000000e+00	0.000000e+00	0.000000e+00
5.200000e+03	5.240000e+03	0.000000e+00	0.000000e+00	0.000000e+00
5.240000e+03	5.280000e+03	0.000000e+00	0.000000e+00	0.000000e+00
5.280000e+03	5.320000e+03	0.000000e+00	0.000000e+00	0.000000e+00
5.320000e+03	5.360000e+03	0.000000e+00	0.000000e+00	0.000000e+00
5.360000e+03	5.400000e+03	0.000000e+00	0.000000e+00	0.000000e+00
5.400000e+03	5.440000e+03	0.000000e+00	0.000000e+00	0.000000e+00
5.440000e+03	5.480000e+03	0.000000e+00	0.000000e+00	0.000000e+00
5.480000e+03	5.520000e+03	0.000000e+00	0.000000e+00	0.000000e+00
5.520000e+03	5.560000e+03	0.000000e+00	0.000000e+00	0.000000e+00
5.560000e+03	5.600000e+03	0.000000e+00	0.000000e+00	0.000000e+00
5.600000e+03	5.640000e+03	0.000000e+00	0.000000e+00	0.000000e+00
5.640000e+03	5.680000e+03	0.000000e+00	0.000000e+00	0.000000e+00
5.680000e+03	5.720000e+03	0.000000e+00	0.000000e+00	0.000000e+00
5.720000e+03	5.760000e+03	0.000000e+00	0.000000e+00	0.000000e+00
5.760000e+03	5.800000e+03	0.000000e+00	0.000000e+00	0.000000e+00
5.800000e+03	5.840000e+03	0.000000e+00	0.000000e+00	0.000000e+00
5.840000e+03	5.880000e+03	0.000000e+00	0.000000e+00	0.000000e+00
5.880000e+03	5.920000e+03	0.000000e+00	0.000000e+00	0.000000e+00
5.920000e+03	5.960000e+03	0.000000e+00	0.000000e+00	0.000000e+00
5.960000e+03	6.000000e+03	0.000000e+00	0.000000e+00	0.000000e+00
# END HISTO1D

