# BEGIN PLOT
Rebin=2
DrawOnly=//homes/tinghua1/higgs-anomalous/Herwig7/gcc11_install_test/plots/H-N2-N3-4-25gev-odd-combine.yoda/MC_H2JETS_04_INC/jet4_mass //homes/tinghua1/higgs-anomalous/Herwig7/gcc11_install_test/plots/H2Jets-NLOPS-odd-combine.yoda/MC_H2JETS_04_INC/jet4_mass //homes/tinghua1/higgs-anomalous/Herwig7/gcc11_install_test/plots/H2Jets-NLO-odd-combine.yoda/MC_H2JETS_04_INC/jet4_mass
RightMargin=0.5
RatioPlotReference=//homes/tinghua1/higgs-anomalous/Herwig7/gcc11_install_test/plots/H-N2-N3-4-25gev-odd-combine.yoda/MC_H2JETS_04_INC/jet4_mass
RatioPlot=1
LogY=1
RatioPlotYMax=3.0
RatioPlotYLabel=Ratio
LegendOnly=//homes/tinghua1/higgs-anomalous/Herwig7/gcc11_install_test/plots/H-N2-N3-4-25gev-odd-combine.yoda/MC_H2JETS_04_INC/jet4_mass //homes/tinghua1/higgs-anomalous/Herwig7/gcc11_install_test/plots/H2Jets-NLOPS-odd-combine.yoda/MC_H2JETS_04_INC/jet4_mass //homes/tinghua1/higgs-anomalous/Herwig7/gcc11_install_test/plots/H2Jets-NLO-odd-combine.yoda/MC_H2JETS_04_INC/jet4_mass
XLabel=$m_{j_4}$ (GeV)
LegendAlign=r
YLabel=$ \text{d} \sigma/ \text{d}  m_{j_4}$ (pb/GeV)
Legend=1
RatioPlotYMin=0.0
# END PLOT


# BEGIN SPECIAL /MC_H2JETS_04_INC/jet4_mass
\rput[tl](0.05,0.75){\parbox{5cm}{\textcolor{gray}{{\bf Herwig 7.2.3} \\ VBFNLO 3.0.0}}}
# END SPECIAL

# BEGIN HISTO1D //homes/tinghua1/higgs-anomalous/Herwig7/gcc11_install_test/plots/H-N2-N3-4-25gev-odd-combine.yoda/MC_H2JETS_04_INC/jet4_mass
ErrorBandColor=red
ErrorBandOpacity=0.3
ErrorBands=1
ErrorBars=1
ErrorType=env
LineColor=red
LineStyle=solid
Path=//homes/tinghua1/higgs-anomalous/Herwig7/gcc11_install_test/plots/H-N2-N3-4-25gev-odd-combine.yoda/MC_H2JETS_04_INC/jet4_mass
RatioPlotSameStyle=1
Title=h(2*,3*,4)
# xlow	 xhigh	 val	 errminus	 errplus
0.000000e+00	1.000000e+00	3.900798e-02	1.010454e-02	0.000000e+00
1.000000e+00	2.000000e+00	3.936048e-03	2.955310e-04	0.000000e+00
2.000000e+00	3.000000e+00	3.697390e-03	0.000000e+00	6.579960e-04
3.000000e+00	4.000000e+00	1.109790e-02	0.000000e+00	1.139730e-03
4.000000e+00	5.000000e+00	1.413738e-02	0.000000e+00	2.113250e-03
5.000000e+00	6.000000e+00	9.958228e-03	0.000000e+00	3.311402e-03
6.000000e+00	7.000000e+00	7.293718e-03	0.000000e+00	3.837372e-03
7.000000e+00	8.000000e+00	4.905214e-03	0.000000e+00	2.962703e-03
8.000000e+00	9.000000e+00	3.265298e-03	0.000000e+00	2.470054e-03
9.000000e+00	1.000000e+01	2.443700e-03	0.000000e+00	2.132146e-03
1.000000e+01	1.100000e+01	1.837819e-03	0.000000e+00	1.302141e-03
1.100000e+01	1.200000e+01	1.223954e-03	0.000000e+00	1.410200e-03
1.200000e+01	1.300000e+01	9.759138e-04	0.000000e+00	9.159322e-04
1.300000e+01	1.400000e+01	7.475597e-04	0.000000e+00	6.844453e-04
1.400000e+01	1.500000e+01	5.569090e-04	0.000000e+00	6.114790e-04
1.500000e+01	1.600000e+01	4.486970e-04	0.000000e+00	4.464328e-04
1.600000e+01	1.700000e+01	3.560063e-04	0.000000e+00	3.009667e-04
1.700000e+01	1.800000e+01	2.262687e-04	0.000000e+00	3.270516e-04
1.800000e+01	1.900000e+01	1.968243e-04	0.000000e+00	2.262910e-04
1.900000e+01	2.000000e+01	1.533921e-04	0.000000e+00	1.803678e-04
2.000000e+01	2.100000e+01	1.265711e-04	0.000000e+00	1.009207e-04
2.100000e+01	2.200000e+01	9.655689e-05	0.000000e+00	1.021872e-04
2.200000e+01	2.300000e+01	9.155294e-05	0.000000e+00	8.050426e-05
2.300000e+01	2.400000e+01	7.031335e-05	0.000000e+00	4.669845e-05
2.400000e+01	2.500000e+01	4.428336e-05	0.000000e+00	4.886891e-05
2.500000e+01	2.600000e+01	2.031971e-05	0.000000e+00	6.366800e-05
2.600000e+01	2.700000e+01	3.151122e-05	0.000000e+00	4.970105e-05
2.700000e+01	2.800000e+01	2.082692e-05	0.000000e+00	2.741673e-05
2.800000e+01	2.900000e+01	1.636432e-05	0.000000e+00	2.866011e-05
2.900000e+01	3.000000e+01	1.612257e-05	0.000000e+00	2.837485e-05
3.000000e+01	3.100000e+01	1.186247e-05	0.000000e+00	1.124336e-05
3.100000e+01	3.200000e+01	1.358629e-05	0.000000e+00	1.569516e-05
3.200000e+01	3.300000e+01	1.029187e-05	0.000000e+00	1.394752e-05
3.300000e+01	3.400000e+01	6.805913e-06	0.000000e+00	1.965897e-05
3.400000e+01	3.500000e+01	5.050721e-06	0.000000e+00	8.180909e-06
3.500000e+01	3.600000e+01	6.730022e-06	0.000000e+00	3.794808e-06
3.600000e+01	3.700000e+01	4.396366e-06	0.000000e+00	2.331343e-06
3.700000e+01	3.800000e+01	2.342162e-05	2.186607e-05	0.000000e+00
3.800000e+01	3.900000e+01	2.868491e-06	6.243605e-06	3.718312e-06
3.900000e+01	4.000000e+01	2.719519e-06	0.000000e+00	2.285228e-06
4.000000e+01	4.100000e+01	2.925952e-06	0.000000e+00	9.349968e-06
4.100000e+01	4.200000e+01	1.886368e-06	8.951700e-08	2.382757e-05
4.200000e+01	4.300000e+01	1.515346e-06	0.000000e+00	4.625067e-06
4.300000e+01	4.400000e+01	1.133487e-06	1.979324e-06	1.308158e-05
4.400000e+01	4.500000e+01	8.524809e-07	0.000000e+00	4.441359e-06
4.500000e+01	4.600000e+01	1.011039e-06	5.039420e-06	0.000000e+00
4.600000e+01	4.700000e+01	7.633673e-07	1.811850e-06	1.320264e-06
4.700000e+01	4.800000e+01	4.349064e-07	0.000000e+00	1.701201e-06
4.800000e+01	4.900000e+01	2.988317e-07	0.000000e+00	1.912595e-06
4.900000e+01	5.000000e+01	6.987390e-07	0.000000e+00	1.357775e-07
5.000000e+01	5.100000e+01	2.464603e-06	1.889656e-06	0.000000e+00
5.100000e+01	5.200000e+01	8.226799e-07	1.912827e-07	1.977200e-06
5.200000e+01	5.300000e+01	6.782423e-07	6.570770e-07	7.052127e-07
5.300000e+01	5.400000e+01	9.569250e-08	1.685812e-07	5.146369e-07
5.400000e+01	5.500000e+01	3.692202e-07	7.050182e-07	0.000000e+00
5.500000e+01	5.600000e+01	2.795025e-07	9.553512e-07	5.959141e-07
5.600000e+01	5.700000e+01	1.108679e-07	1.541763e-07	3.626162e-07
5.700000e+01	5.800000e+01	1.445302e-07	0.000000e+00	2.842352e-07
5.800000e+01	5.900000e+01	1.149112e-07	0.000000e+00	1.837861e-06
5.900000e+01	6.000000e+01	1.397444e-07	8.678810e-08	1.801574e-07
6.000000e+01	6.100000e+01	5.716612e-08	0.000000e+00	1.388757e-07
6.100000e+01	6.200000e+01	1.059064e-07	4.255818e-07	2.873084e-07
6.200000e+01	6.300000e+01	1.200693e-07	0.000000e+00	2.054730e-07
6.300000e+01	6.400000e+01	1.236642e-07	0.000000e+00	7.754730e-07
6.400000e+01	6.500000e+01	1.292002e-07	0.000000e+00	5.992263e-07
6.500000e+01	6.600000e+01	5.956866e-08	0.000000e+00	1.191073e-07
6.600000e+01	6.700000e+01	1.315619e-07	2.029436e-07	0.000000e+00
6.700000e+01	6.800000e+01	1.055534e-07	1.193613e-07	0.000000e+00
6.800000e+01	6.900000e+01	3.433093e-08	0.000000e+00	9.225017e-08
6.900000e+01	7.000000e+01	9.401093e-08	6.643581e-07	0.000000e+00
7.000000e+01	7.100000e+01	2.184063e-08	3.528122e-08	0.000000e+00
7.100000e+01	7.200000e+01	4.713447e-08	4.579018e-08	9.658290e-09
7.200000e+01	7.300000e+01	7.358914e-08	0.000000e+00	4.479836e-08
7.300000e+01	7.400000e+01	4.037443e-09	0.000000e+00	4.048775e-08
7.400000e+01	7.500000e+01	4.291755e-08	2.280397e-08	7.839940e-09
7.500000e+01	7.600000e+01	4.343125e-08	7.153790e-09	2.955132e-07
7.600000e+01	7.700000e+01	3.309474e-08	4.005073e-08	2.459074e-08
7.700000e+01	7.800000e+01	5.412653e-08	2.714010e-06	3.105237e-08
7.800000e+01	7.900000e+01	-2.282730e-09	0.000000e+00	3.557955e-08
7.900000e+01	8.000000e+01	-1.179041e-08	0.000000e+00	1.575696e-07
8.000000e+01	8.100000e+01	7.462147e-10	0.000000e+00	5.786131e-08
8.100000e+01	8.200000e+01	7.703681e-09	0.000000e+00	4.142370e-08
8.200000e+01	8.300000e+01	1.068013e-08	6.697567e-09	1.294485e-08
8.300000e+01	8.400000e+01	9.299669e-10	0.000000e+00	4.904019e-08
8.400000e+01	8.500000e+01	7.481704e-09	1.452266e-08	2.104647e-09
8.500000e+01	8.600000e+01	1.708153e-09	0.000000e+00	1.779059e-08
8.600000e+01	8.700000e+01	2.542499e-08	1.082769e-08	3.681846e-08
8.700000e+01	8.800000e+01	2.412355e-09	9.125092e-09	4.801241e-09
8.800000e+01	8.900000e+01	1.608672e-08	1.786872e-08	1.541443e-08
8.900000e+01	9.000000e+01	7.566431e-09	4.216875e-08	0.000000e+00
9.000000e+01	9.100000e+01	7.956395e-09	1.071559e-08	6.743735e-09
9.100000e+01	9.200000e+01	6.263027e-09	4.739335e-09	0.000000e+00
9.200000e+01	9.300000e+01	-6.148753e-10	4.630703e-08	1.726930e-08
9.300000e+01	9.400000e+01	1.826883e-09	0.000000e+00	1.140077e-08
9.400000e+01	9.500000e+01	-5.962273e-09	0.000000e+00	1.670173e-08
9.500000e+01	9.600000e+01	2.712489e-09	2.082679e-09	0.000000e+00
9.600000e+01	9.700000e+01	3.947732e-09	2.926749e-08	0.000000e+00
9.700000e+01	9.800000e+01	1.600874e-09	3.204079e-09	3.181316e-08
9.800000e+01	9.900000e+01	-2.386945e-09	0.000000e+00	1.176733e-08
9.900000e+01	1.000000e+02	2.670349e-09	9.098037e-09	1.328585e-08
# END HISTO1D


# BEGIN HISTO1D //homes/tinghua1/higgs-anomalous/Herwig7/gcc11_install_test/plots/H2Jets-NLOPS-odd-combine.yoda/MC_H2JETS_04_INC/jet4_mass
ErrorBandColor=green
ErrorBandOpacity=0.3
ErrorBands=1
ErrorBars=1
ErrorType=env
LineColor=green
LineStyle=solid
Path=//homes/tinghua1/higgs-anomalous/Herwig7/gcc11_install_test/plots/H2Jets-NLOPS-odd-combine.yoda/MC_H2JETS_04_INC/jet4_mass
RatioPlotSameStyle=1
Title=h(2*) $\oplus$ PS
# xlow	 xhigh	 val	 errminus	 errplus
0.000000e+00	1.000000e+00	2.707287e-02	5.766740e-03	0.000000e+00
1.000000e+00	2.000000e+00	2.666314e-03	0.000000e+00	3.519780e-04
2.000000e+00	3.000000e+00	2.526904e-03	0.000000e+00	9.241230e-04
3.000000e+00	4.000000e+00	7.541529e-03	0.000000e+00	2.145727e-03
4.000000e+00	5.000000e+00	9.694735e-03	0.000000e+00	3.788875e-03
5.000000e+00	6.000000e+00	6.563060e-03	0.000000e+00	4.182680e-03
6.000000e+00	7.000000e+00	4.783764e-03	0.000000e+00	3.932720e-03
7.000000e+00	8.000000e+00	3.164584e-03	0.000000e+00	3.063454e-03
8.000000e+00	9.000000e+00	2.217773e-03	0.000000e+00	2.301617e-03
9.000000e+00	1.000000e+01	1.614357e-03	0.000000e+00	1.764405e-03
1.000000e+01	1.100000e+01	1.176106e-03	0.000000e+00	1.376828e-03
1.100000e+01	1.200000e+01	8.694592e-04	0.000000e+00	1.078250e-03
1.200000e+01	1.300000e+01	6.485621e-04	0.000000e+00	8.578389e-04
1.300000e+01	1.400000e+01	4.912949e-04	0.000000e+00	6.874451e-04
1.400000e+01	1.500000e+01	3.689727e-04	0.000000e+00	5.406296e-04
1.500000e+01	1.600000e+01	2.783666e-04	0.000000e+00	4.224717e-04
1.600000e+01	1.700000e+01	2.141122e-04	0.000000e+00	3.282481e-04
1.700000e+01	1.800000e+01	1.638755e-04	0.000000e+00	2.563413e-04
1.800000e+01	1.900000e+01	1.242049e-04	0.000000e+00	2.023904e-04
1.900000e+01	2.000000e+01	9.771533e-05	0.000000e+00	1.616786e-04
2.000000e+01	2.100000e+01	7.600574e-05	0.000000e+00	1.289601e-04
2.100000e+01	2.200000e+01	6.096471e-05	0.000000e+00	1.009321e-04
2.200000e+01	2.300000e+01	4.544611e-05	0.000000e+00	8.472479e-05
2.300000e+01	2.400000e+01	3.794687e-05	0.000000e+00	6.472893e-05
2.400000e+01	2.500000e+01	2.985528e-05	0.000000e+00	5.393757e-05
2.500000e+01	2.600000e+01	2.518263e-05	0.000000e+00	4.235438e-05
2.600000e+01	2.700000e+01	1.979378e-05	0.000000e+00	3.468686e-05
2.700000e+01	2.800000e+01	1.628324e-05	0.000000e+00	2.886840e-05
2.800000e+01	2.900000e+01	1.333378e-05	0.000000e+00	2.341520e-05
2.900000e+01	3.000000e+01	1.075965e-05	0.000000e+00	2.027028e-05
3.000000e+01	3.100000e+01	9.041855e-06	0.000000e+00	1.620206e-05
3.100000e+01	3.200000e+01	7.470329e-06	0.000000e+00	1.382354e-05
3.200000e+01	3.300000e+01	6.020570e-06	0.000000e+00	1.109740e-05
3.300000e+01	3.400000e+01	5.395389e-06	0.000000e+00	8.930591e-06
3.400000e+01	3.500000e+01	3.836996e-06	0.000000e+00	8.938544e-06
3.500000e+01	3.600000e+01	3.339148e-06	0.000000e+00	7.718492e-06
3.600000e+01	3.700000e+01	3.054102e-06	0.000000e+00	5.201872e-06
3.700000e+01	3.800000e+01	2.605686e-06	0.000000e+00	4.730007e-06
3.800000e+01	3.900000e+01	1.969403e-06	0.000000e+00	4.260900e-06
3.900000e+01	4.000000e+01	2.133319e-06	0.000000e+00	2.505712e-06
4.000000e+01	4.100000e+01	9.410514e-07	0.000000e+00	3.542984e-06
4.100000e+01	4.200000e+01	1.399680e-06	0.000000e+00	2.461555e-06
4.200000e+01	4.300000e+01	1.074160e-06	0.000000e+00	2.276089e-06
4.300000e+01	4.400000e+01	8.588172e-07	0.000000e+00	2.007320e-06
4.400000e+01	4.500000e+01	9.308839e-07	0.000000e+00	1.582934e-06
4.500000e+01	4.600000e+01	6.876585e-07	0.000000e+00	1.316743e-06
4.600000e+01	4.700000e+01	6.099615e-07	0.000000e+00	1.150670e-06
4.700000e+01	4.800000e+01	4.881956e-07	0.000000e+00	9.154574e-07
4.800000e+01	4.900000e+01	3.507424e-07	0.000000e+00	8.475306e-07
4.900000e+01	5.000000e+01	3.554747e-07	0.000000e+00	8.191293e-07
5.000000e+01	5.100000e+01	3.869344e-07	0.000000e+00	6.428236e-07
5.100000e+01	5.200000e+01	3.364331e-07	0.000000e+00	4.978564e-07
5.200000e+01	5.300000e+01	2.375977e-07	0.000000e+00	4.994435e-07
5.300000e+01	5.400000e+01	2.110506e-07	0.000000e+00	4.465278e-07
5.400000e+01	5.500000e+01	1.768526e-07	0.000000e+00	3.112096e-07
5.500000e+01	5.600000e+01	1.859850e-07	0.000000e+00	3.478884e-07
5.600000e+01	5.700000e+01	1.494352e-07	0.000000e+00	2.766234e-07
5.700000e+01	5.800000e+01	1.367382e-07	0.000000e+00	2.265023e-07
5.800000e+01	5.900000e+01	1.171849e-07	0.000000e+00	1.585828e-07
5.900000e+01	6.000000e+01	8.897685e-08	0.000000e+00	1.829355e-07
6.000000e+01	6.100000e+01	7.902142e-08	0.000000e+00	2.343989e-07
6.100000e+01	6.200000e+01	7.702496e-08	0.000000e+00	1.259173e-07
6.200000e+01	6.300000e+01	6.252786e-08	0.000000e+00	1.394909e-07
6.300000e+01	6.400000e+01	7.485999e-08	0.000000e+00	7.418621e-08
6.400000e+01	6.500000e+01	4.895371e-08	0.000000e+00	1.231892e-07
6.500000e+01	6.600000e+01	4.105808e-08	0.000000e+00	8.840562e-08
6.600000e+01	6.700000e+01	5.366165e-08	0.000000e+00	4.604844e-08
6.700000e+01	6.800000e+01	4.281684e-08	0.000000e+00	7.147936e-08
6.800000e+01	6.900000e+01	4.039833e-08	0.000000e+00	6.061087e-08
6.900000e+01	7.000000e+01	4.636455e-08	2.335997e-08	9.008005e-08
7.000000e+01	7.100000e+01	6.946182e-08	2.069427e-08	0.000000e+00
7.100000e+01	7.200000e+01	4.012122e-08	0.000000e+00	2.358832e-08
7.200000e+01	7.300000e+01	2.104864e-08	0.000000e+00	7.053480e-08
7.300000e+01	7.400000e+01	1.902246e-08	0.000000e+00	5.777822e-08
7.400000e+01	7.500000e+01	2.230647e-08	0.000000e+00	3.423201e-08
7.500000e+01	7.600000e+01	1.961990e-08	0.000000e+00	1.954362e-08
7.600000e+01	7.700000e+01	2.107838e-08	4.753370e-09	5.753083e-08
7.700000e+01	7.800000e+01	1.390346e-08	0.000000e+00	1.943225e-08
7.800000e+01	7.900000e+01	2.495959e-08	2.408613e-08	0.000000e+00
7.900000e+01	8.000000e+01	4.148961e-09	0.000000e+00	2.098395e-08
8.000000e+01	8.100000e+01	9.645911e-09	2.091441e-09	1.536337e-08
8.100000e+01	8.200000e+01	6.099975e-09	0.000000e+00	1.796350e-08
8.200000e+01	8.300000e+01	1.118899e-08	0.000000e+00	1.029238e-08
8.300000e+01	8.400000e+01	7.219429e-09	5.201916e-09	2.550171e-09
8.400000e+01	8.500000e+01	2.546485e-09	0.000000e+00	1.209185e-08
8.500000e+01	8.600000e+01	7.902692e-09	7.333530e-10	4.764318e-09
8.600000e+01	8.700000e+01	4.784617e-10	0.000000e+00	2.521698e-08
8.700000e+01	8.800000e+01	2.426020e-09	0.000000e+00	5.579103e-09
8.800000e+01	8.900000e+01	-4.380753e-10	0.000000e+00	1.197758e-08
8.900000e+01	9.000000e+01	9.553440e-10	0.000000e+00	1.017546e-08
9.000000e+01	9.100000e+01	7.611515e-09	3.479703e-09	3.000225e-09
9.100000e+01	9.200000e+01	-2.360980e-10	0.000000e+00	1.146386e-08
9.200000e+01	9.300000e+01	6.786438e-10	0.000000e+00	8.969642e-09
9.300000e+01	9.400000e+01	4.392666e-09	1.190325e-09	2.311717e-09
9.400000e+01	9.500000e+01	1.955335e-09	0.000000e+00	2.506673e-09
9.500000e+01	9.600000e+01	1.727683e-09	0.000000e+00	8.680237e-09
9.600000e+01	9.700000e+01	1.155420e-08	7.180299e-09	3.486090e-09
9.700000e+01	9.800000e+01	1.527969e-09	1.368866e-09	3.273943e-09
9.800000e+01	9.900000e+01	5.811208e-10	0.000000e+00	4.803774e-09
9.900000e+01	1.000000e+02	5.498570e-10	0.000000e+00	5.855080e-10
# END HISTO1D


# BEGIN HISTO1D //homes/tinghua1/higgs-anomalous/Herwig7/gcc11_install_test/plots/H2Jets-NLO-odd-combine.yoda/MC_H2JETS_04_INC/jet4_mass
ErrorBandColor=orange
ErrorBandOpacity=0.3
ErrorBands=1
ErrorBars=1
ErrorType=env
LineColor=orange
LineStyle=solid
Path=//homes/tinghua1/higgs-anomalous/Herwig7/gcc11_install_test/plots/H2Jets-NLO-odd-combine.yoda/MC_H2JETS_04_INC/jet4_mass
RatioPlotSameStyle=1
Title=h(2*)-FO
# xlow	 xhigh	 val	 errminus	 errplus
0.000000e+00	1.000000e+00	0.000000e+00	0.000000e+00	0.000000e+00
1.000000e+00	2.000000e+00	0.000000e+00	0.000000e+00	0.000000e+00
2.000000e+00	3.000000e+00	0.000000e+00	0.000000e+00	0.000000e+00
3.000000e+00	4.000000e+00	0.000000e+00	0.000000e+00	0.000000e+00
4.000000e+00	5.000000e+00	0.000000e+00	0.000000e+00	0.000000e+00
5.000000e+00	6.000000e+00	0.000000e+00	0.000000e+00	0.000000e+00
6.000000e+00	7.000000e+00	0.000000e+00	0.000000e+00	0.000000e+00
7.000000e+00	8.000000e+00	0.000000e+00	0.000000e+00	0.000000e+00
8.000000e+00	9.000000e+00	0.000000e+00	0.000000e+00	0.000000e+00
9.000000e+00	1.000000e+01	0.000000e+00	0.000000e+00	0.000000e+00
1.000000e+01	1.100000e+01	0.000000e+00	0.000000e+00	0.000000e+00
1.100000e+01	1.200000e+01	0.000000e+00	0.000000e+00	0.000000e+00
1.200000e+01	1.300000e+01	0.000000e+00	0.000000e+00	0.000000e+00
1.300000e+01	1.400000e+01	0.000000e+00	0.000000e+00	0.000000e+00
1.400000e+01	1.500000e+01	0.000000e+00	0.000000e+00	0.000000e+00
1.500000e+01	1.600000e+01	0.000000e+00	0.000000e+00	0.000000e+00
1.600000e+01	1.700000e+01	0.000000e+00	0.000000e+00	0.000000e+00
1.700000e+01	1.800000e+01	0.000000e+00	0.000000e+00	0.000000e+00
1.800000e+01	1.900000e+01	0.000000e+00	0.000000e+00	0.000000e+00
1.900000e+01	2.000000e+01	0.000000e+00	0.000000e+00	0.000000e+00
2.000000e+01	2.100000e+01	0.000000e+00	0.000000e+00	0.000000e+00
2.100000e+01	2.200000e+01	0.000000e+00	0.000000e+00	0.000000e+00
2.200000e+01	2.300000e+01	0.000000e+00	0.000000e+00	0.000000e+00
2.300000e+01	2.400000e+01	0.000000e+00	0.000000e+00	0.000000e+00
2.400000e+01	2.500000e+01	0.000000e+00	0.000000e+00	0.000000e+00
2.500000e+01	2.600000e+01	0.000000e+00	0.000000e+00	0.000000e+00
2.600000e+01	2.700000e+01	0.000000e+00	0.000000e+00	0.000000e+00
2.700000e+01	2.800000e+01	0.000000e+00	0.000000e+00	0.000000e+00
2.800000e+01	2.900000e+01	0.000000e+00	0.000000e+00	0.000000e+00
2.900000e+01	3.000000e+01	0.000000e+00	0.000000e+00	0.000000e+00
3.000000e+01	3.100000e+01	0.000000e+00	0.000000e+00	0.000000e+00
3.100000e+01	3.200000e+01	0.000000e+00	0.000000e+00	0.000000e+00
3.200000e+01	3.300000e+01	0.000000e+00	0.000000e+00	0.000000e+00
3.300000e+01	3.400000e+01	0.000000e+00	0.000000e+00	0.000000e+00
3.400000e+01	3.500000e+01	0.000000e+00	0.000000e+00	0.000000e+00
3.500000e+01	3.600000e+01	0.000000e+00	0.000000e+00	0.000000e+00
3.600000e+01	3.700000e+01	0.000000e+00	0.000000e+00	0.000000e+00
3.700000e+01	3.800000e+01	0.000000e+00	0.000000e+00	0.000000e+00
3.800000e+01	3.900000e+01	0.000000e+00	0.000000e+00	0.000000e+00
3.900000e+01	4.000000e+01	0.000000e+00	0.000000e+00	0.000000e+00
4.000000e+01	4.100000e+01	0.000000e+00	0.000000e+00	0.000000e+00
4.100000e+01	4.200000e+01	0.000000e+00	0.000000e+00	0.000000e+00
4.200000e+01	4.300000e+01	0.000000e+00	0.000000e+00	0.000000e+00
4.300000e+01	4.400000e+01	0.000000e+00	0.000000e+00	0.000000e+00
4.400000e+01	4.500000e+01	0.000000e+00	0.000000e+00	0.000000e+00
4.500000e+01	4.600000e+01	0.000000e+00	0.000000e+00	0.000000e+00
4.600000e+01	4.700000e+01	0.000000e+00	0.000000e+00	0.000000e+00
4.700000e+01	4.800000e+01	0.000000e+00	0.000000e+00	0.000000e+00
4.800000e+01	4.900000e+01	0.000000e+00	0.000000e+00	0.000000e+00
4.900000e+01	5.000000e+01	0.000000e+00	0.000000e+00	0.000000e+00
5.000000e+01	5.100000e+01	0.000000e+00	0.000000e+00	0.000000e+00
5.100000e+01	5.200000e+01	0.000000e+00	0.000000e+00	0.000000e+00
5.200000e+01	5.300000e+01	0.000000e+00	0.000000e+00	0.000000e+00
5.300000e+01	5.400000e+01	0.000000e+00	0.000000e+00	0.000000e+00
5.400000e+01	5.500000e+01	0.000000e+00	0.000000e+00	0.000000e+00
5.500000e+01	5.600000e+01	0.000000e+00	0.000000e+00	0.000000e+00
5.600000e+01	5.700000e+01	0.000000e+00	0.000000e+00	0.000000e+00
5.700000e+01	5.800000e+01	0.000000e+00	0.000000e+00	0.000000e+00
5.800000e+01	5.900000e+01	0.000000e+00	0.000000e+00	0.000000e+00
5.900000e+01	6.000000e+01	0.000000e+00	0.000000e+00	0.000000e+00
6.000000e+01	6.100000e+01	0.000000e+00	0.000000e+00	0.000000e+00
6.100000e+01	6.200000e+01	0.000000e+00	0.000000e+00	0.000000e+00
6.200000e+01	6.300000e+01	0.000000e+00	0.000000e+00	0.000000e+00
6.300000e+01	6.400000e+01	0.000000e+00	0.000000e+00	0.000000e+00
6.400000e+01	6.500000e+01	0.000000e+00	0.000000e+00	0.000000e+00
6.500000e+01	6.600000e+01	0.000000e+00	0.000000e+00	0.000000e+00
6.600000e+01	6.700000e+01	0.000000e+00	0.000000e+00	0.000000e+00
6.700000e+01	6.800000e+01	0.000000e+00	0.000000e+00	0.000000e+00
6.800000e+01	6.900000e+01	0.000000e+00	0.000000e+00	0.000000e+00
6.900000e+01	7.000000e+01	0.000000e+00	0.000000e+00	0.000000e+00
7.000000e+01	7.100000e+01	0.000000e+00	0.000000e+00	0.000000e+00
7.100000e+01	7.200000e+01	0.000000e+00	0.000000e+00	0.000000e+00
7.200000e+01	7.300000e+01	0.000000e+00	0.000000e+00	0.000000e+00
7.300000e+01	7.400000e+01	0.000000e+00	0.000000e+00	0.000000e+00
7.400000e+01	7.500000e+01	0.000000e+00	0.000000e+00	0.000000e+00
7.500000e+01	7.600000e+01	0.000000e+00	0.000000e+00	0.000000e+00
7.600000e+01	7.700000e+01	0.000000e+00	0.000000e+00	0.000000e+00
7.700000e+01	7.800000e+01	0.000000e+00	0.000000e+00	0.000000e+00
7.800000e+01	7.900000e+01	0.000000e+00	0.000000e+00	0.000000e+00
7.900000e+01	8.000000e+01	0.000000e+00	0.000000e+00	0.000000e+00
8.000000e+01	8.100000e+01	0.000000e+00	0.000000e+00	0.000000e+00
8.100000e+01	8.200000e+01	0.000000e+00	0.000000e+00	0.000000e+00
8.200000e+01	8.300000e+01	0.000000e+00	0.000000e+00	0.000000e+00
8.300000e+01	8.400000e+01	0.000000e+00	0.000000e+00	0.000000e+00
8.400000e+01	8.500000e+01	0.000000e+00	0.000000e+00	0.000000e+00
8.500000e+01	8.600000e+01	0.000000e+00	0.000000e+00	0.000000e+00
8.600000e+01	8.700000e+01	0.000000e+00	0.000000e+00	0.000000e+00
8.700000e+01	8.800000e+01	0.000000e+00	0.000000e+00	0.000000e+00
8.800000e+01	8.900000e+01	0.000000e+00	0.000000e+00	0.000000e+00
8.900000e+01	9.000000e+01	0.000000e+00	0.000000e+00	0.000000e+00
9.000000e+01	9.100000e+01	0.000000e+00	0.000000e+00	0.000000e+00
9.100000e+01	9.200000e+01	0.000000e+00	0.000000e+00	0.000000e+00
9.200000e+01	9.300000e+01	0.000000e+00	0.000000e+00	0.000000e+00
9.300000e+01	9.400000e+01	0.000000e+00	0.000000e+00	0.000000e+00
9.400000e+01	9.500000e+01	0.000000e+00	0.000000e+00	0.000000e+00
9.500000e+01	9.600000e+01	0.000000e+00	0.000000e+00	0.000000e+00
9.600000e+01	9.700000e+01	0.000000e+00	0.000000e+00	0.000000e+00
9.700000e+01	9.800000e+01	0.000000e+00	0.000000e+00	0.000000e+00
9.800000e+01	9.900000e+01	0.000000e+00	0.000000e+00	0.000000e+00
9.900000e+01	1.000000e+02	0.000000e+00	0.000000e+00	0.000000e+00
# END HISTO1D

