# BEGIN PLOT
LegendOnly=//homes/tinghua1/higgs-anomalous/Herwig7/gcc11_install_test/plots/H-N2-N3-4-25gev-odd-combine.yoda/MC_H2JETS_04_INC/log10_R_0 //homes/tinghua1/higgs-anomalous/Herwig7/gcc11_install_test/plots/H2Jets-NLOPS-odd-combine.yoda/MC_H2JETS_04_INC/log10_R_0 //homes/tinghua1/higgs-anomalous/Herwig7/gcc11_install_test/plots/H2Jets-NLO-odd-combine.yoda/MC_H2JETS_04_INC/log10_R_0
DrawOnly=//homes/tinghua1/higgs-anomalous/Herwig7/gcc11_install_test/plots/H-N2-N3-4-25gev-odd-combine.yoda/MC_H2JETS_04_INC/log10_R_0 //homes/tinghua1/higgs-anomalous/Herwig7/gcc11_install_test/plots/H2Jets-NLOPS-odd-combine.yoda/MC_H2JETS_04_INC/log10_R_0 //homes/tinghua1/higgs-anomalous/Herwig7/gcc11_install_test/plots/H2Jets-NLO-odd-combine.yoda/MC_H2JETS_04_INC/log10_R_0
Title=$\log_{10}$(Integrated $0$ jet rate in $k_\perp$ [GeV])
RatioPlotReference=//homes/tinghua1/higgs-anomalous/Herwig7/gcc11_install_test/plots/H-N2-N3-4-25gev-odd-combine.yoda/MC_H2JETS_04_INC/log10_R_0
RightMargin=0.5
RatioPlot=1
LogY=1
RatioPlotYMax=1.4
RatioPlotYLabel=Ratio
XLabel=$\log_{10}(d_{\text{cut}}/\text{GeV})$
LegendAlign=r
YLabel=$R_{0}$
Legend=1
RatioPlotYMin=0.2
# END PLOT


# BEGIN SPECIAL /MC_H2JETS_04_INC/log10_R_0
\rput[tl](0.05,0.75){\parbox{5cm}{\textcolor{gray}{{\bf Herwig 7.2.3} \\ VBFNLO 3.0.0}}}
# END SPECIAL

# BEGIN HISTO1D //homes/tinghua1/higgs-anomalous/Herwig7/gcc11_install_test/plots/H-N2-N3-4-25gev-odd-combine.yoda/MC_H2JETS_04_INC/log10_R_0
ErrorBandColor=red
ErrorBandOpacity=0.3
ErrorBands=1
ErrorBars=1
ErrorType=env
LineColor=red
LineStyle=solid
Path=//homes/tinghua1/higgs-anomalous/Herwig7/gcc11_install_test/plots/H-N2-N3-4-25gev-odd-combine.yoda/MC_H2JETS_04_INC/log10_R_0
RatioPlotSameStyle=1
Title=h(2*,3*,4)
XLabel=~
YLabel=~
# xlow	 xhigh	 val	 errminus	 errplus
2.000000e-01	2.722582e-01	0.000000e+00	0.000000e+00	0.000000e+00
2.722583e-01	3.445165e-01	0.000000e+00	0.000000e+00	0.000000e+00
3.445166e-01	4.167748e-01	0.000000e+00	0.000000e+00	0.000000e+00
4.167748e-01	4.890330e-01	0.000000e+00	0.000000e+00	0.000000e+00
4.890331e-01	5.612913e-01	0.000000e+00	0.000000e+00	0.000000e+00
5.612914e-01	6.335496e-01	0.000000e+00	0.000000e+00	0.000000e+00
6.335496e-01	7.058078e-01	0.000000e+00	0.000000e+00	0.000000e+00
7.058079e-01	7.780661e-01	0.000000e+00	0.000000e+00	0.000000e+00
7.780662e-01	8.503244e-01	0.000000e+00	0.000000e+00	0.000000e+00
8.503244e-01	9.225826e-01	0.000000e+00	0.000000e+00	0.000000e+00
9.225827e-01	9.948409e-01	0.000000e+00	0.000000e+00	0.000000e+00
9.948409e-01	1.067099e+00	0.000000e+00	0.000000e+00	0.000000e+00
1.067099e+00	1.139357e+00	0.000000e+00	0.000000e+00	0.000000e+00
1.139358e+00	1.211616e+00	0.000000e+00	0.000000e+00	0.000000e+00
1.211616e+00	1.283874e+00	0.000000e+00	0.000000e+00	0.000000e+00
1.283874e+00	1.356132e+00	0.000000e+00	0.000000e+00	0.000000e+00
1.356132e+00	1.428390e+00	8.524184e-11	6.775222e-11	9.004216e-11
1.428391e+00	1.500649e+00	7.573756e-05	5.367740e-06	0.000000e+00
1.500649e+00	1.572907e+00	5.274206e-04	1.441280e-05	0.000000e+00
1.572907e+00	1.645165e+00	1.854502e-03	0.000000e+00	9.972600e-05
1.645165e+00	1.717423e+00	4.951328e-03	0.000000e+00	1.996560e-04
1.717424e+00	1.789682e+00	1.122499e-02	0.000000e+00	4.490000e-04
1.789682e+00	1.861940e+00	2.263363e-02	0.000000e+00	7.144400e-04
1.861940e+00	1.934198e+00	4.136899e-02	0.000000e+00	9.675900e-04
1.934199e+00	2.006457e+00	6.953632e-02	0.000000e+00	8.786700e-04
2.006457e+00	2.078715e+00	1.081955e-01	0.000000e+00	2.709000e-04
2.078715e+00	2.150973e+00	1.572775e-01	1.087600e-03	0.000000e+00
2.150973e+00	2.223231e+00	2.140557e-01	2.420600e-03	0.000000e+00
2.223232e+00	2.295490e+00	2.755867e-01	3.977200e-03	0.000000e+00
2.295490e+00	2.367748e+00	3.380780e-01	6.383400e-03	0.000000e+00
2.367748e+00	2.440006e+00	3.977107e-01	9.014900e-03	0.000000e+00
2.440006e+00	2.512264e+00	4.504467e-01	9.841700e-03	0.000000e+00
2.512265e+00	2.584523e+00	4.962107e-01	1.118810e-02	0.000000e+00
2.584523e+00	2.656781e+00	5.334155e-01	1.186620e-02	0.000000e+00
2.656781e+00	2.729039e+00	5.631646e-01	1.235510e-02	0.000000e+00
2.729039e+00	2.801297e+00	5.851116e-01	1.295790e-02	0.000000e+00
2.801298e+00	2.873556e+00	5.993974e-01	9.883500e-03	0.000000e+00
2.873556e+00	2.945814e+00	6.098448e-01	1.019950e-02	0.000000e+00
2.945814e+00	3.018072e+00	6.161049e-01	9.618800e-03	0.000000e+00
3.018073e+00	3.090331e+00	6.204089e-01	1.025630e-02	0.000000e+00
3.090331e+00	3.162589e+00	6.223492e-01	9.738300e-03	0.000000e+00
3.162589e+00	3.234847e+00	6.233236e-01	9.455500e-03	0.000000e+00
3.234847e+00	3.307105e+00	6.239272e-01	9.695600e-03	0.000000e+00
3.307106e+00	3.379364e+00	6.241789e-01	9.751200e-03	0.000000e+00
3.379364e+00	3.451622e+00	6.242335e-01	9.735400e-03	0.000000e+00
3.451622e+00	3.523880e+00	6.242541e-01	9.749600e-03	0.000000e+00
3.523880e+00	3.596138e+00	6.242550e-01	9.748800e-03	0.000000e+00
3.596139e+00	3.668397e+00	6.242552e-01	9.750500e-03	0.000000e+00
3.668397e+00	3.740655e+00	6.242552e-01	9.750500e-03	0.000000e+00
3.740655e+00	3.812913e+00	6.242552e-01	9.750500e-03	0.000000e+00
# END HISTO1D


# BEGIN HISTO1D //homes/tinghua1/higgs-anomalous/Herwig7/gcc11_install_test/plots/H2Jets-NLOPS-odd-combine.yoda/MC_H2JETS_04_INC/log10_R_0
ErrorBandColor=green
ErrorBandOpacity=0.3
ErrorBands=1
ErrorBars=1
ErrorType=env
LineColor=green
LineStyle=solid
Path=//homes/tinghua1/higgs-anomalous/Herwig7/gcc11_install_test/plots/H2Jets-NLOPS-odd-combine.yoda/MC_H2JETS_04_INC/log10_R_0
RatioPlotSameStyle=1
Title=h(2*) $\oplus$ PS
XLabel=~
YLabel=~
# xlow	 xhigh	 val	 errminus	 errplus
2.000000e-01	2.722582e-01	0.000000e+00	0.000000e+00	0.000000e+00
2.722583e-01	3.445165e-01	0.000000e+00	0.000000e+00	0.000000e+00
3.445166e-01	4.167748e-01	0.000000e+00	0.000000e+00	0.000000e+00
4.167748e-01	4.890330e-01	0.000000e+00	0.000000e+00	0.000000e+00
4.890331e-01	5.612913e-01	0.000000e+00	0.000000e+00	0.000000e+00
5.612914e-01	6.335496e-01	0.000000e+00	0.000000e+00	0.000000e+00
6.335496e-01	7.058078e-01	0.000000e+00	0.000000e+00	0.000000e+00
7.058079e-01	7.780661e-01	0.000000e+00	0.000000e+00	0.000000e+00
7.780662e-01	8.503244e-01	0.000000e+00	0.000000e+00	0.000000e+00
8.503244e-01	9.225826e-01	0.000000e+00	0.000000e+00	0.000000e+00
9.225827e-01	9.948409e-01	0.000000e+00	0.000000e+00	0.000000e+00
9.948409e-01	1.067099e+00	0.000000e+00	0.000000e+00	0.000000e+00
1.067099e+00	1.139357e+00	0.000000e+00	0.000000e+00	0.000000e+00
1.139358e+00	1.211616e+00	0.000000e+00	0.000000e+00	0.000000e+00
1.211616e+00	1.283874e+00	0.000000e+00	0.000000e+00	0.000000e+00
1.283874e+00	1.356132e+00	0.000000e+00	0.000000e+00	0.000000e+00
1.356132e+00	1.428390e+00	0.000000e+00	0.000000e+00	6.179277e-10
1.428391e+00	1.500649e+00	7.372629e-05	5.339610e-06	0.000000e+00
1.500649e+00	1.572907e+00	5.157868e-04	1.075700e-05	0.000000e+00
1.572907e+00	1.645165e+00	1.809955e-03	0.000000e+00	4.392900e-05
1.645165e+00	1.717423e+00	4.777819e-03	0.000000e+00	2.008660e-04
1.717424e+00	1.789682e+00	1.074172e-02	0.000000e+00	4.538700e-04
1.789682e+00	1.861940e+00	2.151569e-02	0.000000e+00	7.651500e-04
1.861940e+00	1.934198e+00	3.926965e-02	0.000000e+00	9.918800e-04
1.934199e+00	2.006457e+00	6.600502e-02	0.000000e+00	9.777100e-04
2.006457e+00	2.078715e+00	1.029966e-01	1.326000e-04	5.496000e-04
2.078715e+00	2.150973e+00	1.500891e-01	5.983000e-04	0.000000e+00
2.150973e+00	2.223231e+00	2.055101e-01	1.888500e-03	0.000000e+00
2.223232e+00	2.295490e+00	2.660130e-01	3.670500e-03	0.000000e+00
2.295490e+00	2.367748e+00	3.277807e-01	5.691300e-03	0.000000e+00
2.367748e+00	2.440006e+00	3.869836e-01	7.680200e-03	0.000000e+00
2.440006e+00	2.512264e+00	4.405930e-01	9.449800e-03	0.000000e+00
2.512265e+00	2.584523e+00	4.867270e-01	1.096310e-02	0.000000e+00
2.584523e+00	2.656781e+00	5.244354e-01	1.214570e-02	0.000000e+00
2.656781e+00	2.729039e+00	5.538944e-01	1.301980e-02	0.000000e+00
2.729039e+00	2.801297e+00	5.758283e-01	1.365390e-02	0.000000e+00
2.801298e+00	2.873556e+00	5.914233e-01	1.404020e-02	0.000000e+00
2.873556e+00	2.945814e+00	6.019198e-01	1.427830e-02	0.000000e+00
2.945814e+00	3.018072e+00	6.086273e-01	1.442710e-02	0.000000e+00
3.018073e+00	3.090331e+00	6.126050e-01	1.451520e-02	0.000000e+00
3.090331e+00	3.162589e+00	6.147804e-01	1.452180e-02	0.000000e+00
3.162589e+00	3.234847e+00	6.158670e-01	1.451460e-02	0.000000e+00
3.234847e+00	3.307105e+00	6.163399e-01	1.451270e-02	0.000000e+00
3.307106e+00	3.379364e+00	6.165221e-01	1.451650e-02	0.000000e+00
3.379364e+00	3.451622e+00	6.165758e-01	1.451110e-02	0.000000e+00
3.451622e+00	3.523880e+00	6.165877e-01	1.451030e-02	0.000000e+00
3.523880e+00	3.596138e+00	6.165896e-01	1.450810e-02	0.000000e+00
3.596139e+00	3.668397e+00	6.165897e-01	1.450800e-02	0.000000e+00
3.668397e+00	3.740655e+00	6.165897e-01	1.450800e-02	0.000000e+00
3.740655e+00	3.812913e+00	6.165897e-01	1.450800e-02	0.000000e+00
# END HISTO1D


# BEGIN HISTO1D //homes/tinghua1/higgs-anomalous/Herwig7/gcc11_install_test/plots/H2Jets-NLO-odd-combine.yoda/MC_H2JETS_04_INC/log10_R_0
ErrorBandColor=orange
ErrorBandOpacity=0.3
ErrorBands=1
ErrorBars=1
ErrorType=env
LineColor=orange
LineStyle=solid
Path=//homes/tinghua1/higgs-anomalous/Herwig7/gcc11_install_test/plots/H2Jets-NLO-odd-combine.yoda/MC_H2JETS_04_INC/log10_R_0
RatioPlotSameStyle=1
Title=h(2*)-FO
XLabel=~
YLabel=~
# xlow	 xhigh	 val	 errminus	 errplus
2.000000e-01	2.722582e-01	0.000000e+00	0.000000e+00	0.000000e+00
2.722583e-01	3.445165e-01	0.000000e+00	0.000000e+00	0.000000e+00
3.445166e-01	4.167748e-01	0.000000e+00	0.000000e+00	0.000000e+00
4.167748e-01	4.890330e-01	0.000000e+00	0.000000e+00	0.000000e+00
4.890331e-01	5.612913e-01	0.000000e+00	0.000000e+00	0.000000e+00
5.612914e-01	6.335496e-01	0.000000e+00	0.000000e+00	0.000000e+00
6.335496e-01	7.058078e-01	0.000000e+00	0.000000e+00	0.000000e+00
7.058079e-01	7.780661e-01	0.000000e+00	0.000000e+00	0.000000e+00
7.780662e-01	8.503244e-01	0.000000e+00	0.000000e+00	0.000000e+00
8.503244e-01	9.225826e-01	0.000000e+00	0.000000e+00	0.000000e+00
9.225827e-01	9.948409e-01	0.000000e+00	0.000000e+00	0.000000e+00
9.948409e-01	1.067099e+00	0.000000e+00	0.000000e+00	0.000000e+00
1.067099e+00	1.139357e+00	0.000000e+00	0.000000e+00	0.000000e+00
1.139358e+00	1.211616e+00	0.000000e+00	0.000000e+00	0.000000e+00
1.211616e+00	1.283874e+00	0.000000e+00	0.000000e+00	0.000000e+00
1.283874e+00	1.356132e+00	0.000000e+00	0.000000e+00	0.000000e+00
1.356132e+00	1.428390e+00	0.000000e+00	0.000000e+00	0.000000e+00
1.428391e+00	1.500649e+00	7.435240e-05	0.000000e+00	8.487640e-06
1.500649e+00	1.572907e+00	5.347630e-04	0.000000e+00	1.581360e-05
1.572907e+00	1.645165e+00	1.815415e-03	0.000000e+00	2.989700e-05
1.645165e+00	1.717423e+00	4.646180e-03	0.000000e+00	1.268880e-04
1.717424e+00	1.789682e+00	1.036251e-02	0.000000e+00	3.312800e-04
1.789682e+00	1.861940e+00	2.075229e-02	0.000000e+00	5.051200e-04
1.861940e+00	1.934198e+00	3.817414e-02	0.000000e+00	6.739000e-04
1.934199e+00	2.006457e+00	6.459826e-02	0.000000e+00	8.567900e-04
2.006457e+00	2.078715e+00	1.011311e-01	0.000000e+00	9.536000e-04
2.078715e+00	2.150973e+00	1.480301e-01	1.129000e-04	9.807000e-04
2.150973e+00	2.223231e+00	2.032997e-01	1.188000e-04	2.855000e-04
2.223232e+00	2.295490e+00	2.642038e-01	7.578000e-04	0.000000e+00
2.295490e+00	2.367748e+00	3.264849e-01	2.015700e-03	0.000000e+00
2.367748e+00	2.440006e+00	3.865396e-01	3.246800e-03	0.000000e+00
2.440006e+00	2.512264e+00	4.414130e-01	4.875500e-03	0.000000e+00
2.512265e+00	2.584523e+00	4.876292e-01	5.403500e-03	0.000000e+00
2.584523e+00	2.656781e+00	5.262881e-01	6.439700e-03	0.000000e+00
2.656781e+00	2.729039e+00	5.566011e-01	7.392500e-03	0.000000e+00
2.729039e+00	2.801297e+00	5.787706e-01	7.729200e-03	0.000000e+00
2.801298e+00	2.873556e+00	5.946332e-01	8.054900e-03	0.000000e+00
2.873556e+00	2.945814e+00	6.055225e-01	8.392800e-03	0.000000e+00
2.945814e+00	3.018072e+00	6.124769e-01	8.477700e-03	0.000000e+00
3.018073e+00	3.090331e+00	6.164550e-01	8.433400e-03	0.000000e+00
3.090331e+00	3.162589e+00	6.187308e-01	8.527400e-03	0.000000e+00
3.162589e+00	3.234847e+00	6.198586e-01	8.525400e-03	0.000000e+00
3.234847e+00	3.307105e+00	6.203609e-01	8.463100e-03	0.000000e+00
3.307106e+00	3.379364e+00	6.205628e-01	8.464600e-03	0.000000e+00
3.379364e+00	3.451622e+00	6.206153e-01	8.465200e-03	0.000000e+00
3.451622e+00	3.523880e+00	6.206280e-01	8.464000e-03	0.000000e+00
3.523880e+00	3.596138e+00	6.206293e-01	8.463100e-03	0.000000e+00
3.596139e+00	3.668397e+00	6.206295e-01	8.463100e-03	0.000000e+00
3.668397e+00	3.740655e+00	6.206295e-01	8.463100e-03	0.000000e+00
3.740655e+00	3.812913e+00	6.206295e-01	8.463100e-03	0.000000e+00
# END HISTO1D

