# BEGIN PLOT
LegendOnly=//homes/tinghua1/higgs-anomalous/Herwig7/gcc11_install_test/H-N2-N3-4-25gev-mixed/H-N2-N3-4-25gev-SM.yoda/MC_H2JETS_04_TIGHT/H3_y //homes/tinghua1/higgs-anomalous/Herwig7/gcc11_install_test/H-N2-N3-4-25gev-mixed/H-N2-N3-4-25gev-mixed-nofac.yoda/MC_H2JETS_04_TIGHT/H3_y //homes/tinghua1/higgs-anomalous/Herwig7/gcc11_install_test/H-N2-N3-4-25gev-mixed/H-N2-N3-4-25gev-mixed-ffac.yoda/MC_H2JETS_04_TIGHT/H3_y
DrawOnly=//homes/tinghua1/higgs-anomalous/Herwig7/gcc11_install_test/H-N2-N3-4-25gev-mixed/H-N2-N3-4-25gev-SM.yoda/MC_H2JETS_04_TIGHT/H3_y //homes/tinghua1/higgs-anomalous/Herwig7/gcc11_install_test/H-N2-N3-4-25gev-mixed/H-N2-N3-4-25gev-mixed-nofac.yoda/MC_H2JETS_04_TIGHT/H3_y //homes/tinghua1/higgs-anomalous/Herwig7/gcc11_install_test/H-N2-N3-4-25gev-mixed/H-N2-N3-4-25gev-mixed-ffac.yoda/MC_H2JETS_04_TIGHT/H3_y
Title=h(2*,3*,4)
RatioPlot=1
LogY=1
RatioPlotYLabel=Ratio
RightMargin=0.5
RatioPlotReference=//homes/tinghua1/higgs-anomalous/Herwig7/gcc11_install_test/H-N2-N3-4-25gev-mixed/H-N2-N3-4-25gev-SM.yoda/MC_H2JETS_04_TIGHT/H3_y
XLabel=$y_{h}^{\star}$ 
LegendAlign=r
YLabel=$ \text{d} \sigma/ \text{d}  y_{h}^{\star}$ (pb)
Legend=1
# END PLOT


# BEGIN SPECIAL /MC_H2JETS_04_TIGHT/H3_y
\rput[tl](0.05,0.75){\parbox{5cm}{\textcolor{gray}{{\bf Herwig 7.2.3} \\ VBFNLO 3.0.0}}}
# END SPECIAL

# BEGIN HISTO1D //homes/tinghua1/higgs-anomalous/Herwig7/gcc11_install_test/H-N2-N3-4-25gev-mixed/H-N2-N3-4-25gev-SM.yoda/MC_H2JETS_04_TIGHT/H3_y
ErrorBars=1
LineColor=red
LineStyle=solid
Path=//homes/tinghua1/higgs-anomalous/Herwig7/gcc11_install_test/H-N2-N3-4-25gev-mixed/H-N2-N3-4-25gev-SM.yoda/MC_H2JETS_04_TIGHT/H3_y
Scale=1.23132253028
Title=SM
# xlow	 xhigh	 val	 errminus	 errplus
-3.000000e+00	-2.760000e+00	0.000000e+00	0.000000e+00	0.000000e+00
-2.760000e+00	-2.520000e+00	0.000000e+00	0.000000e+00	0.000000e+00
-2.520000e+00	-2.280000e+00	0.000000e+00	0.000000e+00	0.000000e+00
-2.280000e+00	-2.040000e+00	0.000000e+00	0.000000e+00	0.000000e+00
-2.040000e+00	-1.800000e+00	0.000000e+00	0.000000e+00	0.000000e+00
-1.800000e+00	-1.560000e+00	0.000000e+00	0.000000e+00	0.000000e+00
-1.560000e+00	-1.320000e+00	1.771682e-10	1.198302e-10	1.198302e-10
-1.320000e+00	-1.080000e+00	6.140942e-07	9.057533e-08	9.057533e-08
-1.080000e+00	-8.400000e-01	6.164467e-05	2.199321e-06	2.199321e-06
-8.400000e-01	-6.000000e-01	3.981433e-03	2.688204e-05	2.688204e-05
-6.000000e-01	-3.600000e-01	1.206869e-01	2.608445e-04	2.608445e-04
-3.600000e-01	-1.200000e-01	8.362042e-01	6.678465e-04	6.678465e-04
-1.200000e-01	1.200000e-01	1.463662e+00	1.199287e-03	1.199287e-03
1.200000e-01	3.600000e-01	8.351658e-01	7.151171e-04	7.151171e-04
3.600000e-01	6.000000e-01	1.200726e-01	5.724111e-04	5.724111e-04
6.000000e-01	8.400000e-01	3.993260e-03	4.636695e-05	4.636695e-05
8.400000e-01	1.080000e+00	6.611596e-05	2.594938e-06	2.594938e-06
1.080000e+00	1.320000e+00	7.145142e-07	1.389259e-07	1.389259e-07
1.320000e+00	1.560000e+00	1.053226e-10	1.885278e-10	1.885278e-10
1.560000e+00	1.800000e+00	0.000000e+00	0.000000e+00	0.000000e+00
1.800000e+00	2.040000e+00	0.000000e+00	0.000000e+00	0.000000e+00
2.040000e+00	2.280000e+00	0.000000e+00	0.000000e+00	0.000000e+00
2.280000e+00	2.520000e+00	0.000000e+00	0.000000e+00	0.000000e+00
2.520000e+00	2.760000e+00	0.000000e+00	0.000000e+00	0.000000e+00
2.760000e+00	3.000000e+00	0.000000e+00	0.000000e+00	0.000000e+00
# END HISTO1D


# BEGIN HISTO1D //homes/tinghua1/higgs-anomalous/Herwig7/gcc11_install_test/H-N2-N3-4-25gev-mixed/H-N2-N3-4-25gev-mixed-nofac.yoda/MC_H2JETS_04_TIGHT/H3_y
ErrorBars=1
LineColor=blue
LineStyle=solid
Path=//homes/tinghua1/higgs-anomalous/Herwig7/gcc11_install_test/H-N2-N3-4-25gev-mixed/H-N2-N3-4-25gev-mixed-nofac.yoda/MC_H2JETS_04_TIGHT/H3_y
Scale=6.4701676744
Title=CP-mixed
# xlow	 xhigh	 val	 errminus	 errplus
-3.000000e+00	-2.760000e+00	0.000000e+00	0.000000e+00	0.000000e+00
-2.760000e+00	-2.520000e+00	0.000000e+00	0.000000e+00	0.000000e+00
-2.520000e+00	-2.280000e+00	0.000000e+00	0.000000e+00	0.000000e+00
-2.280000e+00	-2.040000e+00	0.000000e+00	0.000000e+00	0.000000e+00
-2.040000e+00	-1.800000e+00	0.000000e+00	0.000000e+00	0.000000e+00
-1.800000e+00	-1.560000e+00	0.000000e+00	0.000000e+00	0.000000e+00
-1.560000e+00	-1.320000e+00	3.738623e-08	3.277026e-08	3.277026e-08
-1.320000e+00	-1.080000e+00	3.582050e-06	4.475826e-07	4.475826e-07
-1.080000e+00	-8.400000e-01	2.513597e-04	2.061399e-05	2.061399e-05
-8.400000e-01	-6.000000e-01	5.545592e-03	7.671341e-05	7.671341e-05
-6.000000e-01	-3.600000e-01	4.603192e-02	3.640329e-04	3.640329e-04
-3.600000e-01	-1.200000e-01	1.547261e-01	5.664554e-04	5.664554e-04
-1.200000e-01	1.200000e-01	2.278150e-01	6.307609e-04	6.307609e-04
1.200000e-01	3.600000e-01	1.571157e-01	7.565198e-04	7.565198e-04
3.600000e-01	6.000000e-01	4.668746e-02	2.507198e-04	2.507198e-04
6.000000e-01	8.400000e-01	5.535288e-03	1.022136e-04	1.022136e-04
8.400000e-01	1.080000e+00	2.650996e-04	6.992501e-06	6.992501e-06
1.080000e+00	1.320000e+00	3.981339e-06	1.108711e-06	1.108711e-06
1.320000e+00	1.560000e+00	3.933930e-09	2.511943e-09	2.511943e-09
1.560000e+00	1.800000e+00	0.000000e+00	0.000000e+00	0.000000e+00
1.800000e+00	2.040000e+00	0.000000e+00	0.000000e+00	0.000000e+00
2.040000e+00	2.280000e+00	0.000000e+00	0.000000e+00	0.000000e+00
2.280000e+00	2.520000e+00	0.000000e+00	0.000000e+00	0.000000e+00
2.520000e+00	2.760000e+00	0.000000e+00	0.000000e+00	0.000000e+00
2.760000e+00	3.000000e+00	0.000000e+00	0.000000e+00	0.000000e+00
# END HISTO1D


# BEGIN HISTO1D //homes/tinghua1/higgs-anomalous/Herwig7/gcc11_install_test/H-N2-N3-4-25gev-mixed/H-N2-N3-4-25gev-mixed-ffac.yoda/MC_H2JETS_04_TIGHT/H3_y
ErrorBars=1
LineColor=green
LineStyle=solid
Path=//homes/tinghua1/higgs-anomalous/Herwig7/gcc11_install_test/H-N2-N3-4-25gev-mixed/H-N2-N3-4-25gev-mixed-ffac.yoda/MC_H2JETS_04_TIGHT/H3_y
Scale=12.4908894575
Title=CP-mixed-ffac
# xlow	 xhigh	 val	 errminus	 errplus
-3.000000e+00	-2.760000e+00	0.000000e+00	0.000000e+00	0.000000e+00
-2.760000e+00	-2.520000e+00	0.000000e+00	0.000000e+00	0.000000e+00
-2.520000e+00	-2.280000e+00	0.000000e+00	0.000000e+00	0.000000e+00
-2.280000e+00	-2.040000e+00	0.000000e+00	0.000000e+00	0.000000e+00
-2.040000e+00	-1.800000e+00	0.000000e+00	0.000000e+00	0.000000e+00
-1.800000e+00	-1.560000e+00	0.000000e+00	0.000000e+00	0.000000e+00
-1.560000e+00	-1.320000e+00	2.828373e-11	7.659394e-11	7.659394e-11
-1.320000e+00	-1.080000e+00	4.149070e-07	2.623456e-07	2.623456e-07
-1.080000e+00	-8.400000e-01	4.622246e-05	7.182244e-06	7.182244e-06
-8.400000e-01	-6.000000e-01	2.104748e-03	3.634013e-05	3.634013e-05
-6.000000e-01	-3.600000e-01	2.157140e-02	1.536847e-04	1.536847e-04
-3.600000e-01	-1.200000e-01	8.133954e-02	3.260049e-04	3.260049e-04
-1.200000e-01	1.200000e-01	1.234249e-01	7.579778e-04	7.579778e-04
1.200000e-01	3.600000e-01	8.123704e-02	4.993963e-04	4.993963e-04
3.600000e-01	6.000000e-01	2.160310e-02	4.816906e-04	4.816906e-04
6.000000e-01	8.400000e-01	2.183605e-03	9.080539e-05	9.080539e-05
8.400000e-01	1.080000e+00	6.506037e-05	5.704826e-06	5.704826e-06
1.080000e+00	1.320000e+00	3.748485e-07	2.157133e-07	2.157133e-07
1.320000e+00	1.560000e+00	6.331254e-10	2.837794e-10	2.837794e-10
1.560000e+00	1.800000e+00	0.000000e+00	0.000000e+00	0.000000e+00
1.800000e+00	2.040000e+00	0.000000e+00	0.000000e+00	0.000000e+00
2.040000e+00	2.280000e+00	0.000000e+00	0.000000e+00	0.000000e+00
2.280000e+00	2.520000e+00	0.000000e+00	0.000000e+00	0.000000e+00
2.520000e+00	2.760000e+00	0.000000e+00	0.000000e+00	0.000000e+00
2.760000e+00	3.000000e+00	0.000000e+00	0.000000e+00	0.000000e+00
# END HISTO1D

