# BEGIN PLOT
Rebin=2
DrawOnly=//homes/tinghua1/higgs-anomalous/Herwig7/gcc11_install_test/H-N2-N3-4-25gev-mixed/H-N2-N3-4-25gev-SM.yoda/MC_H2JETS_04_TIGHT/j2j4_mass //homes/tinghua1/higgs-anomalous/Herwig7/gcc11_install_test/H-N2-N3-4-25gev-mixed/H-N2-N3-4-25gev-mixed-nofac.yoda/MC_H2JETS_04_TIGHT/j2j4_mass //homes/tinghua1/higgs-anomalous/Herwig7/gcc11_install_test/H-N2-N3-4-25gev-mixed/H-N2-N3-4-25gev-mixed-ffac.yoda/MC_H2JETS_04_TIGHT/j2j4_mass
Title=h(2*,3*,4)
RatioPlotReference=//homes/tinghua1/higgs-anomalous/Herwig7/gcc11_install_test/H-N2-N3-4-25gev-mixed/H-N2-N3-4-25gev-SM.yoda/MC_H2JETS_04_TIGHT/j2j4_mass
RightMargin=0.5
RatioPlot=1
LogY=1
RatioPlotYMax=2.0
RatioPlotYLabel=Ratio
LegendOnly=//homes/tinghua1/higgs-anomalous/Herwig7/gcc11_install_test/H-N2-N3-4-25gev-mixed/H-N2-N3-4-25gev-SM.yoda/MC_H2JETS_04_TIGHT/j2j4_mass //homes/tinghua1/higgs-anomalous/Herwig7/gcc11_install_test/H-N2-N3-4-25gev-mixed/H-N2-N3-4-25gev-mixed-nofac.yoda/MC_H2JETS_04_TIGHT/j2j4_mass //homes/tinghua1/higgs-anomalous/Herwig7/gcc11_install_test/H-N2-N3-4-25gev-mixed/H-N2-N3-4-25gev-mixed-ffac.yoda/MC_H2JETS_04_TIGHT/j2j4_mass
XLabel=$m_{j_2j_4}$ (GeV)
LegendAlign=r
XMax=1000.0
YLabel=$ \text{d} \sigma/ \text{d}  m_{j_2j_4}$ (pb/GeV)
Legend=1
RatioPlotYMin=0.0
# END PLOT


# BEGIN SPECIAL /MC_H2JETS_04_TIGHT/j2j4_mass
\rput[tl](0.05,0.75){\parbox{5cm}{\textcolor{gray}{{\bf Herwig 7.2.3} \\ VBFNLO 3.0.0}}}
# END SPECIAL

# BEGIN HISTO1D //homes/tinghua1/higgs-anomalous/Herwig7/gcc11_install_test/H-N2-N3-4-25gev-mixed/H-N2-N3-4-25gev-SM.yoda/MC_H2JETS_04_TIGHT/j2j4_mass
ErrorBars=1
LineColor=red
LineStyle=solid
Path=//homes/tinghua1/higgs-anomalous/Herwig7/gcc11_install_test/H-N2-N3-4-25gev-mixed/H-N2-N3-4-25gev-SM.yoda/MC_H2JETS_04_TIGHT/j2j4_mass
Scale=1.23132253028
Title=SM
# xlow	 xhigh	 val	 errminus	 errplus
0.000000e+00	4.000000e+01	5.634347e-05	7.813970e-07	7.813970e-07
4.000000e+01	8.000000e+01	7.094855e-05	2.728887e-06	2.728887e-06
8.000000e+01	1.200000e+02	4.291595e-05	8.576720e-07	8.576720e-07
1.200000e+02	1.600000e+02	1.677061e-05	6.274824e-07	6.274824e-07
1.600000e+02	2.000000e+02	8.493780e-06	2.461056e-07	2.461056e-07
2.000000e+02	2.400000e+02	5.513115e-06	1.605887e-07	1.605887e-07
2.400000e+02	2.800000e+02	5.181633e-06	1.194325e-07	1.194325e-07
2.800000e+02	3.200000e+02	5.760148e-06	1.908455e-07	1.908455e-07
3.200000e+02	3.600000e+02	6.887130e-06	1.462279e-07	1.462279e-07
3.600000e+02	4.000000e+02	8.010575e-06	3.567882e-07	3.567882e-07
4.000000e+02	4.400000e+02	8.417405e-06	1.483150e-07	1.483150e-07
4.400000e+02	4.800000e+02	8.669233e-06	2.132206e-07	2.132206e-07
4.800000e+02	5.200000e+02	8.821995e-06	2.031052e-07	2.031052e-07
5.200000e+02	5.600000e+02	9.042113e-06	1.893097e-07	1.893097e-07
5.600000e+02	6.000000e+02	8.342737e-06	6.838744e-07	6.838744e-07
6.000000e+02	6.400000e+02	8.926890e-06	2.619515e-07	2.619515e-07
6.400000e+02	6.800000e+02	9.742980e-06	1.019942e-06	1.019942e-06
6.800000e+02	7.200000e+02	8.019480e-06	1.612762e-07	1.612762e-07
7.200000e+02	7.600000e+02	7.868930e-06	2.380408e-07	2.380408e-07
7.600000e+02	8.000000e+02	7.372482e-06	1.592908e-07	1.592908e-07
8.000000e+02	8.400000e+02	6.996570e-06	1.556442e-07	1.556442e-07
8.400000e+02	8.800000e+02	6.406177e-06	1.683635e-07	1.683635e-07
8.800000e+02	9.200000e+02	6.398727e-06	1.693802e-07	1.693802e-07
9.200000e+02	9.600000e+02	5.413682e-06	1.681651e-07	1.681651e-07
9.600000e+02	1.000000e+03	5.012752e-06	1.906698e-07	1.906698e-07
1.000000e+03	1.040000e+03	3.967962e-06	8.472916e-07	8.472916e-07
1.040000e+03	1.080000e+03	4.624318e-06	1.978213e-07	1.978213e-07
1.080000e+03	1.120000e+03	3.821723e-06	1.625067e-07	1.625067e-07
1.120000e+03	1.160000e+03	3.610175e-06	1.315850e-07	1.315850e-07
1.160000e+03	1.200000e+03	3.332285e-06	1.394830e-07	1.394830e-07
1.200000e+03	1.240000e+03	3.278172e-06	1.159915e-07	1.159915e-07
1.240000e+03	1.280000e+03	2.916317e-06	1.025985e-07	1.025985e-07
1.280000e+03	1.320000e+03	2.799818e-06	9.625948e-08	9.625948e-08
1.320000e+03	1.360000e+03	2.655880e-06	8.504245e-08	8.504245e-08
1.360000e+03	1.400000e+03	2.279717e-06	6.403323e-08	6.403323e-08
1.400000e+03	1.440000e+03	2.175539e-06	1.216452e-07	1.216452e-07
1.440000e+03	1.480000e+03	2.108143e-06	9.457894e-08	9.457894e-08
1.480000e+03	1.520000e+03	1.935302e-06	1.410505e-07	1.410505e-07
1.520000e+03	1.560000e+03	1.699542e-06	5.683506e-08	5.683506e-08
1.560000e+03	1.600000e+03	1.538662e-06	6.730793e-08	6.730793e-08
1.600000e+03	1.640000e+03	1.445911e-06	7.397518e-08	7.397518e-08
1.640000e+03	1.680000e+03	1.383386e-06	8.067059e-08	8.067059e-08
1.680000e+03	1.720000e+03	1.250511e-06	7.588722e-08	7.588722e-08
1.720000e+03	1.760000e+03	1.162157e-06	4.924723e-08	4.924723e-08
1.760000e+03	1.800000e+03	1.048835e-06	4.809024e-08	4.809024e-08
1.800000e+03	1.840000e+03	9.106177e-07	3.636943e-08	3.636943e-08
1.840000e+03	1.880000e+03	1.001155e-06	1.456304e-07	1.456304e-07
1.880000e+03	1.920000e+03	8.643700e-07	3.206253e-08	3.206253e-08
1.920000e+03	1.960000e+03	9.246968e-07	2.021057e-07	2.021057e-07
1.960000e+03	2.000000e+03	6.814325e-07	2.734626e-08	2.734626e-08
2.000000e+03	2.040000e+03	6.681145e-07	4.184670e-08	4.184670e-08
2.040000e+03	2.080000e+03	5.517652e-07	3.124291e-08	3.124291e-08
2.080000e+03	2.120000e+03	5.376895e-07	2.699498e-08	2.699498e-08
2.120000e+03	2.160000e+03	6.072793e-07	6.122165e-08	6.122165e-08
2.160000e+03	2.200000e+03	4.680280e-07	2.477262e-08	2.477262e-08
2.200000e+03	2.240000e+03	4.390830e-07	3.189124e-08	3.189124e-08
2.240000e+03	2.280000e+03	4.387723e-07	3.170035e-08	3.170035e-08
2.280000e+03	2.320000e+03	3.179762e-07	1.969270e-08	1.969270e-08
2.320000e+03	2.360000e+03	2.967592e-07	4.450003e-08	4.450003e-08
2.360000e+03	2.400000e+03	3.007945e-07	3.962420e-08	3.962420e-08
2.400000e+03	2.440000e+03	2.644670e-07	1.964403e-08	1.964403e-08
2.440000e+03	2.480000e+03	3.066213e-07	4.765017e-08	4.765017e-08
2.480000e+03	2.520000e+03	2.449088e-07	2.477351e-08	2.477351e-08
2.520000e+03	2.560000e+03	1.797121e-07	3.957179e-08	3.957179e-08
2.560000e+03	2.600000e+03	2.305704e-07	2.397514e-08	2.397514e-08
2.600000e+03	2.640000e+03	1.688752e-07	2.289555e-08	2.289555e-08
2.640000e+03	2.680000e+03	1.995831e-07	1.439756e-08	1.439756e-08
2.680000e+03	2.720000e+03	1.460281e-07	1.069754e-08	1.069754e-08
2.720000e+03	2.760000e+03	1.432014e-07	2.611568e-08	2.611568e-08
2.760000e+03	2.800000e+03	1.540568e-07	3.187784e-08	3.187784e-08
2.800000e+03	2.840000e+03	3.660710e-07	2.382426e-07	2.382426e-07
2.840000e+03	2.880000e+03	1.086057e-07	9.709844e-09	9.709844e-09
2.880000e+03	2.920000e+03	9.509072e-08	1.321883e-08	1.321883e-08
2.920000e+03	2.960000e+03	8.776480e-08	2.005432e-08	2.005432e-08
2.960000e+03	3.000000e+03	6.839378e-08	2.534603e-08	2.534603e-08
3.000000e+03	3.040000e+03	7.831817e-08	7.177095e-09	7.177095e-09
3.040000e+03	3.080000e+03	7.290185e-08	8.095852e-09	8.095852e-09
3.080000e+03	3.120000e+03	8.314200e-08	8.325409e-09	8.325409e-09
3.120000e+03	3.160000e+03	6.434930e-08	6.128875e-09	6.128875e-09
3.160000e+03	3.200000e+03	1.654567e-08	3.429431e-08	3.429431e-08
3.200000e+03	3.240000e+03	5.531830e-08	5.628959e-09	5.628959e-09
3.240000e+03	3.280000e+03	6.355943e-08	8.427733e-09	8.427733e-09
3.280000e+03	3.320000e+03	5.029180e-08	5.998180e-09	5.998180e-09
3.320000e+03	3.360000e+03	4.137440e-08	5.131727e-09	5.131727e-09
3.360000e+03	3.400000e+03	5.540730e-08	1.301077e-08	1.301077e-08
3.400000e+03	3.440000e+03	7.956115e-08	4.190277e-08	4.190277e-08
3.440000e+03	3.480000e+03	2.504390e-08	2.127166e-09	2.127166e-09
3.480000e+03	3.520000e+03	2.837203e-08	4.725737e-09	4.725737e-09
3.520000e+03	3.560000e+03	2.786688e-08	2.549695e-09	2.549695e-09
3.560000e+03	3.600000e+03	1.964414e-08	2.118933e-09	2.118933e-09
3.600000e+03	3.640000e+03	2.216275e-08	3.327476e-09	3.327476e-09
3.640000e+03	3.680000e+03	1.450276e-08	3.469694e-09	3.469694e-09
3.680000e+03	3.720000e+03	2.196696e-08	4.231943e-09	4.231943e-09
3.720000e+03	3.760000e+03	1.664431e-08	4.972087e-09	4.972087e-09
3.760000e+03	3.800000e+03	1.424760e-08	2.453718e-09	2.453718e-09
3.800000e+03	3.840000e+03	1.200751e-08	1.572176e-09	1.572176e-09
3.840000e+03	3.880000e+03	1.223936e-08	1.633328e-09	1.633328e-09
3.880000e+03	3.920000e+03	9.174310e-09	1.309055e-09	1.309055e-09
3.920000e+03	3.960000e+03	4.260477e-09	4.274743e-09	4.274743e-09
3.960000e+03	4.000000e+03	1.253357e-08	2.500874e-09	2.500874e-09
4.000000e+03	4.040000e+03	6.584357e-09	1.509807e-09	1.509807e-09
4.040000e+03	4.080000e+03	5.424545e-09	9.728059e-10	9.728059e-10
4.080000e+03	4.120000e+03	7.535378e-09	1.031735e-09	1.031735e-09
4.120000e+03	4.160000e+03	6.219353e-09	1.150344e-09	1.150344e-09
4.160000e+03	4.200000e+03	5.980845e-09	1.588425e-09	1.588425e-09
4.200000e+03	4.240000e+03	9.187620e-09	3.502029e-09	3.502029e-09
4.240000e+03	4.280000e+03	2.930233e-09	2.097917e-09	2.097917e-09
4.280000e+03	4.320000e+03	4.309865e-09	7.024330e-10	7.024330e-10
4.320000e+03	4.360000e+03	2.782415e-09	4.197962e-10	4.197962e-10
4.360000e+03	4.400000e+03	4.061810e-09	8.684037e-10	8.684037e-10
4.400000e+03	4.440000e+03	3.260353e-09	5.596957e-10	5.596957e-10
4.440000e+03	4.480000e+03	2.273798e-09	5.343553e-10	5.343553e-10
4.480000e+03	4.520000e+03	2.058192e-09	3.920079e-10	3.920079e-10
4.520000e+03	4.560000e+03	1.337192e-09	8.739100e-10	8.739100e-10
4.560000e+03	4.600000e+03	1.564048e-09	2.745020e-10	2.745020e-10
4.600000e+03	4.640000e+03	1.323554e-09	6.327842e-10	6.327842e-10
4.640000e+03	4.680000e+03	1.803570e-09	4.619871e-10	4.619871e-10
4.680000e+03	4.720000e+03	1.048579e-09	4.596125e-10	4.596125e-10
4.720000e+03	4.760000e+03	-1.442645e-08	1.530193e-08	1.530193e-08
4.760000e+03	4.800000e+03	1.084190e-09	3.592130e-10	3.592130e-10
4.800000e+03	4.840000e+03	9.922095e-10	2.123945e-10	2.123945e-10
4.840000e+03	4.880000e+03	6.343798e-10	1.407486e-10	1.407486e-10
4.880000e+03	4.920000e+03	7.474928e-10	1.430974e-10	1.430974e-10
4.920000e+03	4.960000e+03	1.209068e-09	4.175752e-10	4.175752e-10
4.960000e+03	5.000000e+03	2.079519e-09	1.469392e-09	1.469392e-09
5.000000e+03	5.040000e+03	2.551165e-10	2.766262e-10	2.766262e-10
5.040000e+03	5.080000e+03	7.695473e-10	4.516675e-10	4.516675e-10
5.080000e+03	5.120000e+03	4.747325e-10	3.107466e-10	3.107466e-10
5.120000e+03	5.160000e+03	2.189265e-10	7.790983e-11	7.790983e-11
5.160000e+03	5.200000e+03	-1.984122e-09	2.224471e-09	2.224471e-09
5.200000e+03	5.240000e+03	3.524877e-10	1.064631e-10	1.064631e-10
5.240000e+03	5.280000e+03	1.323083e-09	6.529595e-10	6.529595e-10
5.280000e+03	5.320000e+03	1.237215e-10	6.176069e-11	6.176069e-11
5.320000e+03	5.360000e+03	4.972425e-10	3.239559e-10	3.239559e-10
5.360000e+03	5.400000e+03	3.138618e-10	8.292169e-11	8.292169e-11
5.400000e+03	5.440000e+03	3.945837e-10	1.570509e-10	1.570509e-10
5.440000e+03	5.480000e+03	1.767669e-10	4.568051e-11	4.568051e-11
5.480000e+03	5.520000e+03	4.853970e-10	3.323902e-10	3.323902e-10
5.520000e+03	5.560000e+03	1.651389e-10	8.587866e-11	8.587866e-11
5.560000e+03	5.600000e+03	1.471414e-10	7.791881e-11	7.791881e-11
5.600000e+03	5.640000e+03	1.479187e-10	5.397520e-11	5.397520e-11
5.640000e+03	5.680000e+03	8.293452e-11	2.169733e-11	2.169733e-11
5.680000e+03	5.720000e+03	1.610110e-10	7.413401e-11	7.413401e-11
5.720000e+03	5.760000e+03	2.078229e-10	1.116930e-10	1.116930e-10
5.760000e+03	5.800000e+03	1.108865e-10	5.096160e-11	5.096160e-11
5.800000e+03	5.840000e+03	2.228684e-10	9.250027e-11	9.250027e-11
5.840000e+03	5.880000e+03	3.903530e-11	1.316956e-11	1.316956e-11
5.880000e+03	5.920000e+03	3.574315e-10	3.164412e-10	3.164412e-10
5.920000e+03	5.960000e+03	1.033662e-10	6.103460e-11	6.103460e-11
5.960000e+03	6.000000e+03	3.424138e-11	2.703024e-11	2.703024e-11
# END HISTO1D


# BEGIN HISTO1D //homes/tinghua1/higgs-anomalous/Herwig7/gcc11_install_test/H-N2-N3-4-25gev-mixed/H-N2-N3-4-25gev-mixed-nofac.yoda/MC_H2JETS_04_TIGHT/j2j4_mass
ErrorBars=1
LineColor=blue
LineStyle=solid
Path=//homes/tinghua1/higgs-anomalous/Herwig7/gcc11_install_test/H-N2-N3-4-25gev-mixed/H-N2-N3-4-25gev-mixed-nofac.yoda/MC_H2JETS_04_TIGHT/j2j4_mass
Scale=6.4701676744
Title=CP-mixed
# xlow	 xhigh	 val	 errminus	 errplus
0.000000e+00	4.000000e+01	3.173860e-05	6.042062e-07	6.042062e-07
4.000000e+01	8.000000e+01	5.629685e-05	3.033335e-06	3.033335e-06
8.000000e+01	1.200000e+02	3.381250e-05	5.664711e-07	5.664711e-07
1.200000e+02	1.600000e+02	1.825034e-05	4.588008e-07	4.588008e-07
1.600000e+02	2.000000e+02	9.602015e-06	2.822004e-07	2.822004e-07
2.000000e+02	2.400000e+02	6.716815e-06	6.843456e-07	6.843456e-07
2.400000e+02	2.800000e+02	5.033917e-06	5.033416e-07	5.033416e-07
2.800000e+02	3.200000e+02	4.154472e-06	1.737271e-07	1.737271e-07
3.200000e+02	3.600000e+02	4.296453e-06	3.466361e-07	3.466361e-07
3.600000e+02	4.000000e+02	4.610308e-06	2.096816e-07	2.096816e-07
4.000000e+02	4.400000e+02	5.045740e-06	2.510871e-07	2.510871e-07
4.400000e+02	4.800000e+02	4.673832e-06	2.110220e-07	2.110220e-07
4.800000e+02	5.200000e+02	5.547305e-06	1.841056e-07	1.841056e-07
5.200000e+02	5.600000e+02	5.531230e-06	2.807673e-07	2.807673e-07
5.600000e+02	6.000000e+02	5.929338e-06	1.640630e-07	1.640630e-07
6.000000e+02	6.400000e+02	6.273293e-06	3.087943e-07	3.087943e-07
6.400000e+02	6.800000e+02	5.384632e-06	3.937848e-07	3.937848e-07
6.800000e+02	7.200000e+02	6.642678e-06	4.457498e-07	4.457498e-07
7.200000e+02	7.600000e+02	5.658020e-06	1.995704e-07	1.995704e-07
7.600000e+02	8.000000e+02	5.443640e-06	2.123090e-07	2.123090e-07
8.000000e+02	8.400000e+02	5.975033e-06	7.509015e-07	7.509015e-07
8.400000e+02	8.800000e+02	5.088052e-06	1.607340e-07	1.607340e-07
8.800000e+02	9.200000e+02	5.329227e-06	3.230972e-07	3.230972e-07
9.200000e+02	9.600000e+02	4.769093e-06	2.226894e-07	2.226894e-07
9.600000e+02	1.000000e+03	4.374502e-06	1.493632e-07	1.493632e-07
1.000000e+03	1.040000e+03	5.014070e-06	8.662841e-07	8.662841e-07
1.040000e+03	1.080000e+03	4.609597e-06	4.459269e-07	4.459269e-07
1.080000e+03	1.120000e+03	3.916902e-06	3.587007e-07	3.587007e-07
1.120000e+03	1.160000e+03	2.998955e-06	4.111491e-07	4.111491e-07
1.160000e+03	1.200000e+03	2.951747e-06	1.522950e-07	1.522950e-07
1.200000e+03	1.240000e+03	2.964565e-06	1.480011e-07	1.480011e-07
1.240000e+03	1.280000e+03	3.981482e-06	1.224081e-06	1.224081e-06
1.280000e+03	1.320000e+03	2.561103e-06	1.124102e-07	1.124102e-07
1.320000e+03	1.360000e+03	2.641292e-06	4.192858e-07	4.192858e-07
1.360000e+03	1.400000e+03	2.123818e-06	1.102610e-07	1.102610e-07
1.400000e+03	1.440000e+03	1.922333e-06	1.275750e-07	1.275750e-07
1.440000e+03	1.480000e+03	1.884741e-06	2.035096e-07	2.035096e-07
1.480000e+03	1.520000e+03	1.900871e-06	2.741042e-07	2.741042e-07
1.520000e+03	1.560000e+03	1.596951e-06	1.403937e-07	1.403937e-07
1.560000e+03	1.600000e+03	1.404566e-06	1.437452e-07	1.437452e-07
1.600000e+03	1.640000e+03	1.171107e-06	1.340985e-07	1.340985e-07
1.640000e+03	1.680000e+03	1.150313e-06	9.142155e-08	9.142155e-08
1.680000e+03	1.720000e+03	1.607989e-06	2.798694e-07	2.798694e-07
1.720000e+03	1.760000e+03	1.022469e-06	1.034780e-07	1.034780e-07
1.760000e+03	1.800000e+03	9.463777e-07	5.928874e-08	5.928874e-08
1.800000e+03	1.840000e+03	1.147553e-06	1.110887e-07	1.110887e-07
1.840000e+03	1.880000e+03	8.925495e-07	8.175921e-08	8.175921e-08
1.880000e+03	1.920000e+03	7.781952e-07	6.987384e-08	6.987384e-08
1.920000e+03	1.960000e+03	9.376665e-07	1.159134e-07	1.159134e-07
1.960000e+03	2.000000e+03	6.386152e-07	1.701684e-07	1.701684e-07
2.000000e+03	2.040000e+03	5.366637e-07	1.273632e-07	1.273632e-07
2.040000e+03	2.080000e+03	5.294728e-07	9.248672e-08	9.248672e-08
2.080000e+03	2.120000e+03	4.615860e-07	7.215749e-08	7.215749e-08
2.120000e+03	2.160000e+03	4.898725e-07	3.469456e-08	3.469456e-08
2.160000e+03	2.200000e+03	4.949915e-07	6.104600e-08	6.104600e-08
2.200000e+03	2.240000e+03	4.111090e-07	4.912429e-08	4.912429e-08
2.240000e+03	2.280000e+03	4.086410e-07	3.808312e-08	3.808312e-08
2.280000e+03	2.320000e+03	2.195408e-07	1.298364e-07	1.298364e-07
2.320000e+03	2.360000e+03	8.321807e-07	4.782632e-07	4.782632e-07
2.360000e+03	2.400000e+03	3.048235e-07	2.206019e-08	2.206019e-08
2.400000e+03	2.440000e+03	2.959187e-07	5.501305e-08	5.501305e-08
2.440000e+03	2.480000e+03	3.278060e-07	6.688136e-08	6.688136e-08
2.480000e+03	2.520000e+03	4.046308e-07	9.748006e-08	9.748006e-08
2.520000e+03	2.560000e+03	1.941479e-07	4.306761e-08	4.306761e-08
2.560000e+03	2.600000e+03	2.927495e-07	4.879979e-08	4.879979e-08
2.600000e+03	2.640000e+03	1.882475e-07	2.192573e-08	2.192573e-08
2.640000e+03	2.680000e+03	1.273805e-07	3.628069e-08	3.628069e-08
2.680000e+03	2.720000e+03	1.667575e-07	2.774401e-08	2.774401e-08
2.720000e+03	2.760000e+03	1.465821e-07	1.039116e-08	1.039116e-08
2.760000e+03	2.800000e+03	1.614934e-07	2.776820e-08	2.776820e-08
2.800000e+03	2.840000e+03	1.404828e-07	1.650361e-08	1.650361e-08
2.840000e+03	2.880000e+03	1.278216e-07	1.538698e-08	1.538698e-08
2.880000e+03	2.920000e+03	1.011346e-07	1.604614e-08	1.604614e-08
2.920000e+03	2.960000e+03	6.879773e-08	4.731344e-08	4.731344e-08
2.960000e+03	3.000000e+03	1.160275e-07	1.213584e-08	1.213584e-08
3.000000e+03	3.040000e+03	7.426582e-08	1.096571e-08	1.096571e-08
3.040000e+03	3.080000e+03	1.011163e-07	1.688525e-08	1.688525e-08
3.080000e+03	3.120000e+03	2.264573e-08	6.098527e-08	6.098527e-08
3.120000e+03	3.160000e+03	1.000488e-07	2.153065e-08	2.153065e-08
3.160000e+03	3.200000e+03	7.064045e-08	9.138182e-09	9.138182e-09
3.200000e+03	3.240000e+03	7.024855e-08	1.008789e-08	1.008789e-08
3.240000e+03	3.280000e+03	4.993015e-08	5.834740e-09	5.834740e-09
3.280000e+03	3.320000e+03	3.508097e-08	8.848051e-09	8.848051e-09
3.320000e+03	3.360000e+03	5.337137e-08	1.328170e-08	1.328170e-08
3.360000e+03	3.400000e+03	7.183995e-08	1.075665e-08	1.075665e-08
3.400000e+03	3.440000e+03	3.216520e-08	6.830382e-09	6.830382e-09
3.440000e+03	3.480000e+03	4.699887e-08	1.059449e-08	1.059449e-08
3.480000e+03	3.520000e+03	2.227353e-08	1.071717e-08	1.071717e-08
3.520000e+03	3.560000e+03	4.392157e-08	1.380372e-08	1.380372e-08
3.560000e+03	3.600000e+03	1.522837e-08	8.707163e-09	8.707163e-09
3.600000e+03	3.640000e+03	2.887165e-08	5.282741e-09	5.282741e-09
3.640000e+03	3.680000e+03	1.864919e-08	4.392171e-09	4.392171e-09
3.680000e+03	3.720000e+03	3.154850e-08	6.654481e-09	6.654481e-09
3.720000e+03	3.760000e+03	3.110407e-07	2.908625e-07	2.908625e-07
3.760000e+03	3.800000e+03	1.894733e-08	4.368160e-09	4.368160e-09
3.800000e+03	3.840000e+03	1.744684e-08	2.814628e-09	2.814628e-09
3.840000e+03	3.880000e+03	1.631182e-08	4.007035e-09	4.007035e-09
3.880000e+03	3.920000e+03	1.327743e-08	5.406025e-09	5.406025e-09
3.920000e+03	3.960000e+03	1.084575e-08	1.786630e-09	1.786630e-09
3.960000e+03	4.000000e+03	6.994992e-09	2.371550e-09	2.371550e-09
4.000000e+03	4.040000e+03	7.385310e-09	4.932360e-09	4.932360e-09
4.040000e+03	4.080000e+03	7.980278e-09	2.643167e-09	2.643167e-09
4.080000e+03	4.120000e+03	1.318088e-08	3.284857e-09	3.284857e-09
4.120000e+03	4.160000e+03	1.036887e-08	3.211957e-09	3.211957e-09
4.160000e+03	4.200000e+03	5.763490e-09	2.341721e-09	2.341721e-09
4.200000e+03	4.240000e+03	6.826512e-08	6.181409e-08	6.181409e-08
4.240000e+03	4.280000e+03	4.489020e-09	1.361447e-09	1.361447e-09
4.280000e+03	4.320000e+03	-5.756597e-10	7.645748e-09	7.645748e-09
4.320000e+03	4.360000e+03	5.536665e-09	1.386044e-09	1.386044e-09
4.360000e+03	4.400000e+03	8.009605e-09	1.949429e-09	1.949429e-09
4.400000e+03	4.440000e+03	1.056015e-09	1.593155e-09	1.593155e-09
4.440000e+03	4.480000e+03	4.624723e-09	1.653368e-09	1.653368e-09
4.480000e+03	4.520000e+03	5.253325e-09	1.088412e-09	1.088412e-09
4.520000e+03	4.560000e+03	4.692495e-09	1.103618e-09	1.103618e-09
4.560000e+03	4.600000e+03	4.636825e-09	1.046297e-09	1.046297e-09
4.600000e+03	4.640000e+03	1.639318e-09	1.290099e-09	1.290099e-09
4.640000e+03	4.680000e+03	4.523003e-09	1.940775e-09	1.940775e-09
4.680000e+03	4.720000e+03	5.400405e-09	2.826632e-09	2.826632e-09
4.720000e+03	4.760000e+03	4.027985e-09	1.639442e-09	1.639442e-09
4.760000e+03	4.800000e+03	3.684912e-10	9.926615e-10	9.926615e-10
4.800000e+03	4.840000e+03	1.442788e-09	3.451675e-10	3.451675e-10
4.840000e+03	4.880000e+03	2.014664e-09	5.664705e-10	5.664705e-10
4.880000e+03	4.920000e+03	5.957420e-10	1.017295e-09	1.017295e-09
4.920000e+03	4.960000e+03	1.171672e-09	7.646193e-10	7.646193e-10
4.960000e+03	5.000000e+03	7.692845e-10	7.572505e-10	7.572505e-10
5.000000e+03	5.040000e+03	1.788828e-09	7.164002e-10	7.164002e-10
5.040000e+03	5.080000e+03	1.673357e-09	4.815547e-10	4.815547e-10
5.080000e+03	5.120000e+03	5.468080e-10	2.260497e-10	2.260497e-10
5.120000e+03	5.160000e+03	6.906140e-10	1.636928e-10	1.636928e-10
5.160000e+03	5.200000e+03	5.956760e-11	6.302353e-10	6.302353e-10
5.200000e+03	5.240000e+03	6.655222e-10	3.081364e-10	3.081364e-10
5.240000e+03	5.280000e+03	6.772230e-10	1.481324e-10	1.481324e-10
5.280000e+03	5.320000e+03	6.939445e-10	2.133210e-10	2.133210e-10
5.320000e+03	5.360000e+03	3.449485e-10	2.655525e-10	2.655525e-10
5.360000e+03	5.400000e+03	5.915992e-10	1.668706e-10	1.668706e-10
5.400000e+03	5.440000e+03	2.193428e-10	1.684670e-10	1.684670e-10
5.440000e+03	5.480000e+03	1.917254e-10	2.809195e-10	2.809195e-10
5.480000e+03	5.520000e+03	6.268090e-10	2.306358e-10	2.306358e-10
5.520000e+03	5.560000e+03	3.906260e-10	1.280505e-10	1.280505e-10
5.560000e+03	5.600000e+03	3.069238e-10	1.273713e-10	1.273713e-10
5.600000e+03	5.640000e+03	3.981182e-10	9.233705e-11	9.233705e-11
5.640000e+03	5.680000e+03	6.263638e-10	2.992034e-10	2.992034e-10
5.680000e+03	5.720000e+03	1.958314e-10	6.708268e-11	6.708268e-11
5.720000e+03	5.760000e+03	4.654350e-10	1.378940e-10	1.378940e-10
5.760000e+03	5.800000e+03	1.754994e-10	9.049047e-11	9.049047e-11
5.800000e+03	5.840000e+03	4.372562e-10	1.928193e-10	1.928193e-10
5.840000e+03	5.880000e+03	3.429370e-10	1.405197e-10	1.405197e-10
5.880000e+03	5.920000e+03	1.265552e-10	5.811152e-11	5.811152e-11
5.920000e+03	5.960000e+03	5.259582e-11	8.521616e-11	8.521616e-11
5.960000e+03	6.000000e+03	1.680545e-10	3.750061e-11	3.750061e-11
# END HISTO1D


# BEGIN HISTO1D //homes/tinghua1/higgs-anomalous/Herwig7/gcc11_install_test/H-N2-N3-4-25gev-mixed/H-N2-N3-4-25gev-mixed-ffac.yoda/MC_H2JETS_04_TIGHT/j2j4_mass
ErrorBars=1
LineColor=green
LineStyle=solid
Path=//homes/tinghua1/higgs-anomalous/Herwig7/gcc11_install_test/H-N2-N3-4-25gev-mixed/H-N2-N3-4-25gev-mixed-ffac.yoda/MC_H2JETS_04_TIGHT/j2j4_mass
Scale=12.4908894575
Title=CP-mixed-ffac
# xlow	 xhigh	 val	 errminus	 errplus
0.000000e+00	4.000000e+01	1.003055e-05	3.847895e-07	3.847895e-07
4.000000e+01	8.000000e+01	1.122459e-05	7.678571e-07	7.678571e-07
8.000000e+01	1.200000e+02	7.857915e-06	5.395767e-07	5.395767e-07
1.200000e+02	1.600000e+02	4.581530e-06	6.650412e-07	6.650412e-07
1.600000e+02	2.000000e+02	2.113314e-06	3.171143e-07	3.171143e-07
2.000000e+02	2.400000e+02	1.576603e-06	1.463009e-07	1.463009e-07
2.400000e+02	2.800000e+02	1.201377e-06	2.136349e-07	2.136349e-07
2.800000e+02	3.200000e+02	1.201070e-06	1.070218e-07	1.070218e-07
3.200000e+02	3.600000e+02	1.062543e-06	1.381088e-07	1.381088e-07
3.600000e+02	4.000000e+02	1.308917e-06	8.072310e-08	8.072310e-08
4.000000e+02	4.400000e+02	1.415815e-06	9.318409e-08	9.318409e-08
4.400000e+02	4.800000e+02	1.488354e-06	1.287090e-07	1.287090e-07
4.800000e+02	5.200000e+02	1.733847e-06	1.834712e-07	1.834712e-07
5.200000e+02	5.600000e+02	1.736232e-06	1.158770e-07	1.158770e-07
5.600000e+02	6.000000e+02	1.469983e-06	1.258614e-07	1.258614e-07
6.000000e+02	6.400000e+02	1.707951e-06	1.391572e-07	1.391572e-07
6.400000e+02	6.800000e+02	1.703011e-06	2.627381e-07	2.627381e-07
6.800000e+02	7.200000e+02	1.534882e-06	1.500081e-07	1.500081e-07
7.200000e+02	7.600000e+02	1.641472e-06	2.288129e-07	2.288129e-07
7.600000e+02	8.000000e+02	8.437757e-07	2.373859e-07	2.373859e-07
8.000000e+02	8.400000e+02	1.077591e-06	1.103642e-07	1.103642e-07
8.400000e+02	8.800000e+02	1.008219e-06	1.149620e-07	1.149620e-07
8.800000e+02	9.200000e+02	9.924095e-07	9.267163e-08	9.267163e-08
9.200000e+02	9.600000e+02	8.439232e-07	1.286740e-07	1.286740e-07
9.600000e+02	1.000000e+03	8.053392e-07	8.380136e-08	8.380136e-08
1.000000e+03	1.040000e+03	7.094063e-07	7.575971e-08	7.575971e-08
1.040000e+03	1.080000e+03	5.400513e-07	1.130500e-07	1.130500e-07
1.080000e+03	1.120000e+03	6.682500e-07	1.714286e-07	1.714286e-07
1.120000e+03	1.160000e+03	4.957522e-07	1.242560e-07	1.242560e-07
1.160000e+03	1.200000e+03	5.274525e-07	5.742199e-08	5.742199e-08
1.200000e+03	1.240000e+03	4.759868e-07	6.068872e-08	6.068872e-08
1.240000e+03	1.280000e+03	3.393970e-07	5.178709e-08	5.178709e-08
1.280000e+03	1.320000e+03	3.165940e-07	2.524412e-07	2.524412e-07
1.320000e+03	1.360000e+03	4.217887e-07	8.505594e-08	8.505594e-08
1.360000e+03	1.400000e+03	3.119128e-07	6.497393e-08	6.497393e-08
1.400000e+03	1.440000e+03	-2.506680e-07	5.752482e-07	5.752482e-07
1.440000e+03	1.480000e+03	3.026907e-07	6.785952e-08	6.785952e-08
1.480000e+03	1.520000e+03	3.850743e-07	5.983238e-08	5.983238e-08
1.520000e+03	1.560000e+03	2.339186e-07	4.932907e-08	4.932907e-08
1.560000e+03	1.600000e+03	5.102748e-07	3.187054e-07	3.187054e-07
1.600000e+03	1.640000e+03	1.578390e-07	4.032368e-08	4.032368e-08
1.640000e+03	1.680000e+03	1.856982e-07	4.690295e-08	4.690295e-08
1.680000e+03	1.720000e+03	2.273379e-07	3.759100e-08	3.759100e-08
1.720000e+03	1.760000e+03	8.683057e-08	2.609168e-08	2.609168e-08
1.760000e+03	1.800000e+03	-4.681067e-09	5.605766e-08	5.605766e-08
1.800000e+03	1.840000e+03	1.083367e-07	2.598579e-08	2.598579e-08
1.840000e+03	1.880000e+03	1.036318e-07	3.270056e-08	3.270056e-08
1.880000e+03	1.920000e+03	7.605840e-08	2.239114e-08	2.239114e-08
1.920000e+03	1.960000e+03	9.251355e-08	3.844946e-08	3.844946e-08
1.960000e+03	2.000000e+03	7.393653e-08	1.892064e-08	1.892064e-08
2.000000e+03	2.040000e+03	-7.542710e-08	8.031201e-08	8.031201e-08
2.040000e+03	2.080000e+03	7.134588e-08	2.821553e-08	2.821553e-08
2.080000e+03	2.120000e+03	5.411638e-08	2.127141e-08	2.127141e-08
2.120000e+03	2.160000e+03	9.455875e-08	2.744796e-08	2.744796e-08
2.160000e+03	2.200000e+03	1.778948e-07	8.925658e-08	8.925658e-08
2.200000e+03	2.240000e+03	6.311873e-08	2.294015e-08	2.294015e-08
2.240000e+03	2.280000e+03	4.065560e-08	2.335107e-08	2.335107e-08
2.280000e+03	2.320000e+03	-1.553918e-08	6.179045e-08	6.179045e-08
2.320000e+03	2.360000e+03	8.889233e-08	5.101081e-08	5.101081e-08
2.360000e+03	2.400000e+03	2.428141e-08	1.847621e-08	1.847621e-08
2.400000e+03	2.440000e+03	3.573008e-08	1.555686e-08	1.555686e-08
2.440000e+03	2.480000e+03	6.444750e-08	3.121467e-08	3.121467e-08
2.480000e+03	2.520000e+03	9.451090e-08	4.600189e-08	4.600189e-08
2.520000e+03	2.560000e+03	8.217115e-08	5.179093e-08	5.179093e-08
2.560000e+03	2.600000e+03	4.730047e-08	2.241473e-08	2.241473e-08
2.600000e+03	2.640000e+03	3.297657e-08	1.830220e-08	1.830220e-08
2.640000e+03	2.680000e+03	2.876040e-08	1.035699e-08	1.035699e-08
2.680000e+03	2.720000e+03	3.046060e-08	1.418126e-08	1.418126e-08
2.720000e+03	2.760000e+03	2.086276e-08	5.663538e-09	5.663538e-09
2.760000e+03	2.800000e+03	3.129825e-08	8.120814e-09	8.120814e-09
2.800000e+03	2.840000e+03	1.591672e-08	7.458770e-09	7.458770e-09
2.840000e+03	2.880000e+03	1.417924e-08	5.923474e-09	5.923474e-09
2.880000e+03	2.920000e+03	2.314612e-08	6.239132e-09	6.239132e-09
2.920000e+03	2.960000e+03	2.234575e-08	2.054344e-08	2.054344e-08
2.960000e+03	3.000000e+03	6.885477e-09	8.080072e-09	8.080072e-09
3.000000e+03	3.040000e+03	-1.488851e-08	2.695705e-08	2.695705e-08
3.040000e+03	3.080000e+03	2.480960e-08	7.796495e-09	7.796495e-09
3.080000e+03	3.120000e+03	3.595037e-09	4.060346e-09	4.060346e-09
3.120000e+03	3.160000e+03	3.657020e-09	9.403616e-09	9.403616e-09
3.160000e+03	3.200000e+03	6.969488e-09	4.320153e-09	4.320153e-09
3.200000e+03	3.240000e+03	1.130961e-08	5.480416e-09	5.480416e-09
3.240000e+03	3.280000e+03	1.021033e-08	5.284223e-09	5.284223e-09
3.280000e+03	3.320000e+03	8.217615e-09	4.276524e-09	4.276524e-09
3.320000e+03	3.360000e+03	2.654080e-08	1.696095e-08	1.696095e-08
3.360000e+03	3.400000e+03	7.989472e-09	2.916805e-09	2.916805e-09
3.400000e+03	3.440000e+03	-8.470145e-09	1.035996e-08	1.035996e-08
3.440000e+03	3.480000e+03	4.413685e-09	3.241509e-09	3.241509e-09
3.480000e+03	3.520000e+03	1.034292e-08	2.685534e-09	2.685534e-09
3.520000e+03	3.560000e+03	3.362548e-09	2.655673e-09	2.655673e-09
3.560000e+03	3.600000e+03	8.441585e-09	4.549856e-09	4.549856e-09
3.600000e+03	3.640000e+03	3.414623e-09	2.024041e-09	2.024041e-09
3.640000e+03	3.680000e+03	3.776635e-09	1.603202e-09	1.603202e-09
3.680000e+03	3.720000e+03	3.010165e-09	9.728791e-10	9.728791e-10
3.720000e+03	3.760000e+03	8.790125e-09	8.719088e-09	8.719088e-09
3.760000e+03	3.800000e+03	5.277733e-09	2.065372e-09	2.065372e-09
3.800000e+03	3.840000e+03	6.371867e-09	5.309457e-09	5.309457e-09
3.840000e+03	3.880000e+03	3.503198e-09	1.791756e-09	1.791756e-09
3.880000e+03	3.920000e+03	1.561398e-09	1.168943e-09	1.168943e-09
3.920000e+03	3.960000e+03	1.444001e-09	1.946229e-09	1.946229e-09
3.960000e+03	4.000000e+03	8.226623e-09	7.181536e-09	7.181536e-09
4.000000e+03	4.040000e+03	9.005662e-09	6.356077e-09	6.356077e-09
4.040000e+03	4.080000e+03	3.653585e-10	5.003381e-10	5.003381e-10
4.080000e+03	4.120000e+03	6.124807e-10	8.443633e-10	8.443633e-10
4.120000e+03	4.160000e+03	2.029933e-09	1.076064e-09	1.076064e-09
4.160000e+03	4.200000e+03	1.828537e-09	1.615215e-09	1.615215e-09
4.200000e+03	4.240000e+03	-1.801391e-09	5.990956e-09	5.990956e-09
4.240000e+03	4.280000e+03	4.103753e-10	5.457617e-10	5.457617e-10
4.280000e+03	4.320000e+03	1.738584e-09	5.902978e-10	5.902978e-10
4.320000e+03	4.360000e+03	9.036800e-10	1.265549e-09	1.265549e-09
4.360000e+03	4.400000e+03	-8.119095e-10	1.257362e-09	1.257362e-09
4.400000e+03	4.440000e+03	-3.707880e-10	5.480271e-10	5.480271e-10
4.440000e+03	4.480000e+03	-3.741700e-10	4.808470e-10	4.808470e-10
4.480000e+03	4.520000e+03	3.555700e-10	1.953851e-10	1.953851e-10
4.520000e+03	4.560000e+03	1.837153e-09	1.137944e-09	1.137944e-09
4.560000e+03	4.600000e+03	9.567750e-10	6.068107e-10	6.068107e-10
4.600000e+03	4.640000e+03	7.978030e-10	2.623090e-10	2.623090e-10
4.640000e+03	4.680000e+03	4.465802e-10	3.326093e-10	3.326093e-10
4.680000e+03	4.720000e+03	-1.522812e-10	3.690737e-10	3.690737e-10
4.720000e+03	4.760000e+03	5.885175e-10	3.129167e-10	3.129167e-10
4.760000e+03	4.800000e+03	3.349463e-09	3.013580e-09	3.013580e-09
4.800000e+03	4.840000e+03	3.004055e-10	2.074775e-10	2.074775e-10
4.840000e+03	4.880000e+03	3.744088e-10	1.573709e-10	1.573709e-10
4.880000e+03	4.920000e+03	2.543925e-10	3.605764e-10	3.605764e-10
4.920000e+03	4.960000e+03	-8.860787e-11	2.414226e-10	2.414226e-10
4.960000e+03	5.000000e+03	-8.714337e-11	3.791317e-10	3.791317e-10
5.000000e+03	5.040000e+03	5.986070e-10	2.727846e-10	2.727846e-10
5.040000e+03	5.080000e+03	9.001775e-11	8.917648e-11	8.917648e-11
5.080000e+03	5.120000e+03	7.106200e-11	6.296474e-11	6.296474e-11
5.120000e+03	5.160000e+03	1.733418e-10	1.033893e-10	1.033893e-10
5.160000e+03	5.200000e+03	-3.963345e-10	4.201742e-10	4.201742e-10
5.200000e+03	5.240000e+03	1.624271e-12	1.376531e-10	1.376531e-10
5.240000e+03	5.280000e+03	2.876260e-10	1.933257e-10	1.933257e-10
5.280000e+03	5.320000e+03	1.665620e-10	1.320675e-10	1.320675e-10
5.320000e+03	5.360000e+03	2.403807e-11	3.251570e-11	3.251570e-11
5.360000e+03	5.400000e+03	8.746907e-11	4.914918e-11	4.914918e-11
5.400000e+03	5.440000e+03	-6.379438e-11	1.203776e-10	1.203776e-10
5.440000e+03	5.480000e+03	4.351370e-11	2.921168e-11	2.921168e-11
5.480000e+03	5.520000e+03	2.125484e-10	2.567198e-10	2.567198e-10
5.520000e+03	5.560000e+03	2.495229e-10	2.448484e-10	2.448484e-10
5.560000e+03	5.600000e+03	-3.660880e-11	4.960947e-11	4.960947e-11
5.600000e+03	5.640000e+03	2.114910e-10	1.787846e-10	1.787846e-10
5.640000e+03	5.680000e+03	5.792330e-11	4.750707e-11	4.750707e-11
5.680000e+03	5.720000e+03	-2.119848e-10	2.506280e-10	2.506280e-10
5.720000e+03	5.760000e+03	1.145744e-10	1.141227e-10	1.141227e-10
5.760000e+03	5.800000e+03	-4.718675e-12	2.758301e-11	2.758301e-11
5.800000e+03	5.840000e+03	3.027825e-11	7.949634e-11	7.949634e-11
5.840000e+03	5.880000e+03	6.561673e-12	1.285602e-11	1.285602e-11
5.880000e+03	5.920000e+03	6.765738e-11	4.794959e-11	4.794959e-11
5.920000e+03	5.960000e+03	1.721904e-10	1.744185e-10	1.744185e-10
5.960000e+03	6.000000e+03	5.097035e-11	4.631757e-11	4.631757e-11
# END HISTO1D

