# BEGIN PLOT
RaiotPlotYMin=0.0
Rebin=2
DrawOnly=//homes/tinghua1/higgs-anomalous/Herwig7/gcc11_install_test/H-N2-N3-4-25gev-mixed/H-N2-N3-4-25gev-SM.yoda/MC_H2JETS_04_TIGHT/log10_d_12 //homes/tinghua1/higgs-anomalous/Herwig7/gcc11_install_test/H-N2-N3-4-25gev-mixed/H-N2-N3-4-25gev-mixed-nofac.yoda/MC_H2JETS_04_TIGHT/log10_d_12 //homes/tinghua1/higgs-anomalous/Herwig7/gcc11_install_test/H-N2-N3-4-25gev-mixed/H-N2-N3-4-25gev-mixed-ffac.yoda/MC_H2JETS_04_TIGHT/log10_d_12
Title=h(2*,3*,4)
RatioPlotReference=//homes/tinghua1/higgs-anomalous/Herwig7/gcc11_install_test/H-N2-N3-4-25gev-mixed/H-N2-N3-4-25gev-SM.yoda/MC_H2JETS_04_TIGHT/log10_d_12
RightMargin=0.5
RatioPlot=1
LogY=1
RatioPlotYLabel=Ratio
LegendOnly=//homes/tinghua1/higgs-anomalous/Herwig7/gcc11_install_test/H-N2-N3-4-25gev-mixed/H-N2-N3-4-25gev-SM.yoda/MC_H2JETS_04_TIGHT/log10_d_12 //homes/tinghua1/higgs-anomalous/Herwig7/gcc11_install_test/H-N2-N3-4-25gev-mixed/H-N2-N3-4-25gev-mixed-nofac.yoda/MC_H2JETS_04_TIGHT/log10_d_12 //homes/tinghua1/higgs-anomalous/Herwig7/gcc11_install_test/H-N2-N3-4-25gev-mixed/H-N2-N3-4-25gev-mixed-ffac.yoda/MC_H2JETS_04_TIGHT/log10_d_12
XLabel=$\sqrt{d_{12}}$ (GeV)
LegendAlign=r
YLabel=$ \text{d} \sigma / \sqrt{d_{12}}$ (pb/GeV)
RaiotPlotYMax=2.0
Legend=1
# END PLOT


# BEGIN SPECIAL /MC_H2JETS_04_TIGHT/log10_d_12
\rput[tl](0.05,0.75){\parbox{5cm}{\textcolor{gray}{{\bf Herwig 7.2.3} \\ VBFNLO 3.0.0}}}
# END SPECIAL

# BEGIN HISTO1D //homes/tinghua1/higgs-anomalous/Herwig7/gcc11_install_test/H-N2-N3-4-25gev-mixed/H-N2-N3-4-25gev-SM.yoda/MC_H2JETS_04_TIGHT/log10_d_12
ErrorBars=1
LineColor=red
LineStyle=solid
Path=//homes/tinghua1/higgs-anomalous/Herwig7/gcc11_install_test/H-N2-N3-4-25gev-mixed/H-N2-N3-4-25gev-SM.yoda/MC_H2JETS_04_TIGHT/log10_d_12
Scale=1.23132253028
Title=SM
XLabel=~
YLabel=~
# xlow	 xhigh	 val	 errminus	 errplus
2.000000e-01	2.361291e-01	0.000000e+00	0.000000e+00	0.000000e+00
2.361291e-01	2.722583e-01	0.000000e+00	0.000000e+00	0.000000e+00
2.722583e-01	3.083874e-01	0.000000e+00	0.000000e+00	0.000000e+00
3.083874e-01	3.445165e-01	0.000000e+00	0.000000e+00	0.000000e+00
3.445165e-01	3.806457e-01	0.000000e+00	0.000000e+00	0.000000e+00
3.806457e-01	4.167748e-01	0.000000e+00	0.000000e+00	0.000000e+00
4.167748e-01	4.529039e-01	0.000000e+00	0.000000e+00	0.000000e+00
4.529039e-01	4.890331e-01	0.000000e+00	0.000000e+00	0.000000e+00
4.890331e-01	5.251622e-01	0.000000e+00	0.000000e+00	0.000000e+00
5.251622e-01	5.612913e-01	0.000000e+00	0.000000e+00	0.000000e+00
5.612913e-01	5.974205e-01	0.000000e+00	0.000000e+00	0.000000e+00
5.974205e-01	6.335496e-01	0.000000e+00	0.000000e+00	0.000000e+00
6.335496e-01	6.696787e-01	0.000000e+00	0.000000e+00	0.000000e+00
6.696787e-01	7.058079e-01	0.000000e+00	0.000000e+00	0.000000e+00
7.058079e-01	7.419370e-01	0.000000e+00	0.000000e+00	0.000000e+00
7.419370e-01	7.780661e-01	0.000000e+00	0.000000e+00	0.000000e+00
7.780661e-01	8.141953e-01	0.000000e+00	0.000000e+00	0.000000e+00
8.141953e-01	8.503244e-01	0.000000e+00	0.000000e+00	0.000000e+00
8.503244e-01	8.864535e-01	0.000000e+00	0.000000e+00	0.000000e+00
8.864535e-01	9.225827e-01	0.000000e+00	0.000000e+00	0.000000e+00
9.225827e-01	9.587118e-01	0.000000e+00	0.000000e+00	0.000000e+00
9.587118e-01	9.948409e-01	0.000000e+00	0.000000e+00	0.000000e+00
9.948409e-01	1.030970e+00	0.000000e+00	0.000000e+00	0.000000e+00
1.030970e+00	1.067099e+00	0.000000e+00	0.000000e+00	0.000000e+00
1.067099e+00	1.103228e+00	0.000000e+00	0.000000e+00	0.000000e+00
1.103228e+00	1.139357e+00	0.000000e+00	0.000000e+00	0.000000e+00
1.139357e+00	1.175487e+00	1.740976e-08	1.231187e-08	1.231187e-08
1.175487e+00	1.211616e+00	3.111841e-07	1.063708e-07	1.063708e-07
1.211616e+00	1.247745e+00	5.571090e-06	2.121857e-06	2.121857e-06
1.247745e+00	1.283874e+00	1.965040e-05	1.739406e-06	1.739406e-06
1.283874e+00	1.320003e+00	6.088477e-05	4.676602e-06	4.676602e-06
1.320003e+00	1.356132e+00	2.101296e-04	1.010417e-05	1.010417e-05
1.356132e+00	1.392261e+00	3.595339e-04	2.550299e-05	2.550299e-05
1.392261e+00	1.428391e+00	6.843665e-01	1.094641e-03	1.094641e-03
1.428391e+00	1.464520e+00	9.965941e-01	1.742701e-03	1.742701e-03
1.464520e+00	1.500649e+00	1.216190e+00	2.060574e-03	2.060574e-03
1.500649e+00	1.536778e+00	1.411641e+00	2.406289e-03	2.406289e-03
1.536778e+00	1.572907e+00	1.573631e+00	1.719444e-03	1.719444e-03
1.572907e+00	1.609036e+00	1.699149e+00	1.995584e-03	1.995584e-03
1.609036e+00	1.645165e+00	1.787643e+00	4.098490e-03	4.098490e-03
1.645165e+00	1.681294e+00	1.822974e+00	2.066027e-03	2.066027e-03
1.681294e+00	1.717424e+00	1.799831e+00	2.580780e-03	2.580780e-03
1.717424e+00	1.753553e+00	1.716699e+00	2.388379e-03	2.388379e-03
1.753553e+00	1.789682e+00	1.570301e+00	3.805286e-03	3.805286e-03
1.789682e+00	1.825811e+00	1.382600e+00	3.632341e-03	3.632341e-03
1.825811e+00	1.861940e+00	1.170689e+00	4.096541e-03	4.096541e-03
1.861940e+00	1.898069e+00	9.588367e-01	2.683585e-03	2.683585e-03
1.898069e+00	1.934198e+00	7.536195e-01	1.655100e-03	1.655100e-03
1.934198e+00	1.970328e+00	5.795248e-01	1.533354e-03	1.533354e-03
1.970328e+00	2.006457e+00	4.279496e-01	1.316406e-03	1.316406e-03
2.006457e+00	2.042586e+00	3.088577e-01	1.347000e-03	1.347000e-03
2.042586e+00	2.078715e+00	2.180802e-01	1.262941e-03	1.262941e-03
2.078715e+00	2.114844e+00	1.464245e-01	1.623947e-03	1.623947e-03
2.114844e+00	2.150973e+00	9.797279e-02	1.522860e-03	1.522860e-03
2.150973e+00	2.187102e+00	6.241357e-02	1.051000e-03	1.051000e-03
2.187102e+00	2.223231e+00	3.847679e-02	3.578457e-04	3.578457e-04
2.223231e+00	2.259361e+00	2.296573e-02	5.185022e-04	5.185022e-04
2.259361e+00	2.295490e+00	1.376250e-02	3.731144e-04	3.731144e-04
2.295490e+00	2.331619e+00	7.564037e-03	2.142113e-04	2.142113e-04
2.331619e+00	2.367748e+00	4.596573e-03	2.897314e-04	2.897314e-04
2.367748e+00	2.403877e+00	2.236292e-03	1.525009e-04	1.525009e-04
2.403877e+00	2.440006e+00	1.261241e-03	1.189068e-04	1.189068e-04
2.440006e+00	2.476135e+00	6.645609e-04	8.026759e-05	8.026759e-05
2.476135e+00	2.512265e+00	2.863460e-04	2.845862e-05	2.845862e-05
2.512265e+00	2.548394e+00	1.117296e-04	2.485388e-05	2.485388e-05
2.548394e+00	2.584523e+00	5.619671e-05	6.802117e-06	6.802117e-06
2.584523e+00	2.620652e+00	2.256765e-05	3.894763e-06	3.894763e-06
2.620652e+00	2.656781e+00	1.000877e-05	2.008089e-06	2.008089e-06
2.656781e+00	2.692910e+00	3.544192e-06	9.247253e-07	9.247253e-07
2.692910e+00	2.729039e+00	2.847115e-06	1.369046e-06	1.369046e-06
2.729039e+00	2.765168e+00	7.351623e-07	1.849188e-07	1.849188e-07
2.765168e+00	2.801298e+00	1.199024e-07	2.845861e-08	2.845861e-08
2.801298e+00	2.837427e+00	8.016474e-09	9.165841e-09	9.165841e-09
2.837427e+00	2.873556e+00	-2.962019e-08	3.601203e-08	3.601203e-08
2.873556e+00	2.909685e+00	1.024120e-09	2.688913e-10	2.688913e-10
2.909685e+00	2.945814e+00	1.403644e-10	4.597285e-11	4.597285e-11
2.945814e+00	2.981943e+00	1.967371e-11	4.784866e-12	4.784866e-12
2.981943e+00	3.018072e+00	7.560281e-13	2.601502e-13	2.601502e-13
3.018072e+00	3.054202e+00	2.684834e-14	2.099580e-14	2.099580e-14
3.054202e+00	3.090331e+00	5.166741e-17	2.954669e-17	2.954669e-17
3.090331e+00	3.126460e+00	2.691012e-15	2.687413e-15	2.687413e-15
3.126460e+00	3.162589e+00	0.000000e+00	0.000000e+00	0.000000e+00
3.162589e+00	3.198718e+00	0.000000e+00	0.000000e+00	0.000000e+00
3.198718e+00	3.234847e+00	0.000000e+00	0.000000e+00	0.000000e+00
3.234847e+00	3.270976e+00	0.000000e+00	0.000000e+00	0.000000e+00
3.270976e+00	3.307105e+00	0.000000e+00	0.000000e+00	0.000000e+00
3.307105e+00	3.343235e+00	0.000000e+00	0.000000e+00	0.000000e+00
3.343235e+00	3.379364e+00	0.000000e+00	0.000000e+00	0.000000e+00
3.379364e+00	3.415493e+00	0.000000e+00	0.000000e+00	0.000000e+00
3.415493e+00	3.451622e+00	0.000000e+00	0.000000e+00	0.000000e+00
3.451622e+00	3.487751e+00	0.000000e+00	0.000000e+00	0.000000e+00
3.487751e+00	3.523880e+00	0.000000e+00	0.000000e+00	0.000000e+00
3.523880e+00	3.560009e+00	0.000000e+00	0.000000e+00	0.000000e+00
3.560009e+00	3.596139e+00	0.000000e+00	0.000000e+00	0.000000e+00
3.596139e+00	3.632268e+00	0.000000e+00	0.000000e+00	0.000000e+00
3.632268e+00	3.668397e+00	0.000000e+00	0.000000e+00	0.000000e+00
3.668397e+00	3.704526e+00	0.000000e+00	0.000000e+00	0.000000e+00
3.704526e+00	3.740655e+00	0.000000e+00	0.000000e+00	0.000000e+00
3.740655e+00	3.776784e+00	0.000000e+00	0.000000e+00	0.000000e+00
3.776784e+00	3.812913e+00	0.000000e+00	0.000000e+00	0.000000e+00
# END HISTO1D


# BEGIN HISTO1D //homes/tinghua1/higgs-anomalous/Herwig7/gcc11_install_test/H-N2-N3-4-25gev-mixed/H-N2-N3-4-25gev-mixed-nofac.yoda/MC_H2JETS_04_TIGHT/log10_d_12
ErrorBars=1
LineColor=blue
LineStyle=solid
Path=//homes/tinghua1/higgs-anomalous/Herwig7/gcc11_install_test/H-N2-N3-4-25gev-mixed/H-N2-N3-4-25gev-mixed-nofac.yoda/MC_H2JETS_04_TIGHT/log10_d_12
Scale=6.4701676744
Title=CP-mixed
XLabel=~
YLabel=~
# xlow	 xhigh	 val	 errminus	 errplus
2.000000e-01	2.361291e-01	0.000000e+00	0.000000e+00	0.000000e+00
2.361291e-01	2.722583e-01	0.000000e+00	0.000000e+00	0.000000e+00
2.722583e-01	3.083874e-01	0.000000e+00	0.000000e+00	0.000000e+00
3.083874e-01	3.445165e-01	0.000000e+00	0.000000e+00	0.000000e+00
3.445165e-01	3.806457e-01	0.000000e+00	0.000000e+00	0.000000e+00
3.806457e-01	4.167748e-01	0.000000e+00	0.000000e+00	0.000000e+00
4.167748e-01	4.529039e-01	0.000000e+00	0.000000e+00	0.000000e+00
4.529039e-01	4.890331e-01	0.000000e+00	0.000000e+00	0.000000e+00
4.890331e-01	5.251622e-01	0.000000e+00	0.000000e+00	0.000000e+00
5.251622e-01	5.612913e-01	0.000000e+00	0.000000e+00	0.000000e+00
5.612913e-01	5.974205e-01	0.000000e+00	0.000000e+00	0.000000e+00
5.974205e-01	6.335496e-01	0.000000e+00	0.000000e+00	0.000000e+00
6.335496e-01	6.696787e-01	0.000000e+00	0.000000e+00	0.000000e+00
6.696787e-01	7.058079e-01	0.000000e+00	0.000000e+00	0.000000e+00
7.058079e-01	7.419370e-01	0.000000e+00	0.000000e+00	0.000000e+00
7.419370e-01	7.780661e-01	0.000000e+00	0.000000e+00	0.000000e+00
7.780661e-01	8.141953e-01	0.000000e+00	0.000000e+00	0.000000e+00
8.141953e-01	8.503244e-01	0.000000e+00	0.000000e+00	0.000000e+00
8.503244e-01	8.864535e-01	0.000000e+00	0.000000e+00	0.000000e+00
8.864535e-01	9.225827e-01	0.000000e+00	0.000000e+00	0.000000e+00
9.225827e-01	9.587118e-01	0.000000e+00	0.000000e+00	0.000000e+00
9.587118e-01	9.948409e-01	0.000000e+00	0.000000e+00	0.000000e+00
9.948409e-01	1.030970e+00	0.000000e+00	0.000000e+00	0.000000e+00
1.030970e+00	1.067099e+00	0.000000e+00	0.000000e+00	0.000000e+00
1.067099e+00	1.103228e+00	0.000000e+00	0.000000e+00	0.000000e+00
1.103228e+00	1.139357e+00	0.000000e+00	0.000000e+00	0.000000e+00
1.139357e+00	1.175487e+00	0.000000e+00	0.000000e+00	0.000000e+00
1.175487e+00	1.211616e+00	1.005417e-08	5.665366e-09	5.665366e-09
1.211616e+00	1.247745e+00	3.556071e-07	2.713333e-07	2.713333e-07
1.247745e+00	1.283874e+00	8.412555e-07	1.429223e-07	1.429223e-07
1.283874e+00	1.320003e+00	2.188774e-06	4.105781e-07	4.105781e-07
1.320003e+00	1.356132e+00	1.053478e-05	8.923967e-07	8.923967e-07
1.356132e+00	1.392261e+00	2.470081e-05	1.849904e-06	1.849904e-06
1.392261e+00	1.428391e+00	2.074508e-02	1.215214e-04	1.215214e-04
1.428391e+00	1.464520e+00	3.424197e-02	1.653441e-04	1.653441e-04
1.464520e+00	1.500649e+00	4.768092e-02	2.376768e-04	2.376768e-04
1.500649e+00	1.536778e+00	6.402391e-02	2.715709e-04	2.715709e-04
1.536778e+00	1.572907e+00	8.280213e-02	4.088096e-04	4.088096e-04
1.572907e+00	1.609036e+00	1.041759e-01	9.861931e-04	9.861931e-04
1.609036e+00	1.645165e+00	1.282342e-01	4.794471e-04	4.794471e-04
1.645165e+00	1.681294e+00	1.529134e-01	7.829293e-04	7.829293e-04
1.681294e+00	1.717424e+00	1.814820e-01	9.496880e-04	9.496880e-04
1.717424e+00	1.753553e+00	2.086226e-01	8.198000e-04	8.198000e-04
1.753553e+00	1.789682e+00	2.336262e-01	9.502232e-04	9.502232e-04
1.789682e+00	1.825811e+00	2.510463e-01	1.462740e-03	1.462740e-03
1.825811e+00	1.861940e+00	2.687384e-01	1.372697e-03	1.372697e-03
1.861940e+00	1.898069e+00	2.763879e-01	1.351979e-03	1.351979e-03
1.898069e+00	1.934198e+00	2.749244e-01	1.950652e-03	1.950652e-03
1.934198e+00	1.970328e+00	2.720149e-01	1.723328e-03	1.723328e-03
1.970328e+00	2.006457e+00	2.584290e-01	2.504435e-03	2.504435e-03
2.006457e+00	2.042586e+00	2.400381e-01	2.564188e-03	2.564188e-03
2.042586e+00	2.078715e+00	2.219260e-01	2.098964e-03	2.098964e-03
2.078715e+00	2.114844e+00	1.962521e-01	1.910839e-03	1.910839e-03
2.114844e+00	2.150973e+00	1.650871e-01	2.192381e-03	2.192381e-03
2.150973e+00	2.187102e+00	1.440423e-01	3.403081e-03	3.403081e-03
2.187102e+00	2.223231e+00	1.162018e-01	1.493740e-03	1.493740e-03
2.223231e+00	2.259361e+00	9.103961e-02	1.173005e-03	1.173005e-03
2.259361e+00	2.295490e+00	7.217734e-02	1.327129e-03	1.327129e-03
2.295490e+00	2.331619e+00	5.284813e-02	1.016109e-03	1.016109e-03
2.331619e+00	2.367748e+00	3.994747e-02	1.184853e-03	1.184853e-03
2.367748e+00	2.403877e+00	2.656426e-02	1.313190e-03	1.313190e-03
2.403877e+00	2.440006e+00	1.998801e-02	9.438876e-04	9.438876e-04
2.440006e+00	2.476135e+00	1.337778e-02	5.638273e-04	5.638273e-04
2.476135e+00	2.512265e+00	7.703867e-03	3.425263e-04	3.425263e-04
2.512265e+00	2.548394e+00	5.037925e-03	5.047872e-04	5.047872e-04
2.548394e+00	2.584523e+00	2.287631e-03	7.973144e-04	7.973144e-04
2.584523e+00	2.620652e+00	1.538067e-03	9.322975e-05	9.322975e-05
2.620652e+00	2.656781e+00	8.444507e-04	1.131149e-04	1.131149e-04
2.656781e+00	2.692910e+00	4.052869e-04	5.104993e-05	5.104993e-05
2.692910e+00	2.729039e+00	2.810092e-04	1.158661e-04	1.158661e-04
2.729039e+00	2.765168e+00	9.945767e-05	1.689558e-05	1.689558e-05
2.765168e+00	2.801298e+00	4.043310e-05	9.460572e-06	9.460572e-06
2.801298e+00	2.837427e+00	1.191238e-05	2.237359e-06	2.237359e-06
2.837427e+00	2.873556e+00	-8.114681e-06	1.265392e-05	1.265392e-05
2.873556e+00	2.909685e+00	9.095729e-07	2.701252e-07	2.701252e-07
2.909685e+00	2.945814e+00	2.031940e-06	1.839417e-06	1.839417e-06
2.945814e+00	2.981943e+00	6.148900e-09	1.043902e-08	1.043902e-08
2.981943e+00	3.018072e+00	1.060525e-08	6.621126e-09	6.621126e-09
3.018072e+00	3.054202e+00	1.023582e-10	2.779749e-11	2.779749e-11
3.054202e+00	3.090331e+00	1.246255e-12	6.276563e-13	6.276563e-13
3.090331e+00	3.126460e+00	-1.552820e-11	1.612127e-11	1.612127e-11
3.126460e+00	3.162589e+00	3.381497e-18	3.381214e-18	3.381214e-18
3.162589e+00	3.198718e+00	0.000000e+00	0.000000e+00	0.000000e+00
3.198718e+00	3.234847e+00	0.000000e+00	0.000000e+00	0.000000e+00
3.234847e+00	3.270976e+00	0.000000e+00	0.000000e+00	0.000000e+00
3.270976e+00	3.307105e+00	0.000000e+00	0.000000e+00	0.000000e+00
3.307105e+00	3.343235e+00	0.000000e+00	0.000000e+00	0.000000e+00
3.343235e+00	3.379364e+00	0.000000e+00	0.000000e+00	0.000000e+00
3.379364e+00	3.415493e+00	0.000000e+00	0.000000e+00	0.000000e+00
3.415493e+00	3.451622e+00	0.000000e+00	0.000000e+00	0.000000e+00
3.451622e+00	3.487751e+00	0.000000e+00	0.000000e+00	0.000000e+00
3.487751e+00	3.523880e+00	0.000000e+00	0.000000e+00	0.000000e+00
3.523880e+00	3.560009e+00	0.000000e+00	0.000000e+00	0.000000e+00
3.560009e+00	3.596139e+00	0.000000e+00	0.000000e+00	0.000000e+00
3.596139e+00	3.632268e+00	0.000000e+00	0.000000e+00	0.000000e+00
3.632268e+00	3.668397e+00	0.000000e+00	0.000000e+00	0.000000e+00
3.668397e+00	3.704526e+00	0.000000e+00	0.000000e+00	0.000000e+00
3.704526e+00	3.740655e+00	0.000000e+00	0.000000e+00	0.000000e+00
3.740655e+00	3.776784e+00	0.000000e+00	0.000000e+00	0.000000e+00
3.776784e+00	3.812913e+00	0.000000e+00	0.000000e+00	0.000000e+00
# END HISTO1D


# BEGIN HISTO1D //homes/tinghua1/higgs-anomalous/Herwig7/gcc11_install_test/H-N2-N3-4-25gev-mixed/H-N2-N3-4-25gev-mixed-ffac.yoda/MC_H2JETS_04_TIGHT/log10_d_12
ErrorBars=1
LineColor=green
LineStyle=solid
Path=//homes/tinghua1/higgs-anomalous/Herwig7/gcc11_install_test/H-N2-N3-4-25gev-mixed/H-N2-N3-4-25gev-mixed-ffac.yoda/MC_H2JETS_04_TIGHT/log10_d_12
Scale=12.4908894575
Title=CP-mixed-ffac
XLabel=~
YLabel=~
# xlow	 xhigh	 val	 errminus	 errplus
2.000000e-01	2.361291e-01	0.000000e+00	0.000000e+00	0.000000e+00
2.361291e-01	2.722583e-01	0.000000e+00	0.000000e+00	0.000000e+00
2.722583e-01	3.083874e-01	0.000000e+00	0.000000e+00	0.000000e+00
3.083874e-01	3.445165e-01	0.000000e+00	0.000000e+00	0.000000e+00
3.445165e-01	3.806457e-01	0.000000e+00	0.000000e+00	0.000000e+00
3.806457e-01	4.167748e-01	0.000000e+00	0.000000e+00	0.000000e+00
4.167748e-01	4.529039e-01	0.000000e+00	0.000000e+00	0.000000e+00
4.529039e-01	4.890331e-01	0.000000e+00	0.000000e+00	0.000000e+00
4.890331e-01	5.251622e-01	0.000000e+00	0.000000e+00	0.000000e+00
5.251622e-01	5.612913e-01	0.000000e+00	0.000000e+00	0.000000e+00
5.612913e-01	5.974205e-01	0.000000e+00	0.000000e+00	0.000000e+00
5.974205e-01	6.335496e-01	0.000000e+00	0.000000e+00	0.000000e+00
6.335496e-01	6.696787e-01	0.000000e+00	0.000000e+00	0.000000e+00
6.696787e-01	7.058079e-01	0.000000e+00	0.000000e+00	0.000000e+00
7.058079e-01	7.419370e-01	0.000000e+00	0.000000e+00	0.000000e+00
7.419370e-01	7.780661e-01	0.000000e+00	0.000000e+00	0.000000e+00
7.780661e-01	8.141953e-01	0.000000e+00	0.000000e+00	0.000000e+00
8.141953e-01	8.503244e-01	0.000000e+00	0.000000e+00	0.000000e+00
8.503244e-01	8.864535e-01	0.000000e+00	0.000000e+00	0.000000e+00
8.864535e-01	9.225827e-01	0.000000e+00	0.000000e+00	0.000000e+00
9.225827e-01	9.587118e-01	0.000000e+00	0.000000e+00	0.000000e+00
9.587118e-01	9.948409e-01	0.000000e+00	0.000000e+00	0.000000e+00
9.948409e-01	1.030970e+00	0.000000e+00	0.000000e+00	0.000000e+00
1.030970e+00	1.067099e+00	0.000000e+00	0.000000e+00	0.000000e+00
1.067099e+00	1.103228e+00	0.000000e+00	0.000000e+00	0.000000e+00
1.103228e+00	1.139357e+00	0.000000e+00	0.000000e+00	0.000000e+00
1.139357e+00	1.175487e+00	0.000000e+00	0.000000e+00	0.000000e+00
1.175487e+00	1.211616e+00	-6.881954e-10	6.881953e-10	6.881953e-10
1.211616e+00	1.247745e+00	6.412289e-09	1.755513e-07	1.755513e-07
1.247745e+00	1.283874e+00	3.223590e-07	1.792880e-07	1.792880e-07
1.283874e+00	1.320003e+00	6.286914e-07	1.083503e-06	1.083503e-06
1.320003e+00	1.356132e+00	7.236602e-06	2.451372e-06	2.451372e-06
1.356132e+00	1.392261e+00	1.145050e-05	8.390088e-06	8.390088e-06
1.392261e+00	1.428391e+00	1.479549e-02	1.273948e-04	1.273948e-04
1.428391e+00	1.464520e+00	2.411088e-02	1.131080e-04	1.131080e-04
1.464520e+00	1.500649e+00	3.346378e-02	1.829212e-04	1.829212e-04
1.500649e+00	1.536778e+00	4.431471e-02	4.181843e-04	4.181843e-04
1.536778e+00	1.572907e+00	5.534762e-02	3.751259e-04	3.751259e-04
1.572907e+00	1.609036e+00	7.068502e-02	7.370106e-04	7.370106e-04
1.609036e+00	1.645165e+00	8.479604e-02	3.377117e-04	3.377117e-04
1.645165e+00	1.681294e+00	1.006914e-01	7.367398e-04	7.367398e-04
1.681294e+00	1.717424e+00	1.172541e-01	6.054215e-04	6.054215e-04
1.717424e+00	1.753553e+00	1.315194e-01	6.576273e-04	6.576273e-04
1.753553e+00	1.789682e+00	1.449330e-01	8.812371e-04	8.812371e-04
1.789682e+00	1.825811e+00	1.528677e-01	7.463920e-04	7.463920e-04
1.825811e+00	1.861940e+00	1.571874e-01	1.015248e-03	1.015248e-03
1.861940e+00	1.898069e+00	1.551520e-01	3.603923e-03	3.603923e-03
1.898069e+00	1.934198e+00	1.543303e-01	3.502691e-03	3.502691e-03
1.934198e+00	1.970328e+00	1.413466e-01	1.215024e-03	1.215024e-03
1.970328e+00	2.006457e+00	1.264308e-01	1.066298e-03	1.066298e-03
2.006457e+00	2.042586e+00	1.090741e-01	2.750149e-03	2.750149e-03
2.042586e+00	2.078715e+00	9.650793e-02	1.180399e-03	1.180399e-03
2.078715e+00	2.114844e+00	7.792507e-02	1.267845e-03	1.267845e-03
2.114844e+00	2.150973e+00	6.205555e-02	6.523921e-04	6.523921e-04
2.150973e+00	2.187102e+00	5.029444e-02	1.184964e-03	1.184964e-03
2.187102e+00	2.223231e+00	3.775372e-02	2.275232e-03	2.275232e-03
2.223231e+00	2.259361e+00	2.603812e-02	8.153901e-04	8.153901e-04
2.259361e+00	2.295490e+00	1.786271e-02	1.038433e-03	1.038433e-03
2.295490e+00	2.331619e+00	1.197973e-02	5.501202e-04	5.501202e-04
2.331619e+00	2.367748e+00	6.963902e-03	2.791555e-04	2.791555e-04
2.367748e+00	2.403877e+00	4.291021e-03	5.218098e-04	5.218098e-04
2.403877e+00	2.440006e+00	2.825019e-03	1.799865e-04	1.799865e-04
2.440006e+00	2.476135e+00	1.852761e-03	3.420968e-04	3.420968e-04
2.476135e+00	2.512265e+00	6.900507e-04	1.142732e-04	1.142732e-04
2.512265e+00	2.548394e+00	3.503933e-04	7.387382e-05	7.387382e-05
2.548394e+00	2.584523e+00	5.048147e-05	7.633766e-05	7.633766e-05
2.584523e+00	2.620652e+00	6.116956e-05	2.763888e-05	2.763888e-05
2.620652e+00	2.656781e+00	3.017512e-05	1.533579e-05	1.533579e-05
2.656781e+00	2.692910e+00	3.546359e-05	3.431801e-05	3.431801e-05
2.692910e+00	2.729039e+00	1.685817e-06	3.061637e-06	3.061637e-06
2.729039e+00	2.765168e+00	4.177456e-06	2.213609e-06	2.213609e-06
2.765168e+00	2.801298e+00	8.525594e-07	8.180560e-07	8.180560e-07
2.801298e+00	2.837427e+00	5.538689e-09	3.580942e-07	3.580942e-07
2.837427e+00	2.873556e+00	4.869650e-08	4.014213e-08	4.014213e-08
2.873556e+00	2.909685e+00	-2.655712e-08	2.838310e-08	2.838310e-08
2.909685e+00	2.945814e+00	3.666609e-09	3.356980e-09	3.356980e-09
2.945814e+00	2.981943e+00	7.419220e-09	7.414293e-09	7.414293e-09
2.981943e+00	3.018072e+00	-5.923455e-13	6.398144e-13	6.398144e-13
3.018072e+00	3.054202e+00	2.683920e-14	2.136353e-14	2.136353e-14
3.054202e+00	3.090331e+00	2.299447e-16	2.342280e-16	2.342280e-16
3.090331e+00	3.126460e+00	2.838974e-26	2.814925e-26	2.814925e-26
3.126460e+00	3.162589e+00	0.000000e+00	0.000000e+00	0.000000e+00
3.162589e+00	3.198718e+00	0.000000e+00	0.000000e+00	0.000000e+00
3.198718e+00	3.234847e+00	0.000000e+00	0.000000e+00	0.000000e+00
3.234847e+00	3.270976e+00	0.000000e+00	0.000000e+00	0.000000e+00
3.270976e+00	3.307105e+00	0.000000e+00	0.000000e+00	0.000000e+00
3.307105e+00	3.343235e+00	0.000000e+00	0.000000e+00	0.000000e+00
3.343235e+00	3.379364e+00	0.000000e+00	0.000000e+00	0.000000e+00
3.379364e+00	3.415493e+00	0.000000e+00	0.000000e+00	0.000000e+00
3.415493e+00	3.451622e+00	0.000000e+00	0.000000e+00	0.000000e+00
3.451622e+00	3.487751e+00	0.000000e+00	0.000000e+00	0.000000e+00
3.487751e+00	3.523880e+00	0.000000e+00	0.000000e+00	0.000000e+00
3.523880e+00	3.560009e+00	0.000000e+00	0.000000e+00	0.000000e+00
3.560009e+00	3.596139e+00	0.000000e+00	0.000000e+00	0.000000e+00
3.596139e+00	3.632268e+00	0.000000e+00	0.000000e+00	0.000000e+00
3.632268e+00	3.668397e+00	0.000000e+00	0.000000e+00	0.000000e+00
3.668397e+00	3.704526e+00	0.000000e+00	0.000000e+00	0.000000e+00
3.704526e+00	3.740655e+00	0.000000e+00	0.000000e+00	0.000000e+00
3.740655e+00	3.776784e+00	0.000000e+00	0.000000e+00	0.000000e+00
3.776784e+00	3.812913e+00	0.000000e+00	0.000000e+00	0.000000e+00
# END HISTO1D

