# BEGIN PLOT
LegendOnly=//homes/tinghua1/higgs-anomalous/Herwig7/gcc11_install_test/plots/H-N2-N3-4-25gev-even-combine.yoda/MC_H2JETS_04_LOOSE/H_jjj_pT_incl //homes/tinghua1/higgs-anomalous/Herwig7/gcc11_install_test/plots/H2Jets-NLOPS-even-combine.yoda/MC_H2JETS_04_LOOSE/H_jjj_pT_incl //homes/tinghua1/higgs-anomalous/Herwig7/gcc11_install_test/plots/H2Jets-NLO-even-combine.yoda/MC_H2JETS_04_LOOSE/H_jjj_pT_incl
DrawOnly=//homes/tinghua1/higgs-anomalous/Herwig7/gcc11_install_test/plots/H-N2-N3-4-25gev-even-combine.yoda/MC_H2JETS_04_LOOSE/H_jjj_pT_incl //homes/tinghua1/higgs-anomalous/Herwig7/gcc11_install_test/plots/H2Jets-NLOPS-even-combine.yoda/MC_H2JETS_04_LOOSE/H_jjj_pT_incl //homes/tinghua1/higgs-anomalous/Herwig7/gcc11_install_test/plots/H2Jets-NLO-even-combine.yoda/MC_H2JETS_04_LOOSE/H_jjj_pT_incl
RightMargin=0.5
RatioPlotReference=//homes/tinghua1/higgs-anomalous/Herwig7/gcc11_install_test/plots/H-N2-N3-4-25gev-even-combine.yoda/MC_H2JETS_04_LOOSE/H_jjj_pT_incl
RatioPlot=1
LogY=1
RatioPlotYMax=1.6
RatioPlotYLabel=Ratio
XLabel=$p_{T,j_1j_2j_3}^{incl}$ (GeV)
LegendAlign=r
YLabel=$ \text{d} \sigma/ \text{d}  p_{T,j_1j_2j_3}^{incl}$ (pb/GeV)
Legend=1
RatioPlotYMin=0.4
# END PLOT


# BEGIN SPECIAL /MC_H2JETS_04_LOOSE/H_jjj_pT_incl
\rput[tl](0.05,0.75){\parbox{5cm}{\textcolor{gray}{{\bf Herwig 7.2.3} \\ VBFNLO 3.0.0}}}
# END SPECIAL

# BEGIN HISTO1D //homes/tinghua1/higgs-anomalous/Herwig7/gcc11_install_test/plots/H-N2-N3-4-25gev-even-combine.yoda/MC_H2JETS_04_LOOSE/H_jjj_pT_incl
ErrorBandColor=red
ErrorBandOpacity=0.3
ErrorBands=1
ErrorBars=1
ErrorType=env
LineColor=red
LineStyle=solid
Path=//homes/tinghua1/higgs-anomalous/Herwig7/gcc11_install_test/plots/H-N2-N3-4-25gev-even-combine.yoda/MC_H2JETS_04_LOOSE/H_jjj_pT_incl
RatioPlotSameStyle=1
Title=h(2*,3*,4)
# xlow	 xhigh	 val	 errminus	 errplus
0.000000e+00	1.000000e+01	1.185905e-04	7.530200e-06	4.433000e-07
1.000000e+01	2.000000e+01	3.549051e-04	3.206180e-05	0.000000e+00
2.000000e+01	3.000000e+01	5.385539e-04	1.712110e-05	3.598400e-05
3.000000e+01	4.000000e+01	6.917735e-04	0.000000e+00	5.637480e-05
4.000000e+01	5.000000e+01	8.804303e-04	4.602420e-05	2.867090e-05
5.000000e+01	6.000000e+01	1.043653e-03	6.475260e-05	1.673500e-05
6.000000e+01	7.000000e+01	1.087675e-03	4.037800e-05	6.649100e-05
7.000000e+01	8.000000e+01	1.166839e-03	3.974600e-05	1.653100e-05
8.000000e+01	9.000000e+01	1.186510e-03	2.579447e-04	0.000000e+00
9.000000e+01	1.000000e+02	1.198381e-03	5.106100e-05	8.198000e-05
1.000000e+02	1.100000e+02	1.248857e-03	9.997100e-05	4.054000e-06
1.100000e+02	1.200000e+02	1.189971e-03	5.581900e-05	4.009800e-05
1.200000e+02	1.300000e+02	1.184586e-03	1.412200e-04	2.536200e-05
1.300000e+02	1.400000e+02	1.177969e-03	2.686200e-05	2.476700e-05
1.400000e+02	1.500000e+02	1.086653e-03	0.000000e+00	7.372600e-05
1.500000e+02	1.600000e+02	1.077708e-03	7.706400e-05	2.138200e-05
1.600000e+02	1.700000e+02	1.038047e-03	1.187500e-05	8.460100e-05
1.700000e+02	1.800000e+02	9.899769e-04	0.000000e+00	9.562910e-05
1.800000e+02	1.900000e+02	1.019857e-03	7.357870e-05	2.013500e-05
1.900000e+02	2.000000e+02	9.454735e-04	1.979950e-05	1.446170e-05
2.000000e+02	2.100000e+02	9.263718e-04	6.296340e-05	0.000000e+00
2.100000e+02	2.200000e+02	8.696268e-04	7.563650e-05	5.742020e-05
2.200000e+02	2.300000e+02	8.084128e-04	0.000000e+00	6.076190e-05
2.300000e+02	2.400000e+02	7.616466e-04	8.176200e-06	5.381740e-05
2.400000e+02	2.500000e+02	7.568256e-04	3.363700e-05	0.000000e+00
2.500000e+02	2.600000e+02	7.317032e-04	1.477520e-05	0.000000e+00
2.600000e+02	2.700000e+02	6.898620e-04	2.799860e-05	0.000000e+00
2.700000e+02	2.800000e+02	6.529022e-04	1.053020e-05	0.000000e+00
2.800000e+02	2.900000e+02	6.198971e-04	0.000000e+00	1.544020e-05
2.900000e+02	3.000000e+02	5.671361e-04	1.754900e-06	1.794280e-05
3.000000e+02	3.100000e+02	5.655396e-04	1.873680e-05	1.232000e-07
3.100000e+02	3.200000e+02	5.297478e-04	0.000000e+00	1.700170e-05
3.200000e+02	3.300000e+02	4.853477e-04	1.628056e-04	0.000000e+00
3.300000e+02	3.400000e+02	4.461938e-04	0.000000e+00	1.522250e-05
3.400000e+02	3.500000e+02	4.443764e-04	2.222450e-05	0.000000e+00
3.500000e+02	3.600000e+02	4.167450e-04	4.884500e-06	2.576380e-05
3.600000e+02	3.700000e+02	4.211829e-04	2.367620e-05	1.302200e-05
3.700000e+02	3.800000e+02	3.913208e-04	0.000000e+00	8.514100e-06
3.800000e+02	3.900000e+02	3.747193e-04	2.839260e-05	0.000000e+00
3.900000e+02	4.000000e+02	3.687328e-04	4.677830e-05	0.000000e+00
4.000000e+02	4.100000e+02	3.446699e-04	2.716430e-05	0.000000e+00
4.100000e+02	4.200000e+02	3.150845e-04	1.837970e-05	3.831780e-05
4.200000e+02	4.300000e+02	2.938677e-04	9.546200e-06	2.447900e-05
4.300000e+02	4.400000e+02	2.925757e-04	3.074140e-05	4.785000e-07
4.400000e+02	4.500000e+02	2.699075e-04	2.287690e-05	1.011920e-05
4.500000e+02	4.600000e+02	2.516816e-04	7.904600e-06	1.503270e-05
4.600000e+02	4.700000e+02	2.231906e-04	3.154440e-05	3.618430e-05
4.700000e+02	4.800000e+02	2.289470e-04	0.000000e+00	3.075910e-05
4.800000e+02	4.900000e+02	2.267961e-04	5.311330e-05	0.000000e+00
4.900000e+02	5.000000e+02	1.859496e-04	0.000000e+00	3.661130e-05
# END HISTO1D


# BEGIN HISTO1D //homes/tinghua1/higgs-anomalous/Herwig7/gcc11_install_test/plots/H2Jets-NLOPS-even-combine.yoda/MC_H2JETS_04_LOOSE/H_jjj_pT_incl
ErrorBandColor=green
ErrorBandOpacity=0.3
ErrorBands=1
ErrorBars=1
ErrorType=env
LineColor=green
LineStyle=solid
Path=//homes/tinghua1/higgs-anomalous/Herwig7/gcc11_install_test/plots/H2Jets-NLOPS-even-combine.yoda/MC_H2JETS_04_LOOSE/H_jjj_pT_incl
RatioPlotSameStyle=1
Title=h(2*) $\oplus$ PS
# xlow	 xhigh	 val	 errminus	 errplus
0.000000e+00	1.000000e+01	8.070079e-05	0.000000e+00	1.600523e-05
1.000000e+01	2.000000e+01	2.398518e-04	0.000000e+00	4.844060e-05
2.000000e+01	3.000000e+01	3.898862e-04	0.000000e+00	7.739430e-05
3.000000e+01	4.000000e+01	5.223027e-04	0.000000e+00	1.038915e-04
4.000000e+01	5.000000e+01	6.307847e-04	0.000000e+00	1.273764e-04
5.000000e+01	6.000000e+01	7.177396e-04	0.000000e+00	1.421395e-04
6.000000e+01	7.000000e+01	7.803359e-04	0.000000e+00	1.516242e-04
7.000000e+01	8.000000e+01	8.192873e-04	0.000000e+00	1.610763e-04
8.000000e+01	9.000000e+01	8.451241e-04	0.000000e+00	1.618489e-04
9.000000e+01	1.000000e+02	8.520437e-04	0.000000e+00	1.685993e-04
1.000000e+02	1.100000e+02	8.512626e-04	0.000000e+00	1.644124e-04
1.100000e+02	1.200000e+02	8.431306e-04	0.000000e+00	1.620674e-04
1.200000e+02	1.300000e+02	8.309605e-04	0.000000e+00	1.568351e-04
1.300000e+02	1.400000e+02	8.115231e-04	0.000000e+00	1.571907e-04
1.400000e+02	1.500000e+02	7.903637e-04	0.000000e+00	1.490322e-04
1.500000e+02	1.600000e+02	7.678103e-04	0.000000e+00	1.460975e-04
1.600000e+02	1.700000e+02	7.443984e-04	0.000000e+00	1.393862e-04
1.700000e+02	1.800000e+02	7.174515e-04	0.000000e+00	1.359026e-04
1.800000e+02	1.900000e+02	6.949825e-04	0.000000e+00	1.240789e-04
1.900000e+02	2.000000e+02	6.677436e-04	0.000000e+00	1.210615e-04
2.000000e+02	2.100000e+02	6.416899e-04	0.000000e+00	1.145346e-04
2.100000e+02	2.200000e+02	6.152609e-04	0.000000e+00	1.096083e-04
2.200000e+02	2.300000e+02	5.884327e-04	0.000000e+00	1.041507e-04
2.300000e+02	2.400000e+02	5.640725e-04	0.000000e+00	9.772250e-05
2.400000e+02	2.500000e+02	5.396604e-04	0.000000e+00	9.300820e-05
2.500000e+02	2.600000e+02	5.166076e-04	0.000000e+00	8.592380e-05
2.600000e+02	2.700000e+02	4.909493e-04	0.000000e+00	8.242640e-05
2.700000e+02	2.800000e+02	4.693475e-04	0.000000e+00	7.667370e-05
2.800000e+02	2.900000e+02	4.475555e-04	0.000000e+00	7.258070e-05
2.900000e+02	3.000000e+02	4.278538e-04	0.000000e+00	6.668860e-05
3.000000e+02	3.100000e+02	4.044568e-04	0.000000e+00	6.547460e-05
3.100000e+02	3.200000e+02	3.867979e-04	0.000000e+00	6.235600e-05
3.200000e+02	3.300000e+02	3.679096e-04	0.000000e+00	5.808640e-05
3.300000e+02	3.400000e+02	3.498966e-04	0.000000e+00	5.474480e-05
3.400000e+02	3.500000e+02	3.325264e-04	0.000000e+00	4.979450e-05
3.500000e+02	3.600000e+02	3.169877e-04	0.000000e+00	4.680390e-05
3.600000e+02	3.700000e+02	3.007967e-04	0.000000e+00	4.424180e-05
3.700000e+02	3.800000e+02	2.854825e-04	0.000000e+00	4.278960e-05
3.800000e+02	3.900000e+02	2.719670e-04	0.000000e+00	3.909940e-05
3.900000e+02	4.000000e+02	2.572265e-04	0.000000e+00	3.976170e-05
4.000000e+02	4.100000e+02	2.448125e-04	0.000000e+00	3.638560e-05
4.100000e+02	4.200000e+02	2.328878e-04	0.000000e+00	3.394200e-05
4.200000e+02	4.300000e+02	2.213645e-04	0.000000e+00	3.189140e-05
4.300000e+02	4.400000e+02	2.111688e-04	0.000000e+00	2.822470e-05
4.400000e+02	4.500000e+02	2.006441e-04	0.000000e+00	2.773190e-05
4.500000e+02	4.600000e+02	1.898626e-04	0.000000e+00	2.794880e-05
4.600000e+02	4.700000e+02	1.803618e-04	0.000000e+00	2.686750e-05
4.700000e+02	4.800000e+02	1.723054e-04	0.000000e+00	2.409680e-05
4.800000e+02	4.900000e+02	1.643742e-04	0.000000e+00	2.221060e-05
4.900000e+02	5.000000e+02	1.558665e-04	0.000000e+00	2.243520e-05
# END HISTO1D


# BEGIN HISTO1D //homes/tinghua1/higgs-anomalous/Herwig7/gcc11_install_test/plots/H2Jets-NLO-even-combine.yoda/MC_H2JETS_04_LOOSE/H_jjj_pT_incl
ErrorBandColor=orange
ErrorBandOpacity=0.3
ErrorBands=1
ErrorBars=1
ErrorType=env
LineColor=orange
LineStyle=solid
Path=//homes/tinghua1/higgs-anomalous/Herwig7/gcc11_install_test/plots/H2Jets-NLO-even-combine.yoda/MC_H2JETS_04_LOOSE/H_jjj_pT_incl
RatioPlotSameStyle=1
Title=h(2*)-FO
# xlow	 xhigh	 val	 errminus	 errplus
0.000000e+00	1.000000e+01	7.833783e-05	0.000000e+00	2.360967e-05
1.000000e+01	2.000000e+01	2.291260e-04	0.000000e+00	7.512270e-05
2.000000e+01	3.000000e+01	3.647190e-04	0.000000e+00	1.243552e-04
3.000000e+01	4.000000e+01	4.905125e-04	0.000000e+00	1.516626e-04
4.000000e+01	5.000000e+01	5.983957e-04	0.000000e+00	1.896210e-04
5.000000e+01	6.000000e+01	6.696016e-04	0.000000e+00	2.118293e-04
6.000000e+01	7.000000e+01	7.322782e-04	0.000000e+00	2.352890e-04
7.000000e+01	8.000000e+01	7.659526e-04	0.000000e+00	2.472774e-04
8.000000e+01	9.000000e+01	7.839292e-04	0.000000e+00	2.535468e-04
9.000000e+01	1.000000e+02	7.949052e-04	0.000000e+00	2.567398e-04
1.000000e+02	1.100000e+02	7.917008e-04	0.000000e+00	2.529652e-04
1.100000e+02	1.200000e+02	7.787066e-04	0.000000e+00	2.560034e-04
1.200000e+02	1.300000e+02	7.653548e-04	0.000000e+00	2.533402e-04
1.300000e+02	1.400000e+02	7.517459e-04	0.000000e+00	2.436091e-04
1.400000e+02	1.500000e+02	7.273607e-04	0.000000e+00	2.433086e-04
1.500000e+02	1.600000e+02	7.049988e-04	0.000000e+00	2.406579e-04
1.600000e+02	1.700000e+02	6.821608e-04	0.000000e+00	2.408064e-04
1.700000e+02	1.800000e+02	6.643421e-04	0.000000e+00	2.289937e-04
1.800000e+02	1.900000e+02	6.463546e-04	0.000000e+00	2.143761e-04
1.900000e+02	2.000000e+02	6.116625e-04	0.000000e+00	2.218398e-04
2.000000e+02	2.100000e+02	5.866102e-04	0.000000e+00	2.262030e-04
2.100000e+02	2.200000e+02	5.732530e-04	0.000000e+00	2.042410e-04
2.200000e+02	2.300000e+02	5.417331e-04	0.000000e+00	2.007128e-04
2.300000e+02	2.400000e+02	5.211372e-04	0.000000e+00	1.886020e-04
2.400000e+02	2.500000e+02	5.026899e-04	0.000000e+00	1.783284e-04
2.500000e+02	2.600000e+02	4.836176e-04	0.000000e+00	1.660182e-04
2.600000e+02	2.700000e+02	4.614786e-04	0.000000e+00	1.660468e-04
2.700000e+02	2.800000e+02	4.366162e-04	0.000000e+00	1.676571e-04
2.800000e+02	2.900000e+02	4.160766e-04	0.000000e+00	1.533151e-04
2.900000e+02	3.000000e+02	4.008628e-04	0.000000e+00	1.516143e-04
3.000000e+02	3.100000e+02	3.794828e-04	0.000000e+00	1.401539e-04
3.100000e+02	3.200000e+02	3.586176e-04	0.000000e+00	1.341983e-04
3.200000e+02	3.300000e+02	3.409946e-04	0.000000e+00	1.270129e-04
3.300000e+02	3.400000e+02	3.185503e-04	0.000000e+00	1.342714e-04
3.400000e+02	3.500000e+02	3.096276e-04	0.000000e+00	1.134776e-04
3.500000e+02	3.600000e+02	2.955777e-04	0.000000e+00	1.094204e-04
3.600000e+02	3.700000e+02	2.763647e-04	0.000000e+00	1.107054e-04
3.700000e+02	3.800000e+02	2.638414e-04	0.000000e+00	1.050506e-04
3.800000e+02	3.900000e+02	2.481981e-04	0.000000e+00	9.994800e-05
3.900000e+02	4.000000e+02	2.459428e-04	0.000000e+00	8.972410e-05
4.000000e+02	4.100000e+02	2.293857e-04	0.000000e+00	8.893370e-05
4.100000e+02	4.200000e+02	2.116601e-04	0.000000e+00	8.449500e-05
4.200000e+02	4.300000e+02	2.062927e-04	0.000000e+00	7.920610e-05
4.300000e+02	4.400000e+02	1.944672e-04	0.000000e+00	7.610080e-05
4.400000e+02	4.500000e+02	1.841267e-04	0.000000e+00	6.901950e-05
4.500000e+02	4.600000e+02	1.730670e-04	0.000000e+00	6.765930e-05
4.600000e+02	4.700000e+02	1.720347e-04	0.000000e+00	6.112940e-05
4.700000e+02	4.800000e+02	1.583217e-04	0.000000e+00	6.475170e-05
4.800000e+02	4.900000e+02	1.531259e-04	0.000000e+00	5.962400e-05
4.900000e+02	5.000000e+02	1.446605e-04	0.000000e+00	5.226430e-05
# END HISTO1D

