# BEGIN PLOT
LegendOnly=//homes/tinghua1/higgs-anomalous/Herwig7/gcc11_install_test/plots/H-N2-N3-4-25gev-even-combine.yoda/MC_H2JETS_04_LOOSE/j2j4_mass //homes/tinghua1/higgs-anomalous/Herwig7/gcc11_install_test/plots/H2Jets-NLOPS-even-combine.yoda/MC_H2JETS_04_LOOSE/j2j4_mass //homes/tinghua1/higgs-anomalous/Herwig7/gcc11_install_test/plots/H2Jets-NLO-even-combine.yoda/MC_H2JETS_04_LOOSE/j2j4_mass
DrawOnly=//homes/tinghua1/higgs-anomalous/Herwig7/gcc11_install_test/plots/H-N2-N3-4-25gev-even-combine.yoda/MC_H2JETS_04_LOOSE/j2j4_mass //homes/tinghua1/higgs-anomalous/Herwig7/gcc11_install_test/plots/H2Jets-NLOPS-even-combine.yoda/MC_H2JETS_04_LOOSE/j2j4_mass //homes/tinghua1/higgs-anomalous/Herwig7/gcc11_install_test/plots/H2Jets-NLO-even-combine.yoda/MC_H2JETS_04_LOOSE/j2j4_mass
RightMargin=0.5
RatioPlotReference=//homes/tinghua1/higgs-anomalous/Herwig7/gcc11_install_test/plots/H-N2-N3-4-25gev-even-combine.yoda/MC_H2JETS_04_LOOSE/j2j4_mass
RatioPlot=1
LogY=1
RatioPlotYMax=2.0
RatioPlotYLabel=Ratio
XLabel=$m_{j_2j_4}$ (GeV)
LegendAlign=r
XMax=1000
YLabel=$ \text{d} \sigma/ \text{d}  m_{j_2j_4}$ (pb/GeV)
Legend=1
RatioPlotYMin=0.0
# END PLOT


# BEGIN SPECIAL /MC_H2JETS_04_LOOSE/j2j4_mass
\rput[tl](0.05,0.75){\parbox{5cm}{\textcolor{gray}{{\bf Herwig 7.2.3} \\ VBFNLO 3.0.0}}}
# END SPECIAL

# BEGIN HISTO1D //homes/tinghua1/higgs-anomalous/Herwig7/gcc11_install_test/plots/H-N2-N3-4-25gev-even-combine.yoda/MC_H2JETS_04_LOOSE/j2j4_mass
ErrorBandColor=red
ErrorBandOpacity=0.3
ErrorBands=1
ErrorBars=1
ErrorType=env
LineColor=red
LineStyle=solid
Path=//homes/tinghua1/higgs-anomalous/Herwig7/gcc11_install_test/plots/H-N2-N3-4-25gev-even-combine.yoda/MC_H2JETS_04_LOOSE/j2j4_mass
RatioPlotSameStyle=1
Title=h(2*,3*,4)
# xlow	 xhigh	 val	 errminus	 errplus
0.000000e+00	4.000000e+01	1.270683e-04	7.783500e-06	8.113775e-06
4.000000e+01	8.000000e+01	3.593535e-04	2.539750e-05	1.226500e-05
8.000000e+01	1.200000e+02	3.080067e-04	1.806725e-05	2.502575e-05
1.200000e+02	1.600000e+02	2.626180e-04	2.025482e-05	1.108875e-05
1.600000e+02	2.000000e+02	1.950822e-04	4.334625e-06	1.692955e-05
2.000000e+02	2.400000e+02	1.581740e-04	0.000000e+00	2.035025e-05
2.400000e+02	2.800000e+02	1.397594e-04	1.692910e-05	4.122950e-06
2.800000e+02	3.200000e+02	1.173217e-04	1.271817e-05	6.977650e-06
3.200000e+02	3.600000e+02	1.002099e-04	4.770000e-06	9.174650e-06
3.600000e+02	4.000000e+02	8.649752e-05	4.006025e-06	3.631725e-06
4.000000e+02	4.400000e+02	7.483583e-05	7.317900e-06	1.084525e-05
4.400000e+02	4.800000e+02	6.456172e-05	3.330750e-06	3.001250e-06
4.800000e+02	5.200000e+02	5.736512e-05	3.812975e-06	0.000000e+00
5.200000e+02	5.600000e+02	5.379693e-05	1.363393e-05	3.787025e-06
5.600000e+02	6.000000e+02	4.619590e-05	4.097900e-06	1.280400e-06
6.000000e+02	6.400000e+02	4.062853e-05	4.103325e-06	9.866525e-06
6.400000e+02	6.800000e+02	3.722035e-05	1.207277e-05	0.000000e+00
6.800000e+02	7.200000e+02	2.828675e-05	0.000000e+00	1.329095e-05
7.200000e+02	7.600000e+02	2.726158e-05	4.827000e-07	4.920575e-06
7.600000e+02	8.000000e+02	2.596775e-05	1.090000e-06	1.740475e-06
8.000000e+02	8.400000e+02	2.227427e-05	0.000000e+00	4.816975e-07
8.400000e+02	8.800000e+02	2.049750e-05	4.800772e-06	4.896695e-06
8.800000e+02	9.200000e+02	1.877844e-05	3.007938e-06	1.715358e-06
9.200000e+02	9.600000e+02	1.667796e-05	1.799013e-06	8.893975e-07
9.600000e+02	1.000000e+03	1.568456e-05	1.793045e-06	1.160075e-07
1.000000e+03	1.040000e+03	1.510898e-05	2.947273e-06	2.120610e-06
1.040000e+03	1.080000e+03	1.304652e-05	1.171290e-06	5.338800e-07
1.080000e+03	1.120000e+03	1.098530e-05	6.961475e-07	5.947225e-07
1.120000e+03	1.160000e+03	9.621275e-06	8.371500e-07	3.424200e-07
1.160000e+03	1.200000e+03	8.535613e-06	3.018275e-07	1.792505e-06
1.200000e+03	1.240000e+03	8.332630e-06	0.000000e+00	8.843450e-07
1.240000e+03	1.280000e+03	6.981408e-06	0.000000e+00	1.191255e-06
1.280000e+03	1.320000e+03	7.129910e-06	9.729575e-07	2.033225e-07
1.320000e+03	1.360000e+03	6.424785e-06	1.811080e-06	0.000000e+00
1.360000e+03	1.400000e+03	5.963732e-06	7.276125e-07	0.000000e+00
1.400000e+03	1.440000e+03	5.386182e-06	0.000000e+00	1.821120e-06
1.440000e+03	1.480000e+03	5.345938e-06	7.972675e-07	8.021350e-07
1.480000e+03	1.520000e+03	4.329362e-06	0.000000e+00	7.415200e-07
1.520000e+03	1.560000e+03	4.480170e-06	5.228950e-07	7.139500e-08
1.560000e+03	1.600000e+03	3.687328e-06	2.698850e-07	5.247750e-07
1.600000e+03	1.640000e+03	3.580233e-06	2.636125e-07	4.029250e-08
1.640000e+03	1.680000e+03	3.441417e-06	5.799325e-07	5.901675e-07
1.680000e+03	1.720000e+03	3.738790e-06	1.182015e-06	0.000000e+00
1.720000e+03	1.760000e+03	2.691345e-06	2.697305e-07	3.822125e-07
1.760000e+03	1.800000e+03	2.522515e-06	1.690065e-07	1.906175e-07
1.800000e+03	1.840000e+03	1.411049e-06	0.000000e+00	1.010645e-06
1.840000e+03	1.880000e+03	1.523654e-06	0.000000e+00	1.033957e-06
1.880000e+03	1.920000e+03	2.120708e-06	4.673218e-07	0.000000e+00
1.920000e+03	1.960000e+03	1.704518e-06	1.217202e-07	4.326127e-07
1.960000e+03	2.000000e+03	1.752381e-06	3.489160e-07	2.112530e-07
2.000000e+03	2.040000e+03	1.573550e-06	0.000000e+00	6.057238e-07
2.040000e+03	2.080000e+03	1.295241e-06	1.537960e-07	2.033475e-07
2.080000e+03	2.120000e+03	1.207114e-06	0.000000e+00	1.773750e-07
2.120000e+03	2.160000e+03	1.347987e-06	1.884422e-07	1.810800e-08
2.160000e+03	2.200000e+03	1.124189e-06	8.099825e-08	6.521350e-08
2.200000e+03	2.240000e+03	1.062454e-06	6.493850e-08	0.000000e+00
2.240000e+03	2.280000e+03	1.125155e-06	4.682240e-07	0.000000e+00
2.280000e+03	2.320000e+03	7.785360e-07	5.462025e-08	8.431412e-07
2.320000e+03	2.360000e+03	6.744788e-07	2.538500e-09	4.381365e-07
2.360000e+03	2.400000e+03	6.416398e-07	0.000000e+00	3.564332e-07
2.400000e+03	2.440000e+03	6.689337e-07	7.888450e-08	0.000000e+00
2.440000e+03	2.480000e+03	7.621423e-07	9.139050e-08	2.947025e-08
2.480000e+03	2.520000e+03	7.080660e-07	2.084005e-07	1.093385e-07
2.520000e+03	2.560000e+03	6.524965e-07	2.300265e-07	0.000000e+00
2.560000e+03	2.600000e+03	6.184575e-07	1.668667e-07	3.152350e-08
2.600000e+03	2.640000e+03	4.607838e-07	1.936075e-08	1.297875e-07
2.640000e+03	2.680000e+03	4.003185e-07	0.000000e+00	1.229960e-07
2.680000e+03	2.720000e+03	4.069943e-07	4.255325e-08	3.075475e-08
2.720000e+03	2.760000e+03	4.476432e-07	5.918475e-08	5.737750e-08
2.760000e+03	2.800000e+03	3.378125e-07	2.843475e-08	0.000000e+00
2.800000e+03	2.840000e+03	3.083578e-07	2.103075e-08	5.489400e-08
2.840000e+03	2.880000e+03	2.327056e-07	0.000000e+00	1.561812e-07
2.880000e+03	2.920000e+03	3.065335e-07	0.000000e+00	5.845825e-08
2.920000e+03	2.960000e+03	2.641285e-07	5.008762e-08	2.444100e-08
2.960000e+03	3.000000e+03	2.025708e-07	0.000000e+00	1.164907e-07
3.000000e+03	3.040000e+03	2.257795e-07	3.064950e-08	1.084171e-07
3.040000e+03	3.080000e+03	1.770387e-07	0.000000e+00	9.210677e-08
3.080000e+03	3.120000e+03	1.672855e-07	8.154500e-10	9.833423e-08
3.120000e+03	3.160000e+03	1.854406e-07	4.761875e-09	4.926250e-09
3.160000e+03	3.200000e+03	5.367385e-08	0.000000e+00	4.373928e-08
3.200000e+03	3.240000e+03	1.562092e-07	2.709475e-08	7.294320e-08
3.240000e+03	3.280000e+03	1.322798e-07	3.090308e-08	5.326655e-08
3.280000e+03	3.320000e+03	1.405232e-07	2.007685e-08	0.000000e+00
3.320000e+03	3.360000e+03	1.148946e-07	2.737770e-08	2.473797e-08
3.360000e+03	3.400000e+03	1.437672e-07	9.046970e-07	0.000000e+00
3.400000e+03	3.440000e+03	1.107347e-07	2.789295e-08	0.000000e+00
3.440000e+03	3.480000e+03	8.182205e-08	5.554175e-09	9.556250e-09
3.480000e+03	3.520000e+03	8.664488e-08	2.102100e-08	2.904372e-08
3.520000e+03	3.560000e+03	8.136692e-08	1.289047e-08	2.546875e-09
3.560000e+03	3.600000e+03	6.503350e-08	3.972000e-10	1.297163e-08
3.600000e+03	3.640000e+03	6.564273e-08	2.798595e-08	2.916737e-08
3.640000e+03	3.680000e+03	2.520195e-08	0.000000e+00	4.166553e-08
3.680000e+03	3.720000e+03	6.741197e-08	2.728417e-08	4.968250e-09
3.720000e+03	3.760000e+03	6.440217e-08	1.328622e-08	2.313280e-08
3.760000e+03	3.800000e+03	5.668417e-08	1.018992e-08	3.678275e-09
3.800000e+03	3.840000e+03	4.015565e-08	1.677950e-09	1.096257e-08
3.840000e+03	3.880000e+03	5.150760e-08	2.073268e-08	0.000000e+00
3.880000e+03	3.920000e+03	3.276248e-08	0.000000e+00	2.476175e-08
3.920000e+03	3.960000e+03	3.199817e-08	3.946900e-09	3.038780e-08
3.960000e+03	4.000000e+03	2.254031e-08	0.000000e+00	6.888693e-09
4.000000e+03	4.040000e+03	2.557075e-08	4.825375e-09	0.000000e+00
4.040000e+03	4.080000e+03	1.910194e-08	0.000000e+00	1.663224e-08
4.080000e+03	4.120000e+03	2.041827e-08	6.679995e-09	4.864377e-09
4.120000e+03	4.160000e+03	2.914962e-08	1.229175e-08	0.000000e+00
4.160000e+03	4.200000e+03	2.577267e-08	1.560107e-09	2.127858e-08
4.200000e+03	4.240000e+03	2.168890e-08	5.569203e-09	4.006750e-10
4.240000e+03	4.280000e+03	1.821721e-08	7.002825e-10	4.537462e-09
4.280000e+03	4.320000e+03	1.797804e-08	0.000000e+00	9.935335e-09
4.320000e+03	4.360000e+03	1.166178e-08	0.000000e+00	1.102415e-08
4.360000e+03	4.400000e+03	3.376795e-09	0.000000e+00	9.206712e-09
4.400000e+03	4.440000e+03	1.505557e-08	2.667270e-09	2.211837e-09
4.440000e+03	4.480000e+03	8.115485e-09	0.000000e+00	9.870358e-09
4.480000e+03	4.520000e+03	1.022956e-08	2.499155e-09	2.188030e-09
4.520000e+03	4.560000e+03	6.919660e-09	9.170550e-10	6.301107e-09
4.560000e+03	4.600000e+03	7.382703e-09	3.490767e-09	6.560060e-09
4.600000e+03	4.640000e+03	9.930480e-09	6.166458e-09	1.032425e-10
4.640000e+03	4.680000e+03	5.368967e-09	0.000000e+00	2.659595e-09
4.680000e+03	4.720000e+03	8.584062e-09	5.674297e-09	0.000000e+00
4.720000e+03	4.760000e+03	5.514400e-09	7.865334e-09	0.000000e+00
4.760000e+03	4.800000e+03	8.982827e-09	4.522762e-09	1.449232e-09
4.800000e+03	4.840000e+03	4.274565e-09	0.000000e+00	2.095062e-09
4.840000e+03	4.880000e+03	5.693525e-09	0.000000e+00	7.186900e-10
4.880000e+03	4.920000e+03	6.112842e-09	1.551950e-09	0.000000e+00
4.920000e+03	4.960000e+03	5.313533e-09	7.683530e-09	0.000000e+00
4.960000e+03	5.000000e+03	3.249462e-09	1.359300e-10	7.508200e-10
5.000000e+03	5.040000e+03	9.162285e-09	6.744435e-09	0.000000e+00
5.040000e+03	5.080000e+03	8.352440e-09	5.159417e-09	0.000000e+00
5.080000e+03	5.120000e+03	2.511405e-09	5.597552e-10	1.347843e-09
5.120000e+03	5.160000e+03	2.614640e-09	2.589290e-10	1.082390e-09
5.160000e+03	5.200000e+03	1.604603e-09	0.000000e+00	1.919909e-09
5.200000e+03	5.240000e+03	2.055154e-09	0.000000e+00	4.055337e-10
5.240000e+03	5.280000e+03	3.178130e-09	1.910748e-09	8.961575e-10
5.280000e+03	5.320000e+03	1.476809e-09	2.207700e-10	1.697470e-10
5.320000e+03	5.360000e+03	1.641873e-09	4.126225e-10	1.116865e-10
5.360000e+03	5.400000e+03	2.732837e-09	1.798260e-09	0.000000e+00
5.400000e+03	5.440000e+03	1.655666e-09	7.597010e-10	7.261683e-10
5.440000e+03	5.480000e+03	1.225876e-09	3.671089e-09	1.770056e-09
5.480000e+03	5.520000e+03	-8.031012e-09	0.000000e+00	9.162871e-09
5.520000e+03	5.560000e+03	1.319796e-09	2.692233e-10	1.238917e-10
5.560000e+03	5.600000e+03	9.606732e-10	3.616787e-10	1.094593e-09
5.600000e+03	5.640000e+03	1.379414e-09	1.063038e-09	0.000000e+00
5.640000e+03	5.680000e+03	8.794740e-10	5.068000e-11	0.000000e+00
5.680000e+03	5.720000e+03	7.751023e-10	7.744442e-10	3.075920e-10
5.720000e+03	5.760000e+03	5.543690e-10	3.304412e-10	0.000000e+00
5.760000e+03	5.800000e+03	6.514185e-10	1.727490e-10	3.742795e-10
5.800000e+03	5.840000e+03	1.208273e-10	0.000000e+00	3.058492e-10
5.840000e+03	5.880000e+03	1.214801e-09	7.986312e-10	0.000000e+00
5.880000e+03	5.920000e+03	3.330445e-10	3.387747e-10	1.992450e-11
5.920000e+03	5.960000e+03	7.444750e-10	5.079789e-10	0.000000e+00
5.960000e+03	6.000000e+03	5.643605e-10	3.284500e-11	1.653850e-10
# END HISTO1D


# BEGIN HISTO1D //homes/tinghua1/higgs-anomalous/Herwig7/gcc11_install_test/plots/H2Jets-NLOPS-even-combine.yoda/MC_H2JETS_04_LOOSE/j2j4_mass
ErrorBandColor=green
ErrorBandOpacity=0.3
ErrorBands=1
ErrorBars=1
ErrorType=env
LineColor=green
LineStyle=solid
Path=//homes/tinghua1/higgs-anomalous/Herwig7/gcc11_install_test/plots/H2Jets-NLOPS-even-combine.yoda/MC_H2JETS_04_LOOSE/j2j4_mass
RatioPlotSameStyle=1
Title=h(2*) $\oplus$ PS
# xlow	 xhigh	 val	 errminus	 errplus
0.000000e+00	4.000000e+01	9.303418e-05	0.000000e+00	2.526910e-05
4.000000e+01	8.000000e+01	2.300083e-04	0.000000e+00	8.136690e-05
8.000000e+01	1.200000e+02	1.870052e-04	0.000000e+00	6.046190e-05
1.200000e+02	1.600000e+02	1.533871e-04	0.000000e+00	4.645722e-05
1.600000e+02	2.000000e+02	1.244286e-04	0.000000e+00	3.833090e-05
2.000000e+02	2.400000e+02	1.018563e-04	0.000000e+00	3.194047e-05
2.400000e+02	2.800000e+02	8.509553e-05	0.000000e+00	2.707703e-05
2.800000e+02	3.200000e+02	7.174660e-05	0.000000e+00	2.292088e-05
3.200000e+02	3.600000e+02	6.143480e-05	0.000000e+00	1.939708e-05
3.600000e+02	4.000000e+02	5.255268e-05	0.000000e+00	1.735635e-05
4.000000e+02	4.400000e+02	4.554563e-05	0.000000e+00	1.494060e-05
4.400000e+02	4.800000e+02	3.944728e-05	0.000000e+00	1.362085e-05
4.800000e+02	5.200000e+02	3.437828e-05	0.000000e+00	1.162545e-05
5.200000e+02	5.600000e+02	3.022432e-05	0.000000e+00	1.031613e-05
5.600000e+02	6.000000e+02	2.642227e-05	0.000000e+00	9.233250e-06
6.000000e+02	6.400000e+02	2.335897e-05	0.000000e+00	7.994702e-06
6.400000e+02	6.800000e+02	2.069335e-05	0.000000e+00	6.951002e-06
6.800000e+02	7.200000e+02	1.824974e-05	0.000000e+00	6.422453e-06
7.200000e+02	7.600000e+02	1.617698e-05	0.000000e+00	5.754965e-06
7.600000e+02	8.000000e+02	1.439420e-05	0.000000e+00	5.012887e-06
8.000000e+02	8.400000e+02	1.277142e-05	0.000000e+00	4.644850e-06
8.400000e+02	8.800000e+02	1.151308e-05	0.000000e+00	4.003733e-06
8.800000e+02	9.200000e+02	1.021416e-05	0.000000e+00	3.633513e-06
9.200000e+02	9.600000e+02	9.234695e-06	0.000000e+00	3.192465e-06
9.600000e+02	1.000000e+03	8.312280e-06	0.000000e+00	2.945368e-06
1.000000e+03	1.040000e+03	7.387195e-06	0.000000e+00	2.789927e-06
1.040000e+03	1.080000e+03	6.653365e-06	0.000000e+00	2.504240e-06
1.080000e+03	1.120000e+03	6.018975e-06	0.000000e+00	2.214952e-06
1.120000e+03	1.160000e+03	5.412567e-06	0.000000e+00	2.008782e-06
1.160000e+03	1.200000e+03	4.931135e-06	0.000000e+00	1.762472e-06
1.200000e+03	1.240000e+03	4.474772e-06	0.000000e+00	1.602378e-06
1.240000e+03	1.280000e+03	4.070608e-06	0.000000e+00	1.419290e-06
1.280000e+03	1.320000e+03	3.622392e-06	0.000000e+00	1.356905e-06
1.320000e+03	1.360000e+03	3.301608e-06	0.000000e+00	1.216202e-06
1.360000e+03	1.400000e+03	2.990370e-06	0.000000e+00	1.125735e-06
1.400000e+03	1.440000e+03	2.764440e-06	0.000000e+00	9.753275e-07
1.440000e+03	1.480000e+03	2.460184e-06	0.000000e+00	9.889430e-07
1.480000e+03	1.520000e+03	2.273579e-06	0.000000e+00	8.656185e-07
1.520000e+03	1.560000e+03	2.056493e-06	0.000000e+00	7.574243e-07
1.560000e+03	1.600000e+03	1.873128e-06	0.000000e+00	7.373045e-07
1.600000e+03	1.640000e+03	1.739099e-06	0.000000e+00	6.498365e-07
1.640000e+03	1.680000e+03	1.578696e-06	0.000000e+00	5.793957e-07
1.680000e+03	1.720000e+03	1.421684e-06	0.000000e+00	5.744082e-07
1.720000e+03	1.760000e+03	1.313944e-06	0.000000e+00	5.135790e-07
1.760000e+03	1.800000e+03	1.232713e-06	0.000000e+00	4.379763e-07
1.800000e+03	1.840000e+03	1.094805e-06	0.000000e+00	4.599643e-07
1.840000e+03	1.880000e+03	1.007988e-06	0.000000e+00	3.769465e-07
1.880000e+03	1.920000e+03	9.330377e-07	0.000000e+00	3.637080e-07
1.920000e+03	1.960000e+03	8.328413e-07	0.000000e+00	3.416225e-07
1.960000e+03	2.000000e+03	7.536400e-07	0.000000e+00	3.124433e-07
2.000000e+03	2.040000e+03	7.087643e-07	0.000000e+00	2.783693e-07
2.040000e+03	2.080000e+03	6.532827e-07	0.000000e+00	2.660060e-07
2.080000e+03	2.120000e+03	5.947385e-07	0.000000e+00	2.491662e-07
2.120000e+03	2.160000e+03	5.517975e-07	0.000000e+00	2.341593e-07
2.160000e+03	2.200000e+03	5.120080e-07	0.000000e+00	2.044313e-07
2.200000e+03	2.240000e+03	4.537400e-07	0.000000e+00	1.926408e-07
2.240000e+03	2.280000e+03	4.204245e-07	0.000000e+00	1.833190e-07
2.280000e+03	2.320000e+03	3.969462e-07	0.000000e+00	1.624553e-07
2.320000e+03	2.360000e+03	3.655873e-07	0.000000e+00	1.311702e-07
2.360000e+03	2.400000e+03	3.284833e-07	0.000000e+00	1.303425e-07
2.400000e+03	2.440000e+03	3.064030e-07	0.000000e+00	1.216057e-07
2.440000e+03	2.480000e+03	2.753920e-07	0.000000e+00	1.184157e-07
2.480000e+03	2.520000e+03	2.520358e-07	0.000000e+00	1.065615e-07
2.520000e+03	2.560000e+03	2.316831e-07	0.000000e+00	9.252870e-08
2.560000e+03	2.600000e+03	2.135114e-07	0.000000e+00	9.271060e-08
2.600000e+03	2.640000e+03	2.039628e-07	0.000000e+00	7.115515e-08
2.640000e+03	2.680000e+03	1.829054e-07	0.000000e+00	7.715182e-08
2.680000e+03	2.720000e+03	1.668992e-07	0.000000e+00	8.227610e-08
2.720000e+03	2.760000e+03	1.662471e-07	0.000000e+00	5.337605e-08
2.760000e+03	2.800000e+03	1.486433e-07	0.000000e+00	5.202130e-08
2.800000e+03	2.840000e+03	1.376656e-07	0.000000e+00	4.075780e-08
2.840000e+03	2.880000e+03	1.250164e-07	0.000000e+00	4.508502e-08
2.880000e+03	2.920000e+03	1.103549e-07	0.000000e+00	4.712213e-08
2.920000e+03	2.960000e+03	1.037659e-07	0.000000e+00	2.635985e-08
2.960000e+03	3.000000e+03	1.039153e-07	0.000000e+00	2.793212e-08
3.000000e+03	3.040000e+03	9.302097e-08	0.000000e+00	2.941720e-08
3.040000e+03	3.080000e+03	8.096032e-08	0.000000e+00	3.909183e-08
3.080000e+03	3.120000e+03	7.360392e-08	0.000000e+00	2.987893e-08
3.120000e+03	3.160000e+03	6.523510e-08	0.000000e+00	3.028497e-08
3.160000e+03	3.200000e+03	6.130080e-08	0.000000e+00	2.471525e-08
3.200000e+03	3.240000e+03	5.622705e-08	0.000000e+00	2.199782e-08
3.240000e+03	3.280000e+03	5.162857e-08	0.000000e+00	1.447380e-08
3.280000e+03	3.320000e+03	5.016080e-08	0.000000e+00	1.386380e-08
3.320000e+03	3.360000e+03	4.571015e-08	8.269475e-09	2.331175e-08
3.360000e+03	3.400000e+03	3.960460e-08	0.000000e+00	2.107385e-08
3.400000e+03	3.440000e+03	3.729422e-08	0.000000e+00	1.446043e-08
3.440000e+03	3.480000e+03	3.327538e-08	0.000000e+00	1.747283e-08
3.480000e+03	3.520000e+03	2.989578e-08	0.000000e+00	1.518977e-08
3.520000e+03	3.560000e+03	2.827703e-08	0.000000e+00	1.229395e-08
3.560000e+03	3.600000e+03	2.450027e-08	0.000000e+00	1.359861e-08
3.600000e+03	3.640000e+03	2.607935e-08	0.000000e+00	1.048090e-08
3.640000e+03	3.680000e+03	2.260912e-08	0.000000e+00	7.321930e-09
3.680000e+03	3.720000e+03	2.152777e-08	0.000000e+00	8.975605e-09
3.720000e+03	3.760000e+03	1.943001e-08	0.000000e+00	7.306538e-09
3.760000e+03	3.800000e+03	1.706758e-08	7.242690e-09	9.556075e-09
3.800000e+03	3.840000e+03	1.359358e-08	0.000000e+00	1.061719e-08
3.840000e+03	3.880000e+03	1.372002e-08	0.000000e+00	9.159635e-09
3.880000e+03	3.920000e+03	1.238160e-08	0.000000e+00	6.000822e-09
3.920000e+03	3.960000e+03	1.278974e-08	0.000000e+00	2.943357e-09
3.960000e+03	4.000000e+03	9.898095e-09	0.000000e+00	6.586155e-09
4.000000e+03	4.040000e+03	9.090447e-09	0.000000e+00	1.251592e-08
4.040000e+03	4.080000e+03	8.904152e-09	0.000000e+00	4.963323e-09
4.080000e+03	4.120000e+03	7.254002e-09	0.000000e+00	6.959257e-09
4.120000e+03	4.160000e+03	7.849367e-09	0.000000e+00	2.747250e-09
4.160000e+03	4.200000e+03	6.998050e-09	0.000000e+00	3.056360e-09
4.200000e+03	4.240000e+03	6.296477e-09	0.000000e+00	1.619500e-09
4.240000e+03	4.280000e+03	7.927443e-09	5.091250e-11	1.676578e-09
4.280000e+03	4.320000e+03	5.236800e-09	0.000000e+00	3.035730e-09
4.320000e+03	4.360000e+03	5.788255e-09	7.640500e-11	2.848592e-09
4.360000e+03	4.400000e+03	3.722503e-09	0.000000e+00	2.270958e-09
4.400000e+03	4.440000e+03	3.685638e-09	0.000000e+00	2.131225e-09
4.440000e+03	4.480000e+03	4.365318e-09	0.000000e+00	1.408675e-09
4.480000e+03	4.520000e+03	3.174885e-09	0.000000e+00	2.441343e-09
4.520000e+03	4.560000e+03	3.075510e-09	0.000000e+00	9.585425e-10
4.560000e+03	4.600000e+03	2.492799e-09	0.000000e+00	2.255061e-09
4.600000e+03	4.640000e+03	2.563822e-09	0.000000e+00	1.955813e-09
4.640000e+03	4.680000e+03	2.904612e-09	0.000000e+00	1.275125e-09
4.680000e+03	4.720000e+03	1.658841e-09	0.000000e+00	1.841696e-09
4.720000e+03	4.760000e+03	2.485601e-09	3.038180e-10	3.103143e-10
4.760000e+03	4.800000e+03	1.390796e-09	0.000000e+00	1.395361e-09
4.800000e+03	4.840000e+03	1.497742e-09	0.000000e+00	1.449367e-09
4.840000e+03	4.880000e+03	1.947098e-09	0.000000e+00	6.837115e-10
4.880000e+03	4.920000e+03	1.573159e-09	1.336770e-10	5.189105e-10
4.920000e+03	4.960000e+03	2.003346e-09	3.456503e-10	0.000000e+00
4.960000e+03	5.000000e+03	9.572165e-10	0.000000e+00	1.394821e-09
5.000000e+03	5.040000e+03	1.208787e-09	0.000000e+00	8.722570e-10
5.040000e+03	5.080000e+03	6.817062e-10	0.000000e+00	1.057193e-09
5.080000e+03	5.120000e+03	1.027440e-09	0.000000e+00	3.706892e-10
5.120000e+03	5.160000e+03	7.614238e-10	0.000000e+00	5.051735e-10
5.160000e+03	5.200000e+03	7.721825e-10	8.212750e-12	1.786272e-10
5.200000e+03	5.240000e+03	4.785568e-10	0.000000e+00	9.605560e-10
5.240000e+03	5.280000e+03	6.851240e-10	2.708313e-10	3.396470e-10
5.280000e+03	5.320000e+03	1.116952e-09	4.753018e-10	1.991380e-10
5.320000e+03	5.360000e+03	6.678525e-10	3.446655e-10	0.000000e+00
5.360000e+03	5.400000e+03	3.268855e-10	0.000000e+00	4.042800e-10
5.400000e+03	5.440000e+03	3.992140e-10	0.000000e+00	2.838337e-10
5.440000e+03	5.480000e+03	4.936402e-10	5.372300e-11	2.567275e-10
5.480000e+03	5.520000e+03	2.158621e-10	0.000000e+00	5.408149e-10
5.520000e+03	5.560000e+03	2.697090e-10	0.000000e+00	5.287135e-10
5.560000e+03	5.600000e+03	4.184705e-10	6.949100e-11	1.417450e-10
5.600000e+03	5.640000e+03	3.707982e-10	3.641300e-11	9.024925e-11
5.640000e+03	5.680000e+03	1.938729e-10	0.000000e+00	4.560743e-10
5.680000e+03	5.720000e+03	3.761215e-10	0.000000e+00	1.311708e-10
5.720000e+03	5.760000e+03	3.077452e-10	0.000000e+00	4.803225e-11
5.760000e+03	5.800000e+03	3.584400e-10	8.003375e-11	0.000000e+00
5.800000e+03	5.840000e+03	1.128513e-10	0.000000e+00	1.670904e-10
5.840000e+03	5.880000e+03	1.047635e-10	0.000000e+00	2.628575e-10
5.880000e+03	5.920000e+03	5.645827e-11	0.000000e+00	3.105997e-10
5.920000e+03	5.960000e+03	9.312822e-11	0.000000e+00	1.420840e-10
5.960000e+03	6.000000e+03	1.500299e-10	8.734325e-12	1.922488e-10
# END HISTO1D


# BEGIN HISTO1D //homes/tinghua1/higgs-anomalous/Herwig7/gcc11_install_test/plots/H2Jets-NLO-even-combine.yoda/MC_H2JETS_04_LOOSE/j2j4_mass
ErrorBandColor=orange
ErrorBandOpacity=0.3
ErrorBands=1
ErrorBars=1
ErrorType=env
LineColor=orange
LineStyle=solid
Path=//homes/tinghua1/higgs-anomalous/Herwig7/gcc11_install_test/plots/H2Jets-NLO-even-combine.yoda/MC_H2JETS_04_LOOSE/j2j4_mass
RatioPlotSameStyle=1
Title=h(2*)-FO
# xlow	 xhigh	 val	 errminus	 errplus
0.000000e+00	4.000000e+01	0.000000e+00	0.000000e+00	0.000000e+00
4.000000e+01	8.000000e+01	0.000000e+00	0.000000e+00	0.000000e+00
8.000000e+01	1.200000e+02	0.000000e+00	0.000000e+00	0.000000e+00
1.200000e+02	1.600000e+02	0.000000e+00	0.000000e+00	0.000000e+00
1.600000e+02	2.000000e+02	0.000000e+00	0.000000e+00	0.000000e+00
2.000000e+02	2.400000e+02	0.000000e+00	0.000000e+00	0.000000e+00
2.400000e+02	2.800000e+02	0.000000e+00	0.000000e+00	0.000000e+00
2.800000e+02	3.200000e+02	0.000000e+00	0.000000e+00	0.000000e+00
3.200000e+02	3.600000e+02	0.000000e+00	0.000000e+00	0.000000e+00
3.600000e+02	4.000000e+02	0.000000e+00	0.000000e+00	0.000000e+00
4.000000e+02	4.400000e+02	0.000000e+00	0.000000e+00	0.000000e+00
4.400000e+02	4.800000e+02	0.000000e+00	0.000000e+00	0.000000e+00
4.800000e+02	5.200000e+02	0.000000e+00	0.000000e+00	0.000000e+00
5.200000e+02	5.600000e+02	0.000000e+00	0.000000e+00	0.000000e+00
5.600000e+02	6.000000e+02	0.000000e+00	0.000000e+00	0.000000e+00
6.000000e+02	6.400000e+02	0.000000e+00	0.000000e+00	0.000000e+00
6.400000e+02	6.800000e+02	0.000000e+00	0.000000e+00	0.000000e+00
6.800000e+02	7.200000e+02	0.000000e+00	0.000000e+00	0.000000e+00
7.200000e+02	7.600000e+02	0.000000e+00	0.000000e+00	0.000000e+00
7.600000e+02	8.000000e+02	0.000000e+00	0.000000e+00	0.000000e+00
8.000000e+02	8.400000e+02	0.000000e+00	0.000000e+00	0.000000e+00
8.400000e+02	8.800000e+02	0.000000e+00	0.000000e+00	0.000000e+00
8.800000e+02	9.200000e+02	0.000000e+00	0.000000e+00	0.000000e+00
9.200000e+02	9.600000e+02	0.000000e+00	0.000000e+00	0.000000e+00
9.600000e+02	1.000000e+03	0.000000e+00	0.000000e+00	0.000000e+00
1.000000e+03	1.040000e+03	0.000000e+00	0.000000e+00	0.000000e+00
1.040000e+03	1.080000e+03	0.000000e+00	0.000000e+00	0.000000e+00
1.080000e+03	1.120000e+03	0.000000e+00	0.000000e+00	0.000000e+00
1.120000e+03	1.160000e+03	0.000000e+00	0.000000e+00	0.000000e+00
1.160000e+03	1.200000e+03	0.000000e+00	0.000000e+00	0.000000e+00
1.200000e+03	1.240000e+03	0.000000e+00	0.000000e+00	0.000000e+00
1.240000e+03	1.280000e+03	0.000000e+00	0.000000e+00	0.000000e+00
1.280000e+03	1.320000e+03	0.000000e+00	0.000000e+00	0.000000e+00
1.320000e+03	1.360000e+03	0.000000e+00	0.000000e+00	0.000000e+00
1.360000e+03	1.400000e+03	0.000000e+00	0.000000e+00	0.000000e+00
1.400000e+03	1.440000e+03	0.000000e+00	0.000000e+00	0.000000e+00
1.440000e+03	1.480000e+03	0.000000e+00	0.000000e+00	0.000000e+00
1.480000e+03	1.520000e+03	0.000000e+00	0.000000e+00	0.000000e+00
1.520000e+03	1.560000e+03	0.000000e+00	0.000000e+00	0.000000e+00
1.560000e+03	1.600000e+03	0.000000e+00	0.000000e+00	0.000000e+00
1.600000e+03	1.640000e+03	0.000000e+00	0.000000e+00	0.000000e+00
1.640000e+03	1.680000e+03	0.000000e+00	0.000000e+00	0.000000e+00
1.680000e+03	1.720000e+03	0.000000e+00	0.000000e+00	0.000000e+00
1.720000e+03	1.760000e+03	0.000000e+00	0.000000e+00	0.000000e+00
1.760000e+03	1.800000e+03	0.000000e+00	0.000000e+00	0.000000e+00
1.800000e+03	1.840000e+03	0.000000e+00	0.000000e+00	0.000000e+00
1.840000e+03	1.880000e+03	0.000000e+00	0.000000e+00	0.000000e+00
1.880000e+03	1.920000e+03	0.000000e+00	0.000000e+00	0.000000e+00
1.920000e+03	1.960000e+03	0.000000e+00	0.000000e+00	0.000000e+00
1.960000e+03	2.000000e+03	0.000000e+00	0.000000e+00	0.000000e+00
2.000000e+03	2.040000e+03	0.000000e+00	0.000000e+00	0.000000e+00
2.040000e+03	2.080000e+03	0.000000e+00	0.000000e+00	0.000000e+00
2.080000e+03	2.120000e+03	0.000000e+00	0.000000e+00	0.000000e+00
2.120000e+03	2.160000e+03	0.000000e+00	0.000000e+00	0.000000e+00
2.160000e+03	2.200000e+03	0.000000e+00	0.000000e+00	0.000000e+00
2.200000e+03	2.240000e+03	0.000000e+00	0.000000e+00	0.000000e+00
2.240000e+03	2.280000e+03	0.000000e+00	0.000000e+00	0.000000e+00
2.280000e+03	2.320000e+03	0.000000e+00	0.000000e+00	0.000000e+00
2.320000e+03	2.360000e+03	0.000000e+00	0.000000e+00	0.000000e+00
2.360000e+03	2.400000e+03	0.000000e+00	0.000000e+00	0.000000e+00
2.400000e+03	2.440000e+03	0.000000e+00	0.000000e+00	0.000000e+00
2.440000e+03	2.480000e+03	0.000000e+00	0.000000e+00	0.000000e+00
2.480000e+03	2.520000e+03	0.000000e+00	0.000000e+00	0.000000e+00
2.520000e+03	2.560000e+03	0.000000e+00	0.000000e+00	0.000000e+00
2.560000e+03	2.600000e+03	0.000000e+00	0.000000e+00	0.000000e+00
2.600000e+03	2.640000e+03	0.000000e+00	0.000000e+00	0.000000e+00
2.640000e+03	2.680000e+03	0.000000e+00	0.000000e+00	0.000000e+00
2.680000e+03	2.720000e+03	0.000000e+00	0.000000e+00	0.000000e+00
2.720000e+03	2.760000e+03	0.000000e+00	0.000000e+00	0.000000e+00
2.760000e+03	2.800000e+03	0.000000e+00	0.000000e+00	0.000000e+00
2.800000e+03	2.840000e+03	0.000000e+00	0.000000e+00	0.000000e+00
2.840000e+03	2.880000e+03	0.000000e+00	0.000000e+00	0.000000e+00
2.880000e+03	2.920000e+03	0.000000e+00	0.000000e+00	0.000000e+00
2.920000e+03	2.960000e+03	0.000000e+00	0.000000e+00	0.000000e+00
2.960000e+03	3.000000e+03	0.000000e+00	0.000000e+00	0.000000e+00
3.000000e+03	3.040000e+03	0.000000e+00	0.000000e+00	0.000000e+00
3.040000e+03	3.080000e+03	0.000000e+00	0.000000e+00	0.000000e+00
3.080000e+03	3.120000e+03	0.000000e+00	0.000000e+00	0.000000e+00
3.120000e+03	3.160000e+03	0.000000e+00	0.000000e+00	0.000000e+00
3.160000e+03	3.200000e+03	0.000000e+00	0.000000e+00	0.000000e+00
3.200000e+03	3.240000e+03	0.000000e+00	0.000000e+00	0.000000e+00
3.240000e+03	3.280000e+03	0.000000e+00	0.000000e+00	0.000000e+00
3.280000e+03	3.320000e+03	0.000000e+00	0.000000e+00	0.000000e+00
3.320000e+03	3.360000e+03	0.000000e+00	0.000000e+00	0.000000e+00
3.360000e+03	3.400000e+03	0.000000e+00	0.000000e+00	0.000000e+00
3.400000e+03	3.440000e+03	0.000000e+00	0.000000e+00	0.000000e+00
3.440000e+03	3.480000e+03	0.000000e+00	0.000000e+00	0.000000e+00
3.480000e+03	3.520000e+03	0.000000e+00	0.000000e+00	0.000000e+00
3.520000e+03	3.560000e+03	0.000000e+00	0.000000e+00	0.000000e+00
3.560000e+03	3.600000e+03	0.000000e+00	0.000000e+00	0.000000e+00
3.600000e+03	3.640000e+03	0.000000e+00	0.000000e+00	0.000000e+00
3.640000e+03	3.680000e+03	0.000000e+00	0.000000e+00	0.000000e+00
3.680000e+03	3.720000e+03	0.000000e+00	0.000000e+00	0.000000e+00
3.720000e+03	3.760000e+03	0.000000e+00	0.000000e+00	0.000000e+00
3.760000e+03	3.800000e+03	0.000000e+00	0.000000e+00	0.000000e+00
3.800000e+03	3.840000e+03	0.000000e+00	0.000000e+00	0.000000e+00
3.840000e+03	3.880000e+03	0.000000e+00	0.000000e+00	0.000000e+00
3.880000e+03	3.920000e+03	0.000000e+00	0.000000e+00	0.000000e+00
3.920000e+03	3.960000e+03	0.000000e+00	0.000000e+00	0.000000e+00
3.960000e+03	4.000000e+03	0.000000e+00	0.000000e+00	0.000000e+00
4.000000e+03	4.040000e+03	0.000000e+00	0.000000e+00	0.000000e+00
4.040000e+03	4.080000e+03	0.000000e+00	0.000000e+00	0.000000e+00
4.080000e+03	4.120000e+03	0.000000e+00	0.000000e+00	0.000000e+00
4.120000e+03	4.160000e+03	0.000000e+00	0.000000e+00	0.000000e+00
4.160000e+03	4.200000e+03	0.000000e+00	0.000000e+00	0.000000e+00
4.200000e+03	4.240000e+03	0.000000e+00	0.000000e+00	0.000000e+00
4.240000e+03	4.280000e+03	0.000000e+00	0.000000e+00	0.000000e+00
4.280000e+03	4.320000e+03	0.000000e+00	0.000000e+00	0.000000e+00
4.320000e+03	4.360000e+03	0.000000e+00	0.000000e+00	0.000000e+00
4.360000e+03	4.400000e+03	0.000000e+00	0.000000e+00	0.000000e+00
4.400000e+03	4.440000e+03	0.000000e+00	0.000000e+00	0.000000e+00
4.440000e+03	4.480000e+03	0.000000e+00	0.000000e+00	0.000000e+00
4.480000e+03	4.520000e+03	0.000000e+00	0.000000e+00	0.000000e+00
4.520000e+03	4.560000e+03	0.000000e+00	0.000000e+00	0.000000e+00
4.560000e+03	4.600000e+03	0.000000e+00	0.000000e+00	0.000000e+00
4.600000e+03	4.640000e+03	0.000000e+00	0.000000e+00	0.000000e+00
4.640000e+03	4.680000e+03	0.000000e+00	0.000000e+00	0.000000e+00
4.680000e+03	4.720000e+03	0.000000e+00	0.000000e+00	0.000000e+00
4.720000e+03	4.760000e+03	0.000000e+00	0.000000e+00	0.000000e+00
4.760000e+03	4.800000e+03	0.000000e+00	0.000000e+00	0.000000e+00
4.800000e+03	4.840000e+03	0.000000e+00	0.000000e+00	0.000000e+00
4.840000e+03	4.880000e+03	0.000000e+00	0.000000e+00	0.000000e+00
4.880000e+03	4.920000e+03	0.000000e+00	0.000000e+00	0.000000e+00
4.920000e+03	4.960000e+03	0.000000e+00	0.000000e+00	0.000000e+00
4.960000e+03	5.000000e+03	0.000000e+00	0.000000e+00	0.000000e+00
5.000000e+03	5.040000e+03	0.000000e+00	0.000000e+00	0.000000e+00
5.040000e+03	5.080000e+03	0.000000e+00	0.000000e+00	0.000000e+00
5.080000e+03	5.120000e+03	0.000000e+00	0.000000e+00	0.000000e+00
5.120000e+03	5.160000e+03	0.000000e+00	0.000000e+00	0.000000e+00
5.160000e+03	5.200000e+03	0.000000e+00	0.000000e+00	0.000000e+00
5.200000e+03	5.240000e+03	0.000000e+00	0.000000e+00	0.000000e+00
5.240000e+03	5.280000e+03	0.000000e+00	0.000000e+00	0.000000e+00
5.280000e+03	5.320000e+03	0.000000e+00	0.000000e+00	0.000000e+00
5.320000e+03	5.360000e+03	0.000000e+00	0.000000e+00	0.000000e+00
5.360000e+03	5.400000e+03	0.000000e+00	0.000000e+00	0.000000e+00
5.400000e+03	5.440000e+03	0.000000e+00	0.000000e+00	0.000000e+00
5.440000e+03	5.480000e+03	0.000000e+00	0.000000e+00	0.000000e+00
5.480000e+03	5.520000e+03	0.000000e+00	0.000000e+00	0.000000e+00
5.520000e+03	5.560000e+03	0.000000e+00	0.000000e+00	0.000000e+00
5.560000e+03	5.600000e+03	0.000000e+00	0.000000e+00	0.000000e+00
5.600000e+03	5.640000e+03	0.000000e+00	0.000000e+00	0.000000e+00
5.640000e+03	5.680000e+03	0.000000e+00	0.000000e+00	0.000000e+00
5.680000e+03	5.720000e+03	0.000000e+00	0.000000e+00	0.000000e+00
5.720000e+03	5.760000e+03	0.000000e+00	0.000000e+00	0.000000e+00
5.760000e+03	5.800000e+03	0.000000e+00	0.000000e+00	0.000000e+00
5.800000e+03	5.840000e+03	0.000000e+00	0.000000e+00	0.000000e+00
5.840000e+03	5.880000e+03	0.000000e+00	0.000000e+00	0.000000e+00
5.880000e+03	5.920000e+03	0.000000e+00	0.000000e+00	0.000000e+00
5.920000e+03	5.960000e+03	0.000000e+00	0.000000e+00	0.000000e+00
5.960000e+03	6.000000e+03	0.000000e+00	0.000000e+00	0.000000e+00
# END HISTO1D

