# BEGIN PLOT
Rebin=2
DrawOnly=//homes/tinghua1/higgs-anomalous/Herwig7/gcc11_install_test/plots/H-N2-N3-4-25gev-even-combine.yoda/MC_H2JETS_04_LOOSE/jet1_mass //homes/tinghua1/higgs-anomalous/Herwig7/gcc11_install_test/plots/H2Jets-NLOPS-even-combine.yoda/MC_H2JETS_04_LOOSE/jet1_mass //homes/tinghua1/higgs-anomalous/Herwig7/gcc11_install_test/plots/H2Jets-NLO-even-combine.yoda/MC_H2JETS_04_LOOSE/jet1_mass
RightMargin=0.5
RatioPlotReference=//homes/tinghua1/higgs-anomalous/Herwig7/gcc11_install_test/plots/H-N2-N3-4-25gev-even-combine.yoda/MC_H2JETS_04_LOOSE/jet1_mass
RatioPlot=1
LogY=1
RatioPlotYMax=2.5
RatioPlotYLabel=Ratio
LegendOnly=//homes/tinghua1/higgs-anomalous/Herwig7/gcc11_install_test/plots/H-N2-N3-4-25gev-even-combine.yoda/MC_H2JETS_04_LOOSE/jet1_mass //homes/tinghua1/higgs-anomalous/Herwig7/gcc11_install_test/plots/H2Jets-NLOPS-even-combine.yoda/MC_H2JETS_04_LOOSE/jet1_mass //homes/tinghua1/higgs-anomalous/Herwig7/gcc11_install_test/plots/H2Jets-NLO-even-combine.yoda/MC_H2JETS_04_LOOSE/jet1_mass
XLabel=$m_{j_1}$ (GeV) 
LegendAlign=r
YLabel=$ \text{d} \sigma/ \text{d}  m_{j_1}$ (pb/GeV)
Legend=1
RatioPlotYMin=0.0
# END PLOT


# BEGIN SPECIAL /MC_H2JETS_04_LOOSE/jet1_mass
\rput[tl](0.05,0.75){\parbox{5cm}{\textcolor{gray}{{\bf Herwig 7.2.3} \\ VBFNLO 3.0.0}}}
# END SPECIAL

# BEGIN HISTO1D //homes/tinghua1/higgs-anomalous/Herwig7/gcc11_install_test/plots/H-N2-N3-4-25gev-even-combine.yoda/MC_H2JETS_04_LOOSE/jet1_mass
ErrorBandColor=red
ErrorBandOpacity=0.3
ErrorBands=1
ErrorBars=1
ErrorType=env
LineColor=red
LineStyle=solid
Path=//homes/tinghua1/higgs-anomalous/Herwig7/gcc11_install_test/plots/H-N2-N3-4-25gev-even-combine.yoda/MC_H2JETS_04_LOOSE/jet1_mass
RatioPlotSameStyle=1
Title=h(2*,3*,4)
# xlow	 xhigh	 val	 errminus	 errplus
0.000000e+00	1.000000e+00	6.416649e-02	2.151465e-02	4.523081e-02
1.000000e+00	2.000000e+00	6.707887e-03	1.989172e-03	4.375213e-03
2.000000e+00	3.000000e+00	5.024021e-03	1.545289e-03	1.249133e-03
3.000000e+00	4.000000e+00	1.443519e-02	3.842660e-03	1.870780e-03
4.000000e+00	5.000000e+00	1.765191e-02	4.071120e-03	2.091430e-03
5.000000e+00	6.000000e+00	1.854438e-02	3.306080e-03	8.912700e-04
6.000000e+00	7.000000e+00	1.953478e-02	2.325980e-03	4.884600e-04
7.000000e+00	8.000000e+00	2.076697e-02	2.129870e-03	0.000000e+00
8.000000e+00	9.000000e+00	2.121786e-02	1.554180e-03	0.000000e+00
9.000000e+00	1.000000e+01	2.132377e-02	1.327720e-03	0.000000e+00
1.000000e+01	1.100000e+01	2.103390e-02	1.605870e-03	0.000000e+00
1.100000e+01	1.200000e+01	2.016811e-02	2.075200e-03	2.629900e-04
1.200000e+01	1.300000e+01	1.967003e-02	2.221660e-03	3.561400e-04
1.300000e+01	1.400000e+01	1.829838e-02	1.836430e-03	6.458500e-04
1.400000e+01	1.500000e+01	1.743507e-02	2.434570e-03	7.264400e-04
1.500000e+01	1.600000e+01	1.633391e-02	2.285840e-03	0.000000e+00
1.600000e+01	1.700000e+01	1.534704e-02	2.086480e-03	5.002500e-04
1.700000e+01	1.800000e+01	1.430451e-02	2.533440e-03	1.115340e-03
1.800000e+01	1.900000e+01	1.343152e-02	2.267210e-03	1.170720e-03
1.900000e+01	2.000000e+01	1.220541e-02	1.884350e-03	1.160520e-03
2.000000e+01	2.100000e+01	1.101495e-02	1.473512e-03	1.594890e-03
2.100000e+01	2.200000e+01	1.039483e-02	1.979735e-03	1.429170e-03
2.200000e+01	2.300000e+01	9.341282e-03	1.003661e-03	1.637568e-03
2.300000e+01	2.400000e+01	8.848308e-03	1.466589e-03	1.514572e-03
2.400000e+01	2.500000e+01	8.064723e-03	1.458216e-03	1.109970e-03
2.500000e+01	2.600000e+01	7.335420e-03	1.212034e-03	1.681675e-03
2.600000e+01	2.700000e+01	6.924360e-03	1.197342e-03	1.200646e-03
2.700000e+01	2.800000e+01	6.525534e-03	1.402553e-03	1.262148e-03
2.800000e+01	2.900000e+01	6.221936e-03	1.120351e-03	5.778260e-04
2.900000e+01	3.000000e+01	5.630349e-03	1.602959e-03	0.000000e+00
3.000000e+01	3.100000e+01	5.013462e-03	7.336750e-04	1.387037e-03
3.100000e+01	3.200000e+01	4.984494e-03	1.000839e-03	1.004294e-03
3.200000e+01	3.300000e+01	4.547566e-03	1.126665e-03	1.186188e-03
3.300000e+01	3.400000e+01	4.272345e-03	9.523840e-04	8.780380e-04
3.400000e+01	3.500000e+01	3.772964e-03	6.638640e-04	1.004767e-03
3.500000e+01	3.600000e+01	3.627599e-03	5.980780e-04	5.352030e-04
3.600000e+01	3.700000e+01	3.360614e-03	2.880470e-04	6.845250e-04
3.700000e+01	3.800000e+01	3.276623e-03	5.516870e-04	3.049010e-04
3.800000e+01	3.900000e+01	2.512114e-03	2.383680e-04	1.002920e-03
3.900000e+01	4.000000e+01	2.700921e-03	1.189806e-03	0.000000e+00
4.000000e+01	4.100000e+01	2.515647e-03	4.901100e-04	7.780630e-04
4.100000e+01	4.200000e+01	2.157098e-03	5.344700e-05	6.801730e-04
4.200000e+01	4.300000e+01	2.207584e-03	4.558230e-04	4.458950e-04
4.300000e+01	4.400000e+01	2.165341e-03	4.190390e-04	5.521650e-04
4.400000e+01	4.500000e+01	1.959605e-03	2.958330e-04	4.798950e-04
4.500000e+01	4.600000e+01	1.832774e-03	3.570330e-04	2.287630e-04
4.600000e+01	4.700000e+01	1.821062e-03	3.507530e-04	4.061280e-04
4.700000e+01	4.800000e+01	1.729462e-03	6.554550e-04	2.665170e-04
4.800000e+01	4.900000e+01	1.602548e-03	2.323170e-04	2.630900e-04
4.900000e+01	5.000000e+01	1.342115e-03	1.537070e-04	4.151610e-04
5.000000e+01	5.100000e+01	1.359365e-03	2.628770e-04	2.150550e-04
5.100000e+01	5.200000e+01	1.295466e-03	2.871920e-04	2.413070e-04
5.200000e+01	5.300000e+01	1.165186e-03	1.970737e-04	3.864340e-04
5.300000e+01	5.400000e+01	1.225724e-03	2.640566e-04	4.179510e-04
5.400000e+01	5.500000e+01	1.051284e-03	9.832380e-05	1.310790e-04
5.500000e+01	5.600000e+01	1.183374e-03	2.957216e-04	1.676400e-04
5.600000e+01	5.700000e+01	1.109826e-03	2.863231e-04	0.000000e+00
5.700000e+01	5.800000e+01	7.385068e-04	0.000000e+00	3.046262e-04
5.800000e+01	5.900000e+01	9.730036e-04	1.842586e-04	1.461774e-04
5.900000e+01	6.000000e+01	8.742022e-04	2.532276e-04	1.146236e-04
6.000000e+01	6.100000e+01	8.079706e-04	2.410268e-04	7.944590e-05
6.100000e+01	6.200000e+01	8.571844e-04	1.884019e-04	0.000000e+00
6.200000e+01	6.300000e+01	8.010147e-04	1.302849e-04	3.848450e-05
6.300000e+01	6.400000e+01	6.208866e-04	1.724091e-04	1.120904e-04
6.400000e+01	6.500000e+01	6.895644e-04	1.064206e-04	8.647070e-05
6.500000e+01	6.600000e+01	5.148084e-04	6.969780e-05	1.673692e-04
6.600000e+01	6.700000e+01	6.520311e-04	9.489810e-05	9.483900e-06
6.700000e+01	6.800000e+01	5.458590e-04	1.166500e-06	1.563184e-04
6.800000e+01	6.900000e+01	4.864184e-04	2.148583e-04	1.062273e-04
6.900000e+01	7.000000e+01	5.201267e-04	7.860240e-05	3.029950e-05
7.000000e+01	7.100000e+01	5.019870e-04	7.606620e-05	1.369566e-04
7.100000e+01	7.200000e+01	4.828081e-04	1.922106e-04	1.653765e-04
7.200000e+01	7.300000e+01	1.978875e-04	0.000000e+00	2.452288e-04
7.300000e+01	7.400000e+01	3.607210e-04	0.000000e+00	2.362861e-04
7.400000e+01	7.500000e+01	3.614321e-04	0.000000e+00	5.556060e-05
7.500000e+01	7.600000e+01	3.859367e-04	4.362320e-05	3.642780e-05
7.600000e+01	7.700000e+01	3.491278e-04	3.082300e-06	6.626570e-05
7.700000e+01	7.800000e+01	3.852587e-04	1.023551e-04	5.207340e-05
7.800000e+01	7.900000e+01	3.379741e-04	2.413960e-05	2.111880e-05
7.900000e+01	8.000000e+01	3.284659e-04	2.534880e-05	2.420100e-05
8.000000e+01	8.100000e+01	3.838183e-04	8.064802e-04	0.000000e+00
8.100000e+01	8.200000e+01	2.772163e-04	0.000000e+00	1.074935e-04
8.200000e+01	8.300000e+01	1.511761e-04	0.000000e+00	3.111121e-04
8.300000e+01	8.400000e+01	3.355461e-04	1.187009e-04	0.000000e+00
8.400000e+01	8.500000e+01	2.623875e-04	1.105203e-04	0.000000e+00
8.500000e+01	8.600000e+01	2.197052e-04	4.380040e-05	2.345270e-05
8.600000e+01	8.700000e+01	2.647607e-04	3.946050e-05	4.542620e-05
8.700000e+01	8.800000e+01	2.470536e-04	7.518780e-05	3.620010e-05
8.800000e+01	8.900000e+01	2.448116e-04	3.877590e-05	7.264510e-05
8.900000e+01	9.000000e+01	2.659374e-04	1.095588e-04	0.000000e+00
9.000000e+01	9.100000e+01	2.084438e-04	1.647320e-05	0.000000e+00
9.100000e+01	9.200000e+01	1.859121e-04	3.875810e-05	6.432190e-05
9.200000e+01	9.300000e+01	1.858707e-04	3.801680e-05	6.030240e-05
9.300000e+01	9.400000e+01	1.768412e-04	0.000000e+00	1.301330e-05
9.400000e+01	9.500000e+01	9.772218e-05	0.000000e+00	8.914182e-05
9.500000e+01	9.600000e+01	1.959404e-04	4.458740e-05	0.000000e+00
9.600000e+01	9.700000e+01	1.798288e-04	4.519610e-05	5.249170e-05
9.700000e+01	9.800000e+01	1.552925e-04	4.326640e-05	0.000000e+00
9.800000e+01	9.900000e+01	6.867242e-05	2.632455e-05	4.522698e-05
9.900000e+01	1.000000e+02	1.019262e-04	8.845000e-07	4.595520e-05
# END HISTO1D


# BEGIN HISTO1D //homes/tinghua1/higgs-anomalous/Herwig7/gcc11_install_test/plots/H2Jets-NLOPS-even-combine.yoda/MC_H2JETS_04_LOOSE/jet1_mass
ErrorBandColor=green
ErrorBandOpacity=0.3
ErrorBands=1
ErrorBars=1
ErrorType=env
LineColor=green
LineStyle=solid
Path=//homes/tinghua1/higgs-anomalous/Herwig7/gcc11_install_test/plots/H2Jets-NLOPS-even-combine.yoda/MC_H2JETS_04_LOOSE/jet1_mass
RatioPlotSameStyle=1
Title=h(2*) $\oplus$ PS
# xlow	 xhigh	 val	 errminus	 errplus
0.000000e+00	1.000000e+00	1.106046e-01	6.809291e-02	0.000000e+00
1.000000e+00	2.000000e+00	1.123645e-02	6.689008e-03	0.000000e+00
2.000000e+00	3.000000e+00	6.163271e-03	2.666773e-03	0.000000e+00
3.000000e+00	4.000000e+00	1.649858e-02	6.171880e-03	0.000000e+00
4.000000e+00	5.000000e+00	1.962932e-02	6.154890e-03	0.000000e+00
5.000000e+00	6.000000e+00	1.935512e-02	4.383820e-03	0.000000e+00
6.000000e+00	7.000000e+00	2.019289e-02	3.329020e-03	0.000000e+00
7.000000e+00	8.000000e+00	2.050983e-02	2.244300e-03	8.397000e-05
8.000000e+00	9.000000e+00	2.053503e-02	1.297710e-03	5.846500e-04
9.000000e+00	1.000000e+01	2.019183e-02	3.662200e-04	1.001490e-03
1.000000e+01	1.100000e+01	1.955219e-02	0.000000e+00	1.330620e-03
1.100000e+01	1.200000e+01	1.863207e-02	0.000000e+00	1.642170e-03
1.200000e+01	1.300000e+01	1.758152e-02	0.000000e+00	1.834790e-03
1.300000e+01	1.400000e+01	1.646287e-02	0.000000e+00	2.333560e-03
1.400000e+01	1.500000e+01	1.533516e-02	0.000000e+00	2.715460e-03
1.500000e+01	1.600000e+01	1.421923e-02	0.000000e+00	2.976560e-03
1.600000e+01	1.700000e+01	1.314671e-02	0.000000e+00	3.138740e-03
1.700000e+01	1.800000e+01	1.214950e-02	0.000000e+00	3.233520e-03
1.800000e+01	1.900000e+01	1.119693e-02	0.000000e+00	3.272810e-03
1.900000e+01	2.000000e+01	1.031200e-02	0.000000e+00	3.259230e-03
2.000000e+01	2.100000e+01	9.513292e-03	0.000000e+00	3.205048e-03
2.100000e+01	2.200000e+01	8.772614e-03	0.000000e+00	3.101606e-03
2.200000e+01	2.300000e+01	8.081833e-03	0.000000e+00	3.012577e-03
2.300000e+01	2.400000e+01	7.463983e-03	0.000000e+00	2.898007e-03
2.400000e+01	2.500000e+01	6.892702e-03	0.000000e+00	2.778300e-03
2.500000e+01	2.600000e+01	6.359290e-03	0.000000e+00	2.657237e-03
2.600000e+01	2.700000e+01	5.890342e-03	0.000000e+00	2.507510e-03
2.700000e+01	2.800000e+01	5.444984e-03	0.000000e+00	2.371170e-03
2.800000e+01	2.900000e+01	5.054066e-03	0.000000e+00	2.235919e-03
2.900000e+01	3.000000e+01	4.679383e-03	0.000000e+00	2.113853e-03
3.000000e+01	3.100000e+01	4.339398e-03	0.000000e+00	1.991510e-03
3.100000e+01	3.200000e+01	4.045927e-03	0.000000e+00	1.854567e-03
3.200000e+01	3.300000e+01	3.753789e-03	0.000000e+00	1.754086e-03
3.300000e+01	3.400000e+01	3.483314e-03	0.000000e+00	1.669181e-03
3.400000e+01	3.500000e+01	3.249939e-03	0.000000e+00	1.551053e-03
3.500000e+01	3.600000e+01	3.021842e-03	0.000000e+00	1.464424e-03
3.600000e+01	3.700000e+01	2.814688e-03	0.000000e+00	1.369751e-03
3.700000e+01	3.800000e+01	2.627624e-03	0.000000e+00	1.289483e-03
3.800000e+01	3.900000e+01	2.451557e-03	0.000000e+00	1.211963e-03
3.900000e+01	4.000000e+01	2.282601e-03	0.000000e+00	1.145400e-03
4.000000e+01	4.100000e+01	2.133111e-03	0.000000e+00	1.066088e-03
4.100000e+01	4.200000e+01	2.002969e-03	0.000000e+00	9.958360e-04
4.200000e+01	4.300000e+01	1.882613e-03	0.000000e+00	9.330010e-04
4.300000e+01	4.400000e+01	1.750310e-03	0.000000e+00	8.834030e-04
4.400000e+01	4.500000e+01	1.641758e-03	0.000000e+00	8.237970e-04
4.500000e+01	4.600000e+01	1.538552e-03	0.000000e+00	7.827520e-04
4.600000e+01	4.700000e+01	1.441878e-03	0.000000e+00	7.311180e-04
4.700000e+01	4.800000e+01	1.355954e-03	0.000000e+00	6.822820e-04
4.800000e+01	4.900000e+01	1.274640e-03	0.000000e+00	6.435400e-04
4.900000e+01	5.000000e+01	1.199822e-03	0.000000e+00	6.025210e-04
5.000000e+01	5.100000e+01	1.127008e-03	0.000000e+00	5.638690e-04
5.100000e+01	5.200000e+01	1.062893e-03	0.000000e+00	5.402540e-04
5.200000e+01	5.300000e+01	9.948837e-04	0.000000e+00	5.123473e-04
5.300000e+01	5.400000e+01	9.402840e-04	0.000000e+00	4.713620e-04
5.400000e+01	5.500000e+01	8.846283e-04	0.000000e+00	4.520577e-04
5.500000e+01	5.600000e+01	8.334662e-04	0.000000e+00	4.322458e-04
5.600000e+01	5.700000e+01	7.875043e-04	0.000000e+00	3.947997e-04
5.700000e+01	5.800000e+01	7.413593e-04	0.000000e+00	3.796037e-04
5.800000e+01	5.900000e+01	7.048728e-04	0.000000e+00	3.445082e-04
5.900000e+01	6.000000e+01	6.646554e-04	0.000000e+00	3.385006e-04
6.000000e+01	6.100000e+01	6.265343e-04	0.000000e+00	3.188236e-04
6.100000e+01	6.200000e+01	5.999758e-04	0.000000e+00	2.891347e-04
6.200000e+01	6.300000e+01	5.658969e-04	0.000000e+00	2.786420e-04
6.300000e+01	6.400000e+01	5.297005e-04	0.000000e+00	2.669395e-04
6.400000e+01	6.500000e+01	5.073549e-04	0.000000e+00	2.468435e-04
6.500000e+01	6.600000e+01	4.818687e-04	0.000000e+00	2.359518e-04
6.600000e+01	6.700000e+01	4.529742e-04	0.000000e+00	2.266962e-04
6.700000e+01	6.800000e+01	4.322612e-04	0.000000e+00	2.103259e-04
6.800000e+01	6.900000e+01	4.115129e-04	0.000000e+00	1.963415e-04
6.900000e+01	7.000000e+01	3.876500e-04	0.000000e+00	1.868851e-04
7.000000e+01	7.100000e+01	3.673637e-04	0.000000e+00	1.845094e-04
7.100000e+01	7.200000e+01	3.495716e-04	0.000000e+00	1.753238e-04
7.200000e+01	7.300000e+01	3.322894e-04	0.000000e+00	1.666797e-04
7.300000e+01	7.400000e+01	3.174266e-04	0.000000e+00	1.551141e-04
7.400000e+01	7.500000e+01	3.012051e-04	0.000000e+00	1.493159e-04
7.500000e+01	7.600000e+01	2.893959e-04	0.000000e+00	1.379271e-04
7.600000e+01	7.700000e+01	2.697488e-04	0.000000e+00	1.390832e-04
7.700000e+01	7.800000e+01	2.630583e-04	0.000000e+00	1.243778e-04
7.800000e+01	7.900000e+01	2.503909e-04	0.000000e+00	1.169225e-04
7.900000e+01	8.000000e+01	2.365142e-04	0.000000e+00	1.129402e-04
8.000000e+01	8.100000e+01	2.265284e-04	0.000000e+00	1.090828e-04
8.100000e+01	8.200000e+01	2.158193e-04	0.000000e+00	1.030196e-04
8.200000e+01	8.300000e+01	2.091962e-04	0.000000e+00	9.901630e-05
8.300000e+01	8.400000e+01	1.974139e-04	0.000000e+00	9.353270e-05
8.400000e+01	8.500000e+01	1.892201e-04	0.000000e+00	8.730960e-05
8.500000e+01	8.600000e+01	1.811068e-04	0.000000e+00	8.417060e-05
8.600000e+01	8.700000e+01	1.703498e-04	0.000000e+00	8.506800e-05
8.700000e+01	8.800000e+01	1.646224e-04	0.000000e+00	7.897600e-05
8.800000e+01	8.900000e+01	1.574892e-04	0.000000e+00	7.324650e-05
8.900000e+01	9.000000e+01	1.498967e-04	0.000000e+00	7.163950e-05
9.000000e+01	9.100000e+01	1.438800e-04	0.000000e+00	6.596270e-05
9.100000e+01	9.200000e+01	1.362634e-04	0.000000e+00	6.596480e-05
9.200000e+01	9.300000e+01	1.322444e-04	0.000000e+00	6.285230e-05
9.300000e+01	9.400000e+01	1.257262e-04	0.000000e+00	5.700220e-05
9.400000e+01	9.500000e+01	1.205213e-04	0.000000e+00	5.645240e-05
9.500000e+01	9.600000e+01	1.161475e-04	0.000000e+00	5.163420e-05
9.600000e+01	9.700000e+01	1.132810e-04	0.000000e+00	4.836150e-05
9.700000e+01	9.800000e+01	1.067915e-04	0.000000e+00	4.735570e-05
9.800000e+01	9.900000e+01	1.024171e-04	0.000000e+00	4.851570e-05
9.900000e+01	1.000000e+02	9.896999e-05	0.000000e+00	4.143351e-05
# END HISTO1D


# BEGIN HISTO1D //homes/tinghua1/higgs-anomalous/Herwig7/gcc11_install_test/plots/H2Jets-NLO-even-combine.yoda/MC_H2JETS_04_LOOSE/jet1_mass
ErrorBandColor=orange
ErrorBandOpacity=0.3
ErrorBands=1
ErrorBars=1
ErrorType=env
LineColor=orange
LineStyle=solid
Path=//homes/tinghua1/higgs-anomalous/Herwig7/gcc11_install_test/plots/H2Jets-NLO-even-combine.yoda/MC_H2JETS_04_LOOSE/jet1_mass
RatioPlotSameStyle=1
Title=h(2*)-FO
# xlow	 xhigh	 val	 errminus	 errplus
0.000000e+00	1.000000e+00	-2.741878e-01	2.911167e-01	0.000000e+00
1.000000e+00	2.000000e+00	2.498803e-01	0.000000e+00	9.110170e-02
2.000000e+00	3.000000e+00	1.262035e-01	0.000000e+00	3.865370e-02
3.000000e+00	4.000000e+00	8.393200e-02	0.000000e+00	2.342880e-02
4.000000e+00	5.000000e+00	5.701920e-02	0.000000e+00	1.866946e-02
5.000000e+00	6.000000e+00	4.269999e-02	0.000000e+00	1.607636e-02
6.000000e+00	7.000000e+00	3.438066e-02	0.000000e+00	1.185030e-02
7.000000e+00	8.000000e+00	2.674613e-02	0.000000e+00	1.096386e-02
8.000000e+00	9.000000e+00	2.571924e-02	0.000000e+00	4.847920e-03
9.000000e+00	1.000000e+01	1.902014e-02	0.000000e+00	6.529200e-03
1.000000e+01	1.100000e+01	1.541244e-02	0.000000e+00	7.260810e-03
1.100000e+01	1.200000e+01	1.404319e-02	0.000000e+00	4.868170e-03
1.200000e+01	1.300000e+01	1.250962e-02	0.000000e+00	3.043510e-03
1.300000e+01	1.400000e+01	1.076695e-02	0.000000e+00	4.205480e-03
1.400000e+01	1.500000e+01	1.001871e-02	0.000000e+00	2.562920e-03
1.500000e+01	1.600000e+01	8.560794e-03	0.000000e+00	2.752876e-03
1.600000e+01	1.700000e+01	7.524532e-03	0.000000e+00	3.024418e-03
1.700000e+01	1.800000e+01	7.541570e-03	0.000000e+00	1.791372e-03
1.800000e+01	1.900000e+01	6.238358e-03	0.000000e+00	1.811308e-03
1.900000e+01	2.000000e+01	5.689531e-03	0.000000e+00	2.375880e-03
2.000000e+01	2.100000e+01	5.428586e-03	0.000000e+00	1.349561e-03
2.100000e+01	2.200000e+01	4.543688e-03	0.000000e+00	2.018141e-03
2.200000e+01	2.300000e+01	4.476043e-03	0.000000e+00	1.293398e-03
2.300000e+01	2.400000e+01	3.774245e-03	0.000000e+00	1.428243e-03
2.400000e+01	2.500000e+01	3.507985e-03	0.000000e+00	1.272651e-03
2.500000e+01	2.600000e+01	3.377606e-03	0.000000e+00	9.606180e-04
2.600000e+01	2.700000e+01	3.137479e-03	0.000000e+00	9.752430e-04
2.700000e+01	2.800000e+01	2.695369e-03	0.000000e+00	9.857660e-04
2.800000e+01	2.900000e+01	2.598129e-03	0.000000e+00	6.870370e-04
2.900000e+01	3.000000e+01	2.346330e-03	0.000000e+00	9.192230e-04
3.000000e+01	3.100000e+01	2.166293e-03	0.000000e+00	8.302040e-04
3.100000e+01	3.200000e+01	2.011789e-03	0.000000e+00	6.569460e-04
3.200000e+01	3.300000e+01	1.832531e-03	0.000000e+00	7.026680e-04
3.300000e+01	3.400000e+01	1.807956e-03	0.000000e+00	4.719490e-04
3.400000e+01	3.500000e+01	1.567847e-03	0.000000e+00	6.440710e-04
3.500000e+01	3.600000e+01	1.461876e-03	0.000000e+00	6.059410e-04
3.600000e+01	3.700000e+01	1.411289e-03	0.000000e+00	5.805610e-04
3.700000e+01	3.800000e+01	1.323354e-03	0.000000e+00	4.952380e-04
3.800000e+01	3.900000e+01	1.265217e-03	0.000000e+00	4.819940e-04
3.900000e+01	4.000000e+01	1.151981e-03	0.000000e+00	3.948770e-04
4.000000e+01	4.100000e+01	1.022914e-03	0.000000e+00	3.410230e-04
4.100000e+01	4.200000e+01	1.053358e-03	0.000000e+00	3.522070e-04
4.200000e+01	4.300000e+01	9.515525e-04	0.000000e+00	2.568875e-04
4.300000e+01	4.400000e+01	8.710514e-04	0.000000e+00	3.228126e-04
4.400000e+01	4.500000e+01	7.757663e-04	0.000000e+00	3.712457e-04
4.500000e+01	4.600000e+01	7.921220e-04	0.000000e+00	2.698020e-04
4.600000e+01	4.700000e+01	7.292414e-04	0.000000e+00	2.302541e-04
4.700000e+01	4.800000e+01	7.011337e-04	0.000000e+00	2.512753e-04
4.800000e+01	4.900000e+01	7.723406e-04	1.809980e-05	1.738075e-04
4.900000e+01	5.000000e+01	5.797255e-04	0.000000e+00	2.746101e-04
5.000000e+01	5.100000e+01	5.516942e-04	0.000000e+00	2.383016e-04
5.100000e+01	5.200000e+01	5.330544e-04	0.000000e+00	1.581884e-04
5.200000e+01	5.300000e+01	4.785742e-04	0.000000e+00	2.267337e-04
5.300000e+01	5.400000e+01	4.531606e-04	0.000000e+00	1.832419e-04
5.400000e+01	5.500000e+01	4.403661e-04	0.000000e+00	2.070222e-04
5.500000e+01	5.600000e+01	4.027996e-04	0.000000e+00	1.492757e-04
5.600000e+01	5.700000e+01	3.823813e-04	0.000000e+00	1.636493e-04
5.700000e+01	5.800000e+01	3.754937e-04	0.000000e+00	1.260115e-04
5.800000e+01	5.900000e+01	4.651910e-04	6.463830e-05	1.025881e-04
5.900000e+01	6.000000e+01	3.635307e-04	0.000000e+00	2.596686e-04
6.000000e+01	6.100000e+01	3.158395e-04	0.000000e+00	1.610594e-04
6.100000e+01	6.200000e+01	3.487087e-04	0.000000e+00	5.660420e-05
6.200000e+01	6.300000e+01	2.645371e-04	0.000000e+00	1.181949e-04
6.300000e+01	6.400000e+01	2.697038e-04	0.000000e+00	9.606090e-05
6.400000e+01	6.500000e+01	2.516508e-04	0.000000e+00	1.050044e-04
6.500000e+01	6.600000e+01	2.382027e-04	0.000000e+00	6.839960e-05
6.600000e+01	6.700000e+01	2.576876e-04	0.000000e+00	9.596530e-05
6.700000e+01	6.800000e+01	2.444682e-04	0.000000e+00	1.098989e-04
6.800000e+01	6.900000e+01	2.236456e-04	5.665700e-06	6.215390e-05
6.900000e+01	7.000000e+01	2.077467e-04	0.000000e+00	7.045440e-05
7.000000e+01	7.100000e+01	1.869718e-04	0.000000e+00	7.974510e-05
7.100000e+01	7.200000e+01	1.704805e-04	0.000000e+00	7.125740e-05
7.200000e+01	7.300000e+01	1.681745e-04	0.000000e+00	1.059184e-04
7.300000e+01	7.400000e+01	1.861344e-04	1.873200e-06	4.582250e-05
7.400000e+01	7.500000e+01	1.484555e-04	0.000000e+00	9.500880e-05
7.500000e+01	7.600000e+01	1.460998e-04	0.000000e+00	5.014790e-05
7.600000e+01	7.700000e+01	1.650307e-04	0.000000e+00	4.568840e-05
7.700000e+01	7.800000e+01	1.464658e-04	0.000000e+00	6.402980e-05
7.800000e+01	7.900000e+01	1.294071e-04	0.000000e+00	7.611660e-05
7.900000e+01	8.000000e+01	1.543847e-04	1.934000e-07	2.091280e-05
8.000000e+01	8.100000e+01	1.251624e-04	0.000000e+00	3.194380e-05
8.100000e+01	8.200000e+01	1.027180e-04	0.000000e+00	5.367440e-05
8.200000e+01	8.300000e+01	1.070866e-04	0.000000e+00	3.235600e-05
8.300000e+01	8.400000e+01	1.095595e-04	0.000000e+00	3.593870e-05
8.400000e+01	8.500000e+01	9.307335e-05	0.000000e+00	4.371975e-05
8.500000e+01	8.600000e+01	9.801379e-05	0.000000e+00	3.540051e-05
8.600000e+01	8.700000e+01	9.833934e-05	0.000000e+00	2.418846e-05
8.700000e+01	8.800000e+01	8.304258e-05	0.000000e+00	4.135522e-05
8.800000e+01	8.900000e+01	8.649540e-05	0.000000e+00	2.197030e-05
8.900000e+01	9.000000e+01	8.564763e-05	0.000000e+00	2.602607e-05
9.000000e+01	9.100000e+01	8.124957e-05	0.000000e+00	2.624333e-05
9.100000e+01	9.200000e+01	6.934041e-05	0.000000e+00	5.612269e-05
9.200000e+01	9.300000e+01	8.543076e-05	0.000000e+00	1.459344e-05
9.300000e+01	9.400000e+01	6.652830e-05	0.000000e+00	4.871380e-05
9.400000e+01	9.500000e+01	6.809022e-05	0.000000e+00	1.753318e-05
9.500000e+01	9.600000e+01	6.509627e-05	6.682500e-07	1.795098e-05
9.600000e+01	9.700000e+01	5.175616e-05	0.000000e+00	6.887344e-05
9.700000e+01	9.800000e+01	5.494263e-05	0.000000e+00	2.064751e-05
9.800000e+01	9.900000e+01	5.210084e-05	0.000000e+00	4.719241e-05
9.900000e+01	1.000000e+02	5.923166e-05	5.043410e-06	2.047902e-05
# END HISTO1D

